# time 	Local 	Global 	Cumulative
1.0 	5.62934e-08 	-1.35175e-20 	8.28868e-17
2.0 	2.46304e-08 	1.53474e-19 	8.30403e-17
3.0 	9.22628e-09 	4.58445e-19 	8.34987e-17
4.0 	8.11067e-09 	5.24837e-20 	8.35512e-17
5.0 	3.25655e-09 	1.22983e-19 	8.36742e-17
6.0 	4.73652e-09 	5.58801e-20 	8.373e-17
7.0 	4.42052e-09 	1.33008e-19 	8.38631e-17
8.0 	3.02046e-09 	-1.04804e-20 	8.38526e-17
9.0 	3.28196e-09 	6.75194e-20 	8.39201e-17
10.0 	3.12783e-09 	7.2034e-20 	8.39921e-17
11.0 	2.90445e-09 	-7.36119e-20 	8.39185e-17
12.0 	2.94659e-09 	1.36194e-19 	8.40547e-17
13.0 	3.09173e-09 	-2.67044e-20 	8.4028e-17
14.0 	3.1704e-09 	2.00415e-19 	8.42284e-17
15.0 	3.2012e-09 	9.90661e-20 	8.43275e-17
16.0 	3.25426e-09 	1.89245e-19 	8.45167e-17
17.0 	3.34824e-09 	1.5086e-19 	8.46676e-17
18.0 	1.97879e-09 	-1.97216e-20 	8.46479e-17
19.0 	1.74467e-09 	2.582e-19 	8.49061e-17
20.0 	1.62592e-09 	-6.16675e-20 	8.48444e-17
21.0 	1.63561e-09 	3.71992e-20 	8.48816e-17
22.0 	1.65911e-09 	2.54402e-19 	8.5136e-17
23.0 	1.65199e-09 	1.33698e-20 	8.51494e-17
24.0 	1.63066e-09 	-3.27516e-19 	8.48219e-17
25.0 	1.79406e-09 	2.44128e-19 	8.5066e-17
26.0 	1.80002e-09 	-8.28261e-20 	8.49832e-17
27.0 	1.799e-09 	7.21406e-20 	8.50553e-17
28.0 	1.79932e-09 	1.26016e-19 	8.51813e-17
29.0 	1.79916e-09 	1.84689e-20 	8.51998e-17
30.0 	1.80211e-09 	-8.67107e-20 	8.51131e-17
31.0 	1.68837e-09 	8.97041e-20 	8.52028e-17
32.0 	2.60312e-09 	-9e-20 	8.51128e-17
33.0 	2.71093e-09 	-5.46156e-20 	8.50582e-17
34.0 	2.70068e-09 	-1.8539e-20 	8.50396e-17
35.0 	2.75016e-09 	-1.09838e-19 	8.49298e-17
36.0 	2.79217e-09 	-1.32362e-19 	8.47974e-17
37.0 	2.81969e-09 	-7.42175e-20 	8.47232e-17
38.0 	2.84593e-09 	-2.26657e-19 	8.44966e-17
39.0 	2.8724e-09 	9.81618e-20 	8.45947e-17
40.0 	2.89188e-09 	-4.60203e-20 	8.45487e-17
41.0 	2.66166e-09 	-1.07971e-19 	8.44407e-17
42.0 	2.53891e-09 	2.70915e-19 	8.47116e-17
43.0 	2.56793e-09 	-4.37588e-20 	8.46679e-17
44.0 	2.58621e-09 	2.55198e-19 	8.49231e-17
45.0 	2.58868e-09 	6.4958e-20 	8.4988e-17
46.0 	2.45399e-09 	9.71592e-20 	8.50852e-17
47.0 	2.77128e-09 	-8.91074e-20 	8.49961e-17
48.0 	3.23028e-09 	3.91178e-19 	8.53873e-17
49.0 	2.45591e-09 	-9.77133e-21 	8.53775e-17
50.0 	2.69574e-09 	-1.50123e-19 	8.52274e-17
51.0 	2.45522e-09 	-1.9982e-19 	8.50275e-17
52.0 	2.71245e-09 	1.49353e-19 	8.51769e-17
53.0 	2.43207e-09 	-1.21953e-19 	8.50549e-17
54.0 	2.65522e-09 	2.40283e-19 	8.52952e-17
55.0 	2.51572e-09 	-7.17555e-20 	8.52235e-17
56.0 	2.49938e-09 	1.9994e-20 	8.52435e-17
57.0 	2.52256e-09 	-2.74514e-19 	8.4969e-17
58.0 	2.98835e-09 	-5.68064e-21 	8.49633e-17
59.0 	2.99309e-09 	1.70677e-20 	8.49803e-17
60.0 	2.96541e-09 	1.69145e-19 	8.51495e-17
61.0 	2.94644e-09 	1.70334e-19 	8.53198e-17
62.0 	2.51325e-09 	8.17233e-20 	8.54015e-17
63.0 	2.49216e-09 	2.23654e-20 	8.54239e-17
64.0 	2.36077e-09 	2.44914e-19 	8.56688e-17
65.0 	2.36649e-09 	-6.97751e-20 	8.55991e-17
66.0 	2.35815e-09 	-1.13321e-19 	8.54857e-17
67.0 	2.34601e-09 	1.29955e-19 	8.56157e-17
68.0 	2.33466e-09 	1.3161e-20 	8.56288e-17
69.0 	2.32599e-09 	3.65681e-20 	8.56654e-17
70.0 	2.31955e-09 	-1.00697e-19 	8.55647e-17
71.0 	2.31551e-09 	-1.58676e-19 	8.5406e-17
72.0 	2.31516e-09 	1.67255e-19 	8.55733e-17
73.0 	2.31854e-09 	-1.42029e-20 	8.55591e-17
74.0 	2.32313e-09 	-1.70166e-19 	8.53889e-17
75.0 	2.32757e-09 	-4.61472e-20 	8.53428e-17
76.0 	2.33433e-09 	5.29748e-20 	8.53958e-17
77.0 	2.3899e-09 	2.01303e-20 	8.54159e-17
78.0 	2.81412e-09 	2.66354e-19 	8.56822e-17
79.0 	2.21231e-09 	1.13591e-19 	8.57958e-17
80.0 	2.20553e-09 	-4.19605e-20 	8.57539e-17
81.0 	2.15049e-09 	2.86546e-19 	8.60404e-17
82.0 	2.14525e-09 	3.08747e-20 	8.60713e-17
83.0 	2.15246e-09 	4.18056e-20 	8.61131e-17
84.0 	2.15243e-09 	2.41704e-19 	8.63548e-17
85.0 	2.14795e-09 	-1.0381e-19 	8.6251e-17
86.0 	2.19355e-09 	2.4671e-19 	8.64977e-17
87.0 	2.1468e-09 	1.88817e-19 	8.66865e-17
88.0 	2.17539e-09 	2.08291e-19 	8.68948e-17
89.0 	2.20613e-09 	1.52507e-19 	8.70473e-17
90.0 	2.222e-09 	6.1508e-20 	8.71088e-17
91.0 	2.23653e-09 	-6.05882e-20 	8.70482e-17
92.0 	2.26381e-09 	-1.58121e-19 	8.68901e-17
93.0 	2.28437e-09 	6.53766e-20 	8.69555e-17
94.0 	2.31317e-09 	1.75848e-19 	8.71313e-17
95.0 	2.34623e-09 	-2.43998e-20 	8.71069e-17
96.0 	2.38013e-09 	-1.30092e-19 	8.69768e-17
97.0 	2.41904e-09 	3.76e-20 	8.70144e-17
98.0 	2.52904e-09 	-3.26144e-20 	8.69818e-17
99.0 	2.41338e-09 	-1.85185e-19 	8.67966e-17
100.0 	2.44731e-09 	3.3429e-20 	8.68301e-17
101.0 	2.49307e-09 	1.99613e-20 	8.685e-17
102.0 	2.53308e-09 	1.77583e-19 	8.70276e-17
103.0 	2.56884e-09 	1.4694e-20 	8.70423e-17
104.0 	2.60423e-09 	-1.85371e-19 	8.68569e-17
105.0 	2.63962e-09 	-3.98718e-20 	8.68171e-17
106.0 	2.66387e-09 	-1.48028e-19 	8.6669e-17
107.0 	2.70127e-09 	3.76918e-20 	8.67067e-17
108.0 	2.73784e-09 	6.28089e-20 	8.67695e-17
109.0 	2.77053e-09 	1.95134e-19 	8.69647e-17
110.0 	2.80099e-09 	2.47213e-19 	8.72119e-17
111.0 	2.82856e-09 	1.71316e-19 	8.73832e-17
112.0 	2.85456e-09 	-5.65865e-21 	8.73775e-17
113.0 	2.87601e-09 	-5.3913e-20 	8.73236e-17
114.0 	2.89575e-09 	1.4004e-19 	8.74637e-17
115.0 	2.91217e-09 	-5.99809e-20 	8.74037e-17
116.0 	2.92498e-09 	1.22646e-19 	8.75263e-17
117.0 	2.93403e-09 	1.44165e-19 	8.76705e-17
118.0 	2.94027e-09 	1.1316e-20 	8.76818e-17
119.0 	2.9426e-09 	-1.6388e-19 	8.75179e-17
120.0 	2.9413e-09 	1.04672e-19 	8.76226e-17
121.0 	2.9358e-09 	4.98451e-21 	8.76276e-17
122.0 	2.77232e-09 	2.17895e-21 	8.76298e-17
123.0 	2.77406e-09 	7.14178e-20 	8.77012e-17
124.0 	2.78815e-09 	1.31021e-19 	8.78322e-17
125.0 	2.79652e-09 	3.38866e-19 	8.81711e-17
126.0 	2.80319e-09 	1.39584e-19 	8.83107e-17
127.0 	2.62313e-09 	2.23804e-19 	8.85345e-17
128.0 	2.49994e-09 	-3.7366e-19 	8.81608e-17
129.0 	2.49001e-09 	-2.26279e-21 	8.81585e-17
130.0 	2.59383e-09 	3.28745e-19 	8.84873e-17
131.0 	2.55024e-09 	-9.93798e-20 	8.83879e-17
132.0 	2.50109e-09 	-1.25224e-19 	8.82627e-17
133.0 	2.4554e-09 	1.25587e-19 	8.83883e-17
134.0 	2.41335e-09 	-5.07626e-20 	8.83375e-17
135.0 	2.37514e-09 	-2.18982e-19 	8.81185e-17
136.0 	2.34133e-09 	7.28754e-20 	8.81914e-17
137.0 	2.31193e-09 	-9.00781e-21 	8.81824e-17
138.0 	2.28737e-09 	9.90486e-20 	8.82814e-17
139.0 	2.48192e-09 	-2.06586e-20 	8.82608e-17
140.0 	2.43593e-09 	-1.51468e-20 	8.82456e-17
141.0 	2.383e-09 	-1.18704e-19 	8.81269e-17
142.0 	2.51829e-09 	6.13508e-20 	8.81883e-17
143.0 	2.50237e-09 	-1.09431e-20 	8.81773e-17
144.0 	2.47612e-09 	2.07813e-20 	8.81981e-17
145.0 	2.4468e-09 	2.24021e-19 	8.84221e-17
146.0 	2.41734e-09 	-9.47322e-21 	8.84127e-17
147.0 	2.39039e-09 	2.37051e-20 	8.84364e-17
148.0 	2.3651e-09 	4.36666e-20 	8.848e-17
149.0 	2.3391e-09 	-1.24596e-19 	8.83555e-17
150.0 	2.30604e-09 	-1.27803e-19 	8.82276e-17
151.0 	2.27858e-09 	2.109e-20 	8.82487e-17
152.0 	2.24946e-09 	6.4117e-20 	8.83129e-17
153.0 	1.97471e-09 	1.06539e-19 	8.84194e-17
154.0 	1.95291e-09 	2.71799e-19 	8.86912e-17
155.0 	1.9105e-09 	-1.91173e-19 	8.85e-17
156.0 	1.86109e-09 	-1.74461e-19 	8.83256e-17
157.0 	1.8205e-09 	-4.32994e-20 	8.82823e-17
158.0 	1.86756e-09 	2.20714e-19 	8.8503e-17
159.0 	1.78184e-09 	3.29998e-20 	8.8536e-17
160.0 	1.74755e-09 	3.51365e-20 	8.85711e-17
161.0 	1.71913e-09 	-6.36279e-20 	8.85075e-17
162.0 	1.74255e-09 	-1.79764e-20 	8.84895e-17
163.0 	1.7557e-09 	-1.00097e-19 	8.83894e-17
164.0 	1.76481e-09 	-2.11695e-19 	8.81777e-17
165.0 	1.70039e-09 	-1.40225e-19 	8.80375e-17
166.0 	1.70332e-09 	2.0969e-19 	8.82472e-17
167.0 	1.71491e-09 	-2.39181e-19 	8.8008e-17
168.0 	1.72796e-09 	1.67843e-19 	8.81758e-17
169.0 	1.74151e-09 	-3.3045e-19 	8.78454e-17
170.0 	1.75476e-09 	-1.19075e-19 	8.77263e-17
171.0 	1.76757e-09 	-1.03382e-19 	8.76229e-17
172.0 	1.7798e-09 	5.59808e-20 	8.76789e-17
173.0 	1.78829e-09 	-1.90598e-19 	8.74883e-17
174.0 	1.79727e-09 	2.60291e-19 	8.77486e-17
175.0 	1.80439e-09 	7.57493e-20 	8.78244e-17
176.0 	1.81006e-09 	3.39075e-19 	8.81634e-17
177.0 	1.81499e-09 	7.31496e-21 	8.81707e-17
178.0 	1.72792e-09 	1.67333e-19 	8.83381e-17
179.0 	1.72758e-09 	-2.41381e-19 	8.80967e-17
180.0 	1.72692e-09 	-8.26982e-20 	8.8014e-17
181.0 	1.99207e-09 	-2.83398e-20 	8.79857e-17
182.0 	2.00989e-09 	2.83176e-20 	8.8014e-17
183.0 	2.01343e-09 	-3.99508e-20 	8.7974e-17
184.0 	2.01269e-09 	-2.40582e-21 	8.79716e-17
185.0 	2.01402e-09 	1.33373e-19 	8.8105e-17
186.0 	2.01593e-09 	2.93329e-20 	8.81343e-17
187.0 	2.01817e-09 	8.57254e-20 	8.82201e-17
188.0 	2.0208e-09 	2.8189e-20 	8.82482e-17
189.0 	2.02423e-09 	2.35923e-19 	8.84842e-17
190.0 	2.01842e-09 	-3.19847e-19 	8.81643e-17
191.0 	2.0232e-09 	1.17248e-19 	8.82816e-17
192.0 	2.02936e-09 	-9.41814e-20 	8.81874e-17
193.0 	2.03606e-09 	-4.06734e-20 	8.81467e-17
194.0 	2.04371e-09 	-3.20548e-19 	8.78262e-17
195.0 	2.05225e-09 	-5.22987e-20 	8.77739e-17
196.0 	2.06118e-09 	-5.87648e-20 	8.77151e-17
197.0 	2.07037e-09 	-1.68882e-19 	8.75462e-17
198.0 	2.07992e-09 	2.74429e-19 	8.78206e-17
199.0 	2.0901e-09 	1.49109e-19 	8.79698e-17
200.0 	2.10084e-09 	1.40973e-19 	8.81107e-17
201.0 	1.78189e-09 	6.82958e-20 	8.8179e-17
202.0 	1.78814e-09 	-7.58052e-20 	8.81032e-17
203.0 	1.79725e-09 	1.35132e-19 	8.82384e-17
204.0 	1.80564e-09 	2.34775e-19 	8.84731e-17
205.0 	1.81383e-09 	-4.55151e-20 	8.84276e-17
206.0 	1.82141e-09 	-1.28929e-19 	8.82987e-17
207.0 	1.8286e-09 	2.69648e-19 	8.85683e-17
208.0 	1.83619e-09 	4.06893e-20 	8.8609e-17
209.0 	1.844e-09 	1.00374e-19 	8.87094e-17
210.0 	1.85256e-09 	3.80357e-20 	8.87474e-17
211.0 	1.86129e-09 	-2.98445e-19 	8.8449e-17
212.0 	1.8694e-09 	1.23921e-19 	8.85729e-17
213.0 	1.87681e-09 	2.94661e-19 	8.88676e-17
214.0 	1.88361e-09 	3.28896e-20 	8.89005e-17
215.0 	1.88999e-09 	-2.15327e-19 	8.86851e-17
216.0 	1.89535e-09 	-4.05289e-20 	8.86446e-17
217.0 	1.8999e-09 	-1.07502e-19 	8.85371e-17
218.0 	1.90395e-09 	1.49718e-19 	8.86868e-17
219.0 	1.90748e-09 	-9.73029e-20 	8.85895e-17
220.0 	1.91077e-09 	2.45406e-19 	8.88349e-17
221.0 	1.91468e-09 	1.34083e-19 	8.8969e-17
222.0 	1.90067e-09 	-1.40991e-19 	8.8828e-17
223.0 	1.91666e-09 	2.4167e-20 	8.88522e-17
224.0 	1.91995e-09 	-7.18518e-20 	8.87803e-17
225.0 	1.92245e-09 	1.90328e-19 	8.89707e-17
226.0 	1.92482e-09 	1.57901e-19 	8.91286e-17
227.0 	1.7726e-09 	2.12339e-20 	8.91498e-17
228.0 	1.78088e-09 	1.19258e-19 	8.9269e-17
229.0 	1.79654e-09 	9.96033e-20 	8.93686e-17
230.0 	1.81142e-09 	6.25692e-21 	8.93749e-17
231.0 	1.82496e-09 	-1.9727e-19 	8.91776e-17
232.0 	1.83684e-09 	7.57461e-21 	8.91852e-17
233.0 	1.78265e-09 	4.1072e-20 	8.92263e-17
234.0 	1.79684e-09 	-2.11213e-20 	8.92052e-17
235.0 	1.8161e-09 	9.45993e-20 	8.92998e-17
236.0 	1.83549e-09 	-6.91064e-20 	8.92307e-17
237.0 	1.855e-09 	-5.42397e-20 	8.91764e-17
238.0 	1.87286e-09 	6.51791e-20 	8.92416e-17
239.0 	1.89073e-09 	-1.57921e-20 	8.92258e-17
240.0 	1.90836e-09 	-3.13727e-19 	8.89121e-17
241.0 	1.92558e-09 	1.12584e-19 	8.90247e-17
242.0 	1.94267e-09 	-1.08551e-19 	8.89161e-17
243.0 	1.95852e-09 	6.11748e-20 	8.89773e-17
244.0 	1.97467e-09 	2.0534e-19 	8.91826e-17
245.0 	1.9902e-09 	1.48633e-19 	8.93313e-17
246.0 	1.83872e-09 	3.48336e-20 	8.93661e-17
247.0 	2.00067e-09 	-4.15722e-20 	8.93245e-17
248.0 	1.83793e-09 	2.37881e-19 	8.95624e-17
249.0 	1.80963e-09 	-3.84292e-20 	8.9524e-17
250.0 	1.78923e-09 	-5.35421e-20 	8.94704e-17
251.0 	1.86729e-09 	-6.72799e-20 	8.94031e-17
252.0 	1.87843e-09 	-1.13703e-19 	8.92894e-17
253.0 	1.88407e-09 	5.15777e-20 	8.9341e-17
254.0 	2.12115e-09 	4.24968e-19 	8.9766e-17
255.0 	2.10106e-09 	-1.37715e-19 	8.96283e-17
256.0 	2.09829e-09 	1.13497e-19 	8.97418e-17
257.0 	1.88343e-09 	-7.16569e-20 	8.96701e-17
258.0 	1.88339e-09 	1.0991e-19 	8.978e-17
259.0 	1.89115e-09 	5.93238e-21 	8.9786e-17
260.0 	1.90621e-09 	2.02452e-19 	8.99884e-17
261.0 	1.91969e-09 	-8.73572e-20 	8.99011e-17
262.0 	1.92943e-09 	1.46235e-19 	9.00473e-17
263.0 	1.93191e-09 	3.33798e-19 	9.03811e-17
264.0 	1.94026e-09 	1.95162e-19 	9.05762e-17
265.0 	1.75788e-09 	4.70615e-20 	9.06233e-17
266.0 	1.74882e-09 	1.07949e-19 	9.07313e-17
267.0 	1.73493e-09 	3.19591e-19 	9.10508e-17
268.0 	1.72194e-09 	-7.15726e-20 	9.09793e-17
269.0 	1.70552e-09 	-9.49686e-20 	9.08843e-17
270.0 	1.6856e-09 	-2.03286e-19 	9.0681e-17
271.0 	1.66301e-09 	-7.70641e-21 	9.06733e-17
272.0 	1.63939e-09 	1.03664e-20 	9.06837e-17
273.0 	1.61207e-09 	-1.19565e-19 	9.05641e-17
274.0 	1.5835e-09 	1.61273e-19 	9.07254e-17
275.0 	1.55424e-09 	4.14183e-20 	9.07668e-17
276.0 	1.52525e-09 	9.45241e-20 	9.08613e-17
277.0 	1.49527e-09 	1.82794e-19 	9.10441e-17
278.0 	1.46507e-09 	5.05953e-20 	9.10947e-17
279.0 	1.43414e-09 	-4.32679e-20 	9.10515e-17
280.0 	1.40266e-09 	1.26808e-19 	9.11783e-17
281.0 	1.37102e-09 	-2.88949e-19 	9.08893e-17
282.0 	1.33966e-09 	9.87015e-20 	9.0988e-17
283.0 	1.27205e-09 	-1.51645e-19 	9.08364e-17
284.0 	1.43537e-09 	-5.419e-20 	9.07822e-17
285.0 	1.41502e-09 	-2.38644e-20 	9.07583e-17
286.0 	1.43067e-09 	1.06332e-19 	9.08646e-17
287.0 	1.34903e-09 	-2.57015e-19 	9.06076e-17
288.0 	1.3595e-09 	1.03035e-19 	9.07107e-17
289.0 	1.30813e-09 	3.59057e-20 	9.07466e-17
290.0 	1.27201e-09 	9.24325e-20 	9.0839e-17
291.0 	1.23606e-09 	-6.53936e-22 	9.08383e-17
292.0 	1.19893e-09 	-1.63523e-19 	9.06748e-17
293.0 	1.16189e-09 	-4.43176e-20 	9.06305e-17
294.0 	1.12416e-09 	9.75599e-20 	9.07281e-17
295.0 	1.08711e-09 	2.19985e-19 	9.09481e-17
296.0 	1.05062e-09 	-1.87823e-19 	9.07602e-17
297.0 	1.01448e-09 	1.39917e-19 	9.09001e-17
298.0 	9.79257e-10 	-1.56843e-19 	9.07433e-17
299.0 	9.45062e-10 	2.7286e-20 	9.07706e-17
300.0 	9.1195e-10 	2.20808e-19 	9.09914e-17
301.0 	8.798e-10 	1.00337e-19 	9.10917e-17
302.0 	8.47884e-10 	-8.60819e-20 	9.10057e-17
303.0 	7.98102e-10 	-6.10351e-20 	9.09446e-17
304.0 	7.70756e-10 	2.21403e-19 	9.1166e-17
305.0 	8.64048e-10 	-2.06155e-20 	9.11454e-17
306.0 	8.50287e-10 	-2.24382e-20 	9.1123e-17
307.0 	8.32055e-10 	-1.24423e-20 	9.11105e-17
308.0 	8.1349e-10 	1.981e-19 	9.13086e-17
309.0 	8.90184e-10 	1.12574e-19 	9.14212e-17
310.0 	7.84323e-10 	-4.59347e-20 	9.13753e-17
311.0 	8.55907e-10 	-3.95462e-20 	9.13357e-17
312.0 	7.51467e-10 	1.9532e-20 	9.13552e-17
313.0 	8.26558e-10 	-7.62574e-21 	9.13476e-17
314.0 	8.3856e-10 	1.01057e-19 	9.14487e-17
315.0 	8.2661e-10 	5.58593e-20 	9.15045e-17
316.0 	8.11505e-10 	1.32374e-20 	9.15178e-17
317.0 	7.975e-10 	2.52642e-19 	9.17704e-17
318.0 	7.85114e-10 	1.21637e-19 	9.18921e-17
319.0 	7.73729e-10 	9.0394e-20 	9.19824e-17
320.0 	7.62464e-10 	1.07068e-19 	9.20895e-17
321.0 	7.51075e-10 	-3.83318e-20 	9.20512e-17
322.0 	7.39845e-10 	4.35849e-19 	9.2487e-17
323.0 	7.28855e-10 	1.98065e-19 	9.26851e-17
324.0 	7.1823e-10 	-1.68395e-19 	9.25167e-17
325.0 	7.07561e-10 	2.21449e-19 	9.27382e-17
326.0 	6.96633e-10 	-2.34097e-20 	9.27147e-17
327.0 	6.85674e-10 	4.4636e-20 	9.27594e-17
328.0 	6.74801e-10 	8.72551e-20 	9.28466e-17
329.0 	6.64177e-10 	-2.97108e-20 	9.28169e-17
330.0 	6.52096e-10 	-1.74979e-19 	9.26419e-17
331.0 	6.41037e-10 	-1.09346e-19 	9.25326e-17
332.0 	6.29863e-10 	-2.78339e-19 	9.22543e-17
333.0 	6.18903e-10 	-1.91171e-19 	9.20631e-17
334.0 	6.08094e-10 	9.49364e-20 	9.2158e-17
335.0 	5.98263e-10 	-1.02282e-20 	9.21478e-17
336.0 	9.24778e-10 	2.58205e-19 	9.2406e-17
337.0 	9.05193e-10 	5.1446e-20 	9.24574e-17
338.0 	8.84657e-10 	9.26674e-21 	9.24667e-17
339.0 	8.68072e-10 	-2.49069e-19 	9.22176e-17
340.0 	8.5337e-10 	-8.09181e-21 	9.22096e-17
341.0 	8.39705e-10 	5.97128e-20 	9.22693e-17
342.0 	8.26339e-10 	3.86525e-20 	9.23079e-17
343.0 	8.12161e-10 	8.14795e-20 	9.23894e-17
344.0 	7.97984e-10 	-5.75421e-20 	9.23319e-17
345.0 	7.84348e-10 	1.10457e-20 	9.23429e-17
346.0 	7.71443e-10 	4.87011e-20 	9.23916e-17
347.0 	7.60825e-10 	3.91666e-20 	9.24308e-17
348.0 	7.50491e-10 	-8.32043e-20 	9.23476e-17
349.0 	6.3299e-10 	5.77104e-21 	9.23533e-17
350.0 	7.40608e-10 	-5.72119e-20 	9.22961e-17
351.0 	5.78318e-10 	1.01657e-19 	9.23978e-17
352.0 	5.6434e-10 	1.88009e-19 	9.25858e-17
353.0 	5.59239e-10 	2.93688e-20 	9.26152e-17
354.0 	6.03305e-10 	-1.62163e-19 	9.2453e-17
355.0 	6.02116e-10 	4.08544e-19 	9.28615e-17
356.0 	5.92171e-10 	4.91306e-21 	9.28665e-17
357.0 	5.83633e-10 	1.81586e-19 	9.3048e-17
358.0 	5.7557e-10 	-1.26429e-19 	9.29216e-17
359.0 	5.6787e-10 	-1.8642e-19 	9.27352e-17
360.0 	5.60065e-10 	2.08748e-19 	9.29439e-17
361.0 	5.5206e-10 	4.12133e-20 	9.29852e-17
362.0 	5.44026e-10 	-1.29076e-19 	9.28561e-17
363.0 	5.36685e-10 	-1.12346e-19 	9.27437e-17
364.0 	5.29121e-10 	7.04351e-20 	9.28142e-17
365.0 	5.17523e-10 	-1.64369e-19 	9.26498e-17
366.0 	5.10102e-10 	-1.07799e-19 	9.2542e-17
367.0 	5.03256e-10 	7.54144e-20 	9.26174e-17
368.0 	4.95638e-10 	-1.33937e-20 	9.2604e-17
369.0 	4.89088e-10 	-1.76539e-19 	9.24275e-17
370.0 	5.77874e-10 	-2.19286e-20 	9.24056e-17
371.0 	5.80896e-10 	2.09878e-19 	9.26154e-17
372.0 	5.78952e-10 	2.85216e-19 	9.29006e-17
373.0 	5.77445e-10 	-4.37585e-20 	9.28569e-17
374.0 	5.75768e-10 	-2.7868e-19 	9.25782e-17
375.0 	5.73911e-10 	4.79511e-20 	9.26262e-17
376.0 	5.70103e-10 	-4.56794e-21 	9.26216e-17
377.0 	5.76535e-10 	7.30545e-20 	9.26946e-17
378.0 	5.74567e-10 	-1.21781e-19 	9.25729e-17
379.0 	5.67482e-10 	4.46877e-19 	9.30197e-17
380.0 	5.65309e-10 	-4.35315e-20 	9.29762e-17
381.0 	5.61402e-10 	2.72267e-20 	9.30034e-17
382.0 	5.57348e-10 	-4.47434e-20 	9.29587e-17
383.0 	5.5252e-10 	2.6239e-19 	9.32211e-17
384.0 	5.45444e-10 	2.27953e-19 	9.3449e-17
385.0 	5.40529e-10 	2.52175e-19 	9.37012e-17
386.0 	5.35894e-10 	-8.97625e-20 	9.36114e-17
387.0 	5.31305e-10 	2.53782e-19 	9.38652e-17
388.0 	5.26765e-10 	-1.37357e-19 	9.37279e-17
389.0 	5.22317e-10 	2.65854e-19 	9.39937e-17
390.0 	5.17898e-10 	1.22188e-19 	9.41159e-17
391.0 	5.1351e-10 	1.50641e-19 	9.42666e-17
392.0 	5.0917e-10 	3.03357e-19 	9.45699e-17
393.0 	5.05021e-10 	2.4478e-19 	9.48147e-17
394.0 	5.00931e-10 	3.02464e-20 	9.48449e-17
395.0 	4.97072e-10 	-2.23123e-19 	9.46218e-17
396.0 	4.93365e-10 	-2.2665e-19 	9.43952e-17
397.0 	4.8975e-10 	-9.01384e-20 	9.4305e-17
398.0 	4.86203e-10 	4.74134e-20 	9.43524e-17
399.0 	4.82744e-10 	-2.51628e-19 	9.41008e-17
400.0 	4.79369e-10 	-2.17473e-19 	9.38833e-17
401.0 	4.7612e-10 	-1.72881e-19 	9.37105e-17
402.0 	4.72998e-10 	-3.87985e-20 	9.36717e-17
403.0 	4.69627e-10 	1.7275e-19 	9.38444e-17
404.0 	4.66246e-10 	9.20197e-20 	9.39364e-17
405.0 	4.63562e-10 	1.77924e-22 	9.39366e-17
406.0 	4.60354e-10 	1.20117e-19 	9.40567e-17
407.0 	4.58241e-10 	-1.28034e-19 	9.39287e-17
408.0 	3.31652e-10 	-1.12931e-19 	9.38158e-17
409.0 	3.34344e-10 	1.47082e-19 	9.39628e-17
410.0 	3.33384e-10 	6.81316e-20 	9.4031e-17
411.0 	3.30428e-10 	5.87455e-20 	9.40897e-17
412.0 	3.27871e-10 	5.64588e-20 	9.41462e-17
413.0 	3.26021e-10 	-5.136e-20 	9.40948e-17
414.0 	3.24723e-10 	-6.44886e-21 	9.40884e-17
415.0 	3.21406e-10 	-6.36248e-20 	9.40247e-17
416.0 	3.19769e-10 	2.20543e-20 	9.40468e-17
417.0 	3.18283e-10 	-6.33416e-20 	9.39835e-17
418.0 	4.41717e-10 	8.91247e-20 	9.40726e-17
419.0 	4.38671e-10 	-1.95103e-19 	9.38775e-17
420.0 	4.37313e-10 	1.01614e-19 	9.39791e-17
421.0 	4.3747e-10 	2.18798e-19 	9.41979e-17
422.0 	4.37747e-10 	-1.94715e-19 	9.40032e-17
423.0 	4.37658e-10 	1.10273e-19 	9.41135e-17
424.0 	4.37607e-10 	1.29463e-20 	9.41264e-17
425.0 	4.37883e-10 	2.44715e-20 	9.41509e-17
426.0 	4.38403e-10 	-1.75679e-19 	9.39752e-17
427.0 	4.38821e-10 	-1.98184e-20 	9.39554e-17
428.0 	4.39282e-10 	2.01039e-19 	9.41564e-17
429.0 	4.3992e-10 	2.11215e-20 	9.41775e-17
430.0 	4.40765e-10 	-7.97531e-20 	9.40978e-17
431.0 	4.41765e-10 	1.45498e-19 	9.42433e-17
432.0 	4.42764e-10 	9.59688e-20 	9.43392e-17
433.0 	4.43885e-10 	8.82431e-20 	9.44275e-17
434.0 	4.4493e-10 	2.0544e-19 	9.46329e-17
435.0 	4.45732e-10 	-1.17157e-19 	9.45158e-17
436.0 	4.46654e-10 	3.2207e-20 	9.4548e-17
437.0 	4.48167e-10 	-1.10359e-19 	9.44376e-17
438.0 	4.49844e-10 	-6.95324e-20 	9.43681e-17
439.0 	4.50025e-10 	1.97321e-19 	9.45654e-17
440.0 	4.49904e-10 	1.42978e-19 	9.47084e-17
441.0 	4.50294e-10 	-2.75227e-19 	9.44332e-17
442.0 	4.5218e-10 	-2.06264e-19 	9.42269e-17
443.0 	4.53048e-10 	1.56738e-20 	9.42426e-17
444.0 	4.54089e-10 	1.80906e-22 	9.42428e-17
445.0 	4.54909e-10 	3.94009e-19 	9.46368e-17
446.0 	4.55251e-10 	1.56607e-19 	9.47934e-17
447.0 	4.5528e-10 	7.80155e-20 	9.48714e-17
448.0 	4.55563e-10 	1.72547e-19 	9.50439e-17
449.0 	4.56107e-10 	4.23438e-20 	9.50863e-17
450.0 	4.56715e-10 	1.77163e-19 	9.52634e-17
451.0 	4.57277e-10 	-1.42211e-20 	9.52492e-17
452.0 	4.57933e-10 	1.2858e-20 	9.52621e-17
453.0 	4.58606e-10 	3.44324e-21 	9.52655e-17
454.0 	4.59167e-10 	-3.51881e-20 	9.52303e-17
455.0 	4.59573e-10 	1.08533e-19 	9.53389e-17
456.0 	4.59904e-10 	-1.24079e-19 	9.52148e-17
457.0 	4.60167e-10 	-2.29801e-20 	9.51918e-17
458.0 	4.60353e-10 	1.52418e-19 	9.53442e-17
459.0 	4.60581e-10 	2.00412e-19 	9.55446e-17
460.0 	4.60744e-10 	-7.97527e-20 	9.54649e-17
461.0 	4.51646e-10 	1.18753e-19 	9.55836e-17
462.0 	4.54354e-10 	1.19568e-19 	9.57032e-17
463.0 	4.5454e-10 	-6.99889e-20 	9.56332e-17
464.0 	4.5515e-10 	7.12718e-20 	9.57045e-17
465.0 	4.55813e-10 	-4.12355e-20 	9.56632e-17
466.0 	4.56165e-10 	-1.57136e-19 	9.55061e-17
467.0 	4.56516e-10 	-8.2457e-20 	9.54237e-17
468.0 	4.56511e-10 	-1.96303e-19 	9.52274e-17
469.0 	4.567e-10 	-4.62032e-20 	9.51811e-17
470.0 	3.68434e-10 	4.13383e-20 	9.52225e-17
471.0 	3.66876e-10 	6.6526e-21 	9.52291e-17
472.0 	3.66881e-10 	1.80534e-19 	9.54097e-17
473.0 	3.66801e-10 	-9.32183e-20 	9.53165e-17
474.0 	3.66411e-10 	-1.35442e-19 	9.5181e-17
475.0 	3.65775e-10 	5.7201e-20 	9.52382e-17
476.0 	3.64991e-10 	-1.05959e-19 	9.51323e-17
477.0 	3.64723e-10 	7.71563e-20 	9.52094e-17
478.0 	3.64149e-10 	-2.10665e-19 	9.49987e-17
479.0 	3.63471e-10 	1.00015e-19 	9.50988e-17
480.0 	3.62766e-10 	-2.6217e-20 	9.50725e-17
481.0 	3.62019e-10 	5.06345e-20 	9.51232e-17
482.0 	3.61216e-10 	1.14186e-20 	9.51346e-17
483.0 	3.60209e-10 	1.41233e-20 	9.51487e-17
484.0 	3.59109e-10 	2.54595e-19 	9.54033e-17
485.0 	3.58083e-10 	-2.79942e-19 	9.51234e-17
486.0 	3.57132e-10 	4.95148e-20 	9.51729e-17
487.0 	3.56206e-10 	-7.85512e-20 	9.50943e-17
488.0 	3.55265e-10 	1.60904e-19 	9.52552e-17
489.0 	3.54318e-10 	1.25213e-19 	9.53805e-17
490.0 	3.53325e-10 	1.78409e-19 	9.55589e-17
491.0 	3.523e-10 	-3.08701e-20 	9.5528e-17
492.0 	3.51208e-10 	2.08882e-19 	9.57369e-17
493.0 	3.50127e-10 	-4.35423e-20 	9.56933e-17
494.0 	3.49096e-10 	1.77162e-19 	9.58705e-17
495.0 	3.47897e-10 	-3.7392e-20 	9.58331e-17
496.0 	3.4659e-10 	-7.74747e-20 	9.57556e-17
497.0 	3.45198e-10 	1.47195e-19 	9.59028e-17
498.0 	3.43834e-10 	1.08081e-19 	9.60109e-17
499.0 	3.40619e-10 	-1.43725e-19 	9.58672e-17
500.0 	3.41093e-10 	-1.46528e-19 	9.57207e-17
501.0 	3.39761e-10 	4.70824e-21 	9.57254e-17
502.0 	3.38435e-10 	2.52229e-19 	9.59776e-17
503.0 	3.3733e-10 	2.09062e-19 	9.61867e-17
504.0 	3.36176e-10 	2.16207e-19 	9.64029e-17
505.0 	3.34899e-10 	1.85036e-19 	9.65879e-17
506.0 	3.33407e-10 	1.84868e-19 	9.67728e-17
507.0 	3.3202e-10 	1.88659e-19 	9.69614e-17
508.0 	3.30624e-10 	-8.40028e-20 	9.68774e-17
509.0 	3.29186e-10 	-2.1943e-19 	9.6658e-17
510.0 	3.95282e-10 	-1.19299e-19 	9.65387e-17
511.0 	3.71793e-10 	-3.79665e-20 	9.65007e-17
512.0 	3.68366e-10 	-1.2054e-20 	9.64887e-17
513.0 	3.7214e-10 	-5.28426e-21 	9.64834e-17
514.0 	3.76317e-10 	-5.26607e-20 	9.64307e-17
515.0 	3.80993e-10 	-1.20212e-19 	9.63105e-17
516.0 	3.85657e-10 	2.37131e-19 	9.65476e-17
517.0 	3.89896e-10 	6.2422e-21 	9.65539e-17
518.0 	3.93832e-10 	-1.09735e-19 	9.64442e-17
519.0 	3.97786e-10 	1.38876e-19 	9.6583e-17
520.0 	4.02461e-10 	3.45581e-19 	9.69286e-17
521.0 	4.07091e-10 	-1.63132e-19 	9.67655e-17
522.0 	4.1158e-10 	-1.67302e-19 	9.65982e-17
523.0 	4.16002e-10 	4.43039e-19 	9.70412e-17
524.0 	4.20273e-10 	1.60775e-19 	9.7202e-17
525.0 	4.24473e-10 	3.22047e-19 	9.7524e-17
526.0 	4.2838e-10 	1.47241e-19 	9.76713e-17
527.0 	4.32403e-10 	-9.51742e-21 	9.76618e-17
528.0 	2.97414e-10 	1.20864e-19 	9.77826e-17
529.0 	4.33386e-10 	-1.27365e-19 	9.76553e-17
530.0 	2.96881e-10 	-5.24319e-20 	9.76028e-17
531.0 	2.80223e-10 	8.46354e-20 	9.76875e-17
532.0 	2.98249e-10 	3.45325e-20 	9.7722e-17
533.0 	2.97834e-10 	6.7502e-20 	9.77895e-17
534.0 	2.97897e-10 	3.14579e-21 	9.77926e-17
535.0 	2.86109e-10 	-5.31364e-20 	9.77395e-17
536.0 	3.67723e-10 	1.06452e-19 	9.7846e-17
537.0 	3.23236e-10 	8.60451e-21 	9.78546e-17
538.0 	3.25022e-10 	3.40926e-19 	9.81955e-17
539.0 	3.8195e-10 	1.09249e-19 	9.83047e-17
540.0 	3.55825e-10 	-1.96753e-19 	9.8108e-17
541.0 	3.43231e-10 	3.48388e-19 	9.84564e-17
542.0 	3.06535e-10 	1.13631e-19 	9.857e-17
543.0 	3.08197e-10 	5.08325e-20 	9.86208e-17
544.0 	3.05998e-10 	7.4814e-20 	9.86957e-17
545.0 	3.28869e-10 	2.50929e-21 	9.86982e-17
546.0 	2.6315e-10 	-1.90588e-19 	9.85076e-17
547.0 	3.0073e-10 	6.28989e-20 	9.85705e-17
548.0 	2.97671e-10 	1.11199e-19 	9.86817e-17
549.0 	2.96934e-10 	6.7736e-20 	9.87494e-17
550.0 	2.95847e-10 	6.36608e-20 	9.88131e-17
551.0 	2.9391e-10 	3.09323e-21 	9.88162e-17
552.0 	2.92373e-10 	-1.11073e-19 	9.87051e-17
553.0 	2.91632e-10 	-9.79232e-21 	9.86953e-17
554.0 	2.91413e-10 	-2.59389e-20 	9.86694e-17
555.0 	2.91441e-10 	7.14714e-20 	9.87408e-17
556.0 	2.85048e-10 	2.71533e-19 	9.90124e-17
557.0 	2.86055e-10 	2.44726e-19 	9.92571e-17
558.0 	2.86404e-10 	-1.63683e-19 	9.90934e-17
559.0 	2.86307e-10 	3.68348e-20 	9.91302e-17
560.0 	2.86468e-10 	-2.28373e-19 	9.89019e-17
561.0 	2.87317e-10 	-1.91979e-19 	9.87099e-17
562.0 	2.88458e-10 	2.01778e-19 	9.89117e-17
563.0 	2.89581e-10 	1.67541e-19 	9.90792e-17
564.0 	2.90664e-10 	-2.84534e-20 	9.90508e-17
565.0 	2.91838e-10 	2.74518e-19 	9.93253e-17
566.0 	2.93013e-10 	1.99e-19 	9.95243e-17
567.0 	2.94162e-10 	1.17581e-19 	9.96418e-17
568.0 	2.95259e-10 	-2.59382e-20 	9.96159e-17
569.0 	2.96271e-10 	1.33723e-19 	9.97496e-17
570.0 	2.9713e-10 	1.57551e-19 	9.99072e-17
571.0 	2.97889e-10 	-2.84505e-20 	9.98787e-17
572.0 	2.98519e-10 	-9.40409e-21 	9.98693e-17
573.0 	2.98779e-10 	9.01363e-20 	9.99595e-17
574.0 	2.9923e-10 	2.41192e-20 	9.99836e-17
575.0 	1.64598e-10 	3.62549e-20 	1.0002e-16
576.0 	2.88971e-10 	1.18653e-19 	1.00138e-16
577.0 	1.63285e-10 	4.09911e-19 	1.00548e-16
578.0 	1.59275e-10 	-1.25135e-19 	1.00423e-16
579.0 	1.57949e-10 	3.74528e-20 	1.00461e-16
580.0 	1.57437e-10 	2.01752e-19 	1.00662e-16
581.0 	1.57263e-10 	-2.30582e-19 	1.00432e-16
582.0 	1.56518e-10 	-3.61787e-19 	1.0007e-16
583.0 	1.87768e-10 	1.46036e-20 	1.00085e-16
584.0 	1.86843e-10 	-1.86821e-20 	1.00066e-16
585.0 	2.09566e-10 	-2.19853e-19 	9.98462e-17
586.0 	2.08825e-10 	6.49828e-21 	9.98527e-17
587.0 	2.06616e-10 	-9.44749e-20 	9.97582e-17
588.0 	2.0391e-10 	-2.05854e-21 	9.97561e-17
589.0 	2.01382e-10 	1.03753e-19 	9.98599e-17
590.0 	1.99211e-10 	4.19523e-20 	9.99018e-17
591.0 	1.97057e-10 	7.6564e-20 	9.99784e-17
592.0 	1.94754e-10 	1.21291e-19 	1.001e-16
593.0 	1.92258e-10 	2.39967e-20 	1.00124e-16
594.0 	1.89952e-10 	6.47428e-20 	1.00188e-16
595.0 	1.87674e-10 	-1.23642e-19 	1.00065e-16
596.0 	1.85375e-10 	5.47566e-20 	1.0012e-16
597.0 	1.83055e-10 	-1.08825e-19 	1.00011e-16
598.0 	1.80735e-10 	-4.15474e-20 	9.99692e-17
599.0 	2.08644e-10 	-2.01024e-20 	9.99491e-17
600.0 	2.09879e-10 	2.36899e-19 	1.00186e-16
601.0 	2.08308e-10 	-7.05246e-20 	1.00115e-16
602.0 	2.06082e-10 	2.40967e-19 	1.00356e-16
603.0 	2.04197e-10 	1.29977e-20 	1.00369e-16
604.0 	2.03381e-10 	6.69165e-20 	1.00436e-16
605.0 	2.01645e-10 	-7.23279e-20 	1.00364e-16
606.0 	1.99452e-10 	1.28632e-19 	1.00493e-16
607.0 	1.97069e-10 	2.91957e-19 	1.00785e-16
608.0 	1.94619e-10 	-5.32051e-20 	1.00731e-16
609.0 	1.92077e-10 	-2.16016e-19 	1.00515e-16
610.0 	1.89438e-10 	1.50403e-19 	1.00666e-16
611.0 	1.86648e-10 	-4.03957e-20 	1.00625e-16
612.0 	1.83744e-10 	1.29065e-19 	1.00754e-16
613.0 	1.80752e-10 	-2.04466e-19 	1.0055e-16
614.0 	1.77729e-10 	-6.55483e-20 	1.00484e-16
615.0 	1.74594e-10 	-2.63277e-19 	1.00221e-16
616.0 	1.71369e-10 	-1.80527e-20 	1.00203e-16
617.0 	1.68013e-10 	1.88859e-19 	1.00392e-16
618.0 	1.38739e-10 	1.85373e-19 	1.00577e-16
619.0 	1.90402e-10 	1.44668e-19 	1.00722e-16
620.0 	1.59518e-10 	1.70385e-19 	1.00892e-16
621.0 	1.56917e-10 	-1.6776e-19 	1.00725e-16
622.0 	1.55529e-10 	7.22398e-20 	1.00797e-16
623.0 	1.53788e-10 	-1.0639e-20 	1.00786e-16
624.0 	1.52038e-10 	-1.29335e-19 	1.00657e-16
625.0 	1.50382e-10 	-3.02396e-19 	1.00354e-16
626.0 	1.48691e-10 	2.5573e-19 	1.0061e-16
627.0 	1.4693e-10 	3.55231e-20 	1.00646e-16
628.0 	1.45163e-10 	-2.47804e-21 	1.00643e-16
629.0 	1.43443e-10 	1.81923e-19 	1.00825e-16
630.0 	1.41731e-10 	2.17598e-19 	1.01043e-16
631.0 	1.40018e-10 	-1.17342e-19 	1.00925e-16
632.0 	1.38364e-10 	2.79258e-20 	1.00953e-16
633.0 	1.36686e-10 	6.79945e-20 	1.01021e-16
634.0 	1.34986e-10 	-5.94433e-20 	1.00962e-16
635.0 	1.33247e-10 	4.47536e-20 	1.01007e-16
636.0 	1.31487e-10 	4.44789e-19 	1.01451e-16
637.0 	1.20867e-10 	2.17623e-19 	1.01669e-16
638.0 	1.23144e-10 	2.82396e-19 	1.01951e-16
639.0 	1.21212e-10 	9.51414e-20 	1.02047e-16
640.0 	1.18997e-10 	8.23475e-20 	1.02129e-16
641.0 	1.17208e-10 	-1.48335e-19 	1.01981e-16
642.0 	1.15672e-10 	2.53538e-19 	1.02234e-16
643.0 	1.14234e-10 	-1.84927e-20 	1.02216e-16
644.0 	1.12819e-10 	3.51819e-20 	1.02251e-16
645.0 	1.11406e-10 	8.14679e-20 	1.02332e-16
646.0 	1.10008e-10 	-2.92225e-19 	1.0204e-16
647.0 	1.08637e-10 	-5.11053e-20 	1.01989e-16
648.0 	1.07293e-10 	-1.19403e-19 	1.0187e-16
649.0 	1.05972e-10 	1.39418e-20 	1.01884e-16
650.0 	1.04678e-10 	-1.03947e-19 	1.0178e-16
651.0 	1.03421e-10 	-4.04175e-20 	1.01739e-16
652.0 	1.02179e-10 	-2.22389e-19 	1.01517e-16
653.0 	1.00956e-10 	-5.69057e-20 	1.0146e-16
654.0 	9.97532e-11 	-1.11377e-20 	1.01449e-16
655.0 	9.85644e-11 	7.37263e-20 	1.01522e-16
656.0 	9.73924e-11 	-8.04938e-21 	1.01514e-16
657.0 	9.62378e-11 	4.44081e-21 	1.01519e-16
658.0 	9.50933e-11 	2.5593e-19 	1.01775e-16
659.0 	9.39741e-11 	3.34302e-19 	1.02109e-16
660.0 	9.26695e-11 	1.75475e-19 	1.02285e-16
661.0 	9.15488e-11 	2.32679e-19 	1.02517e-16
662.0 	9.04365e-11 	-2.36261e-19 	1.02281e-16
663.0 	8.93397e-11 	-4.3262e-20 	1.02238e-16
664.0 	8.82726e-11 	-4.73236e-20 	1.0219e-16
665.0 	8.71921e-11 	-1.25826e-19 	1.02065e-16
666.0 	8.61334e-11 	4.47292e-20 	1.02109e-16
667.0 	8.50848e-11 	-4.3899e-20 	1.02065e-16
668.0 	8.40444e-11 	-8.78852e-20 	1.01978e-16
669.0 	8.28121e-11 	-2.10278e-19 	1.01767e-16
670.0 	8.14128e-11 	-2.10008e-20 	1.01746e-16
671.0 	8.03834e-11 	3.36336e-20 	1.0178e-16
672.0 	7.92907e-11 	2.71329e-19 	1.02051e-16
673.0 	7.83847e-11 	1.39326e-19 	1.02191e-16
674.0 	7.7422e-11 	1.96853e-19 	1.02387e-16
675.0 	7.65796e-11 	2.03336e-19 	1.02591e-16
676.0 	7.57674e-11 	1.10355e-19 	1.02701e-16
677.0 	7.49661e-11 	-9.1786e-20 	1.02609e-16
678.0 	7.41709e-11 	-1.64104e-19 	1.02445e-16
679.0 	7.33588e-11 	-7.02783e-20 	1.02375e-16
680.0 	7.25399e-11 	1.77708e-20 	1.02393e-16
681.0 	7.17068e-11 	-2.40268e-19 	1.02152e-16
682.0 	9.22836e-11 	-1.38611e-19 	1.02014e-16
683.0 	6.63525e-11 	1.01728e-19 	1.02116e-16
684.0 	8.99633e-11 	-2.50372e-19 	1.01865e-16
685.0 	6.49734e-11 	-9.41571e-20 	1.01771e-16
686.0 	6.76247e-11 	5.30961e-20 	1.01824e-16
687.0 	6.7263e-11 	-1.56199e-19 	1.01668e-16
688.0 	6.54275e-11 	-2.46919e-19 	1.01421e-16
689.0 	1.00997e-10 	3.13931e-19 	1.01735e-16
690.0 	9.86665e-11 	1.41138e-19 	1.01876e-16
691.0 	9.52058e-11 	1.58723e-20 	1.01892e-16
692.0 	9.37747e-11 	-1.77708e-19 	1.01714e-16
693.0 	9.2425e-11 	-5.97745e-20 	1.01654e-16
694.0 	9.1135e-11 	-2.73699e-19 	1.01381e-16
695.0 	8.98123e-11 	2.52059e-19 	1.01633e-16
696.0 	8.84406e-11 	2.35003e-19 	1.01868e-16
697.0 	8.70497e-11 	1.36851e-19 	1.02005e-16
698.0 	8.56811e-11 	1.29272e-19 	1.02134e-16
699.0 	8.43105e-11 	-4.58651e-20 	1.02088e-16
700.0 	8.28997e-11 	6.12581e-20 	1.02149e-16
701.0 	8.14846e-11 	-1.09862e-19 	1.02039e-16
702.0 	6.37971e-11 	-6.65124e-20 	1.01973e-16
703.0 	6.32556e-11 	1.93154e-19 	1.02166e-16
704.0 	6.15839e-11 	1.44767e-19 	1.02311e-16
705.0 	5.95049e-11 	7.81772e-20 	1.02389e-16
706.0 	5.75038e-11 	2.30979e-19 	1.0262e-16
707.0 	6.58715e-11 	-2.61241e-19 	1.02359e-16
708.0 	7.8949e-11 	1.67947e-19 	1.02527e-16
709.0 	7.94166e-11 	-9.06374e-20 	1.02436e-16
710.0 	7.92522e-11 	7.80428e-20 	1.02514e-16
711.0 	7.93803e-11 	-5.9381e-20 	1.02455e-16
712.0 	7.91995e-11 	1.58818e-20 	1.02471e-16
713.0 	7.93651e-11 	1.61027e-19 	1.02632e-16
714.0 	7.93091e-11 	1.14419e-19 	1.02746e-16
715.0 	7.91514e-11 	1.44626e-20 	1.02761e-16
716.0 	7.89109e-11 	1.55927e-19 	1.02916e-16
717.0 	7.85974e-11 	-1.71881e-19 	1.02745e-16
718.0 	7.82191e-11 	1.18987e-19 	1.02864e-16
719.0 	7.77955e-11 	-2.3834e-20 	1.0284e-16
720.0 	7.73678e-11 	3.27007e-20 	1.02872e-16
721.0 	7.66223e-11 	-1.00203e-19 	1.02772e-16
722.0 	7.61469e-11 	1.72417e-19 	1.02945e-16
723.0 	7.53118e-11 	9.77343e-20 	1.03042e-16
724.0 	7.48492e-11 	1.4389e-19 	1.03186e-16
725.0 	7.42209e-11 	2.48981e-19 	1.03435e-16
726.0 	7.35659e-11 	-1.64782e-19 	1.0327e-16
727.0 	7.29405e-11 	9.13964e-20 	1.03362e-16
728.0 	7.23125e-11 	5.81121e-20 	1.0342e-16
729.0 	7.16773e-11 	-3.17017e-19 	1.03103e-16
730.0 	7.10725e-11 	-3.8642e-20 	1.03064e-16
731.0 	7.05306e-11 	-1.61701e-19 	1.02903e-16
732.0 	7.00031e-11 	1.77683e-19 	1.0308e-16
733.0 	6.94938e-11 	1.65405e-19 	1.03246e-16
734.0 	6.90201e-11 	9.8399e-20 	1.03344e-16
735.0 	6.86096e-11 	-4.27225e-20 	1.03301e-16
736.0 	6.82452e-11 	-7.83095e-21 	1.03294e-16
737.0 	6.79548e-11 	3.90196e-20 	1.03333e-16
738.0 	6.76398e-11 	-2.79367e-19 	1.03053e-16
739.0 	6.74504e-11 	-1.22466e-19 	1.02931e-16
740.0 	4.75279e-11 	-2.10369e-19 	1.0272e-16
741.0 	6.68963e-11 	-1.32482e-19 	1.02588e-16
742.0 	5.52485e-11 	-1.89161e-19 	1.02399e-16
743.0 	5.35395e-11 	1.19065e-19 	1.02518e-16
744.0 	5.45417e-11 	9.32268e-20 	1.02611e-16
745.0 	5.54585e-11 	-7.57214e-20 	1.02535e-16
746.0 	5.57534e-11 	-2.98166e-20 	1.02505e-16
747.0 	5.56218e-11 	1.1561e-19 	1.02621e-16
748.0 	5.45774e-11 	1.57102e-19 	1.02778e-16
749.0 	5.29089e-11 	-1.22021e-19 	1.02656e-16
750.0 	5.60767e-11 	-1.21509e-19 	1.02535e-16
751.0 	5.67363e-11 	9.89158e-20 	1.02634e-16
752.0 	5.73343e-11 	1.66531e-19 	1.028e-16
753.0 	5.77305e-11 	6.9942e-20 	1.0287e-16
754.0 	5.78597e-11 	-1.32665e-19 	1.02737e-16
755.0 	5.20913e-11 	-2.75795e-19 	1.02462e-16
756.0 	5.31442e-11 	-2.01896e-21 	1.0246e-16
757.0 	5.4457e-11 	9.60334e-20 	1.02556e-16
758.0 	5.60089e-11 	1.60023e-19 	1.02716e-16
759.0 	5.75372e-11 	4.90737e-20 	1.02765e-16
760.0 	5.19694e-11 	-1.48365e-19 	1.02616e-16
761.0 	5.23502e-11 	2.6315e-19 	1.02879e-16
762.0 	5.28589e-11 	-6.46412e-20 	1.02815e-16
763.0 	5.33733e-11 	4.96398e-20 	1.02864e-16
764.0 	5.38046e-11 	1.65334e-19 	1.0303e-16
765.0 	5.41442e-11 	-1.3968e-19 	1.0289e-16
766.0 	5.44493e-11 	-3.6453e-19 	1.02526e-16
767.0 	5.47432e-11 	-8.72038e-20 	1.02438e-16
768.0 	5.50046e-11 	1.52907e-19 	1.02591e-16
769.0 	5.52302e-11 	-7.20082e-20 	1.02519e-16
770.0 	5.54128e-11 	2.70974e-20 	1.02546e-16
771.0 	5.55486e-11 	-3.76606e-20 	1.02509e-16
772.0 	5.56793e-11 	1.13246e-19 	1.02622e-16
773.0 	5.57736e-11 	2.34979e-19 	1.02857e-16
774.0 	5.58551e-11 	1.10918e-19 	1.02968e-16
775.0 	5.59286e-11 	7.71481e-20 	1.03045e-16
776.0 	5.59869e-11 	1.14327e-19 	1.03159e-16
777.0 	6.45269e-11 	1.00316e-19 	1.0326e-16
778.0 	6.48928e-11 	5.90306e-20 	1.03319e-16
779.0 	6.56521e-11 	3.88947e-19 	1.03708e-16
780.0 	5.3331e-11 	4.05188e-20 	1.03748e-16
781.0 	5.32955e-11 	3.0183e-19 	1.0405e-16
782.0 	5.36715e-11 	2.83938e-20 	1.04078e-16
783.0 	5.41322e-11 	7.15304e-20 	1.0415e-16
784.0 	5.45117e-11 	4.47271e-21 	1.04154e-16
785.0 	5.47649e-11 	-9.25567e-20 	1.04062e-16
786.0 	5.50302e-11 	2.48321e-19 	1.0431e-16
787.0 	5.53549e-11 	-1.47478e-19 	1.04163e-16
788.0 	5.56812e-11 	-1.09653e-19 	1.04053e-16
789.0 	5.59916e-11 	1.43467e-19 	1.04197e-16
790.0 	5.62895e-11 	-7.13653e-20 	1.04125e-16
791.0 	5.65781e-11 	1.2965e-19 	1.04255e-16
792.0 	5.68699e-11 	-1.10959e-20 	1.04244e-16
793.0 	5.71479e-11 	-3.65581e-20 	1.04207e-16
794.0 	5.74183e-11 	1.86246e-19 	1.04393e-16
795.0 	6.19126e-11 	9.82996e-20 	1.04492e-16
796.0 	5.74974e-11 	2.58755e-19 	1.0475e-16
797.0 	5.72893e-11 	4.7114e-20 	1.04798e-16
798.0 	5.73621e-11 	1.13691e-19 	1.04911e-16
799.0 	5.73745e-11 	3.78053e-20 	1.04949e-16
800.0 	5.7249e-11 	-1.58126e-20 	1.04933e-16
801.0 	5.70151e-11 	2.62826e-19 	1.05196e-16
802.0 	5.67169e-11 	-1.35142e-19 	1.05061e-16
803.0 	5.63692e-11 	2.09643e-19 	1.05271e-16
804.0 	5.60093e-11 	1.32676e-19 	1.05403e-16
805.0 	5.6069e-11 	-2.24581e-19 	1.05179e-16
806.0 	5.61943e-11 	1.99941e-19 	1.05379e-16
807.0 	5.63268e-11 	1.1327e-19 	1.05492e-16
808.0 	5.56548e-11 	1.02627e-19 	1.05594e-16
809.0 	6.9815e-11 	2.929e-19 	1.05887e-16
810.0 	7.01005e-11 	6.07044e-20 	1.05948e-16
811.0 	6.99477e-11 	-1.62367e-19 	1.05786e-16
812.0 	6.96861e-11 	5.43178e-20 	1.0584e-16
813.0 	6.94782e-11 	-1.36053e-19 	1.05704e-16
814.0 	6.9357e-11 	1.33698e-19 	1.05838e-16
815.0 	6.92181e-11 	3.20792e-19 	1.06158e-16
816.0 	6.90197e-11 	2.63794e-19 	1.06422e-16
817.0 	6.88252e-11 	-6.76733e-20 	1.06355e-16
818.0 	6.86468e-11 	-3.34291e-20 	1.06321e-16
819.0 	6.8476e-11 	-7.04997e-20 	1.06251e-16
820.0 	6.83043e-11 	-1.10793e-19 	1.0614e-16
821.0 	6.59221e-11 	3.11765e-20 	1.06171e-16
822.0 	6.57576e-11 	-1.43201e-19 	1.06028e-16
823.0 	6.5537e-11 	-3.87767e-20 	1.05989e-16
824.0 	6.52124e-11 	-4.40147e-21 	1.05985e-16
825.0 	6.48903e-11 	-1.57595e-20 	1.05969e-16
826.0 	6.46357e-11 	3.40227e-19 	1.06309e-16
827.0 	6.44096e-11 	6.39568e-20 	1.06373e-16
828.0 	6.4148e-11 	2.85016e-19 	1.06658e-16
829.0 	6.38509e-11 	2.21429e-19 	1.0688e-16
830.0 	6.3552e-11 	2.04475e-19 	1.07084e-16
831.0 	6.32785e-11 	-1.24721e-19 	1.06959e-16
832.0 	5.7082e-11 	1.53444e-20 	1.06975e-16
833.0 	6.18999e-11 	3.83373e-20 	1.07013e-16
834.0 	5.65826e-11 	3.54549e-19 	1.07368e-16
835.0 	5.58458e-11 	2.03245e-19 	1.07571e-16
836.0 	5.55011e-11 	1.05948e-19 	1.07677e-16
837.0 	5.52666e-11 	4.9747e-20 	1.07726e-16
838.0 	5.51097e-11 	2.84157e-19 	1.08011e-16
839.0 	5.49186e-11 	1.66987e-19 	1.08178e-16
840.0 	5.46675e-11 	3.44432e-20 	1.08212e-16
841.0 	5.44082e-11 	-1.7369e-19 	1.08038e-16
842.0 	5.41782e-11 	-2.07884e-19 	1.0783e-16
843.0 	5.94941e-11 	8.40496e-20 	1.07915e-16
844.0 	5.95364e-11 	2.91516e-20 	1.07944e-16
845.0 	5.92203e-11 	2.73117e-19 	1.08217e-16
846.0 	5.88284e-11 	-1.06547e-19 	1.0811e-16
847.0 	5.8453e-11 	8.11041e-21 	1.08118e-16
848.0 	5.81336e-11 	-1.17516e-19 	1.08001e-16
849.0 	5.78182e-11 	-1.97093e-19 	1.07804e-16
850.0 	5.74414e-11 	2.26802e-20 	1.07826e-16
851.0 	5.70862e-11 	-1.26799e-19 	1.077e-16
852.0 	5.67267e-11 	9.58968e-20 	1.07796e-16
853.0 	5.63694e-11 	3.8092e-21 	1.07799e-16
854.0 	5.60091e-11 	2.40888e-19 	1.0804e-16
855.0 	5.5628e-11 	2.60237e-20 	1.08066e-16
856.0 	5.52442e-11 	-7.89517e-20 	1.07987e-16
857.0 	5.48639e-11 	1.44224e-19 	1.08132e-16
858.0 	5.44821e-11 	8.58747e-20 	1.08217e-16
859.0 	5.40932e-11 	1.85815e-19 	1.08403e-16
860.0 	5.36981e-11 	-3.90138e-20 	1.08364e-16
861.0 	5.32994e-11 	9.52441e-20 	1.08459e-16
862.0 	5.29008e-11 	-3.14741e-19 	1.08145e-16
863.0 	5.25013e-11 	2.61302e-19 	1.08406e-16
864.0 	5.20988e-11 	-8.39017e-20 	1.08322e-16
865.0 	5.17118e-11 	2.09288e-20 	1.08343e-16
866.0 	5.13068e-11 	-4.19039e-20 	1.08301e-16
867.0 	5.0909e-11 	-8.02233e-20 	1.08221e-16
868.0 	5.04986e-11 	1.78773e-19 	1.084e-16
869.0 	6.02889e-11 	-1.23455e-19 	1.08276e-16
870.0 	6.1333e-11 	3.519e-20 	1.08311e-16
871.0 	6.12188e-11 	2.41485e-20 	1.08336e-16
872.0 	6.11182e-11 	-3.72686e-19 	1.07963e-16
873.0 	6.11077e-11 	8.09204e-20 	1.08044e-16
874.0 	6.11817e-11 	4.632e-20 	1.0809e-16
875.0 	6.12141e-11 	7.69313e-20 	1.08167e-16
876.0 	6.11642e-11 	-1.93998e-19 	1.07973e-16
877.0 	6.11162e-11 	4.69455e-20 	1.0802e-16
878.0 	6.10234e-11 	-1.27641e-19 	1.07892e-16
879.0 	6.09108e-11 	2.82732e-19 	1.08175e-16
880.0 	6.07989e-11 	-1.61015e-20 	1.08159e-16
881.0 	6.06569e-11 	1.47489e-19 	1.08306e-16
882.0 	6.04953e-11 	4.14895e-20 	1.08348e-16
883.0 	6.0319e-11 	-1.70119e-19 	1.08178e-16
884.0 	6.01278e-11 	1.03954e-19 	1.08282e-16
885.0 	5.9921e-11 	-1.94193e-19 	1.08088e-16
886.0 	5.97007e-11 	8.95138e-20 	1.08177e-16
887.0 	5.94689e-11 	8.58872e-20 	1.08263e-16
888.0 	5.92259e-11 	-5.37192e-20 	1.08209e-16
889.0 	5.89696e-11 	6.31291e-20 	1.08272e-16
890.0 	3.14331e-11 	-6.99142e-20 	1.08203e-16
891.0 	5.8261e-11 	7.72084e-20 	1.0828e-16
892.0 	3.13933e-11 	-8.7616e-21 	1.08271e-16
893.0 	5.74672e-11 	6.38913e-20 	1.08335e-16
894.0 	3.10403e-11 	-1.80947e-19 	1.08154e-16
895.0 	5.68072e-11 	-5.52822e-20 	1.08099e-16
896.0 	3.08647e-11 	1.53405e-19 	1.08252e-16
897.0 	5.61753e-11 	-2.1848e-19 	1.08034e-16
898.0 	5.63927e-11 	-1.2948e-19 	1.07904e-16
899.0 	5.5662e-11 	5.89769e-22 	1.07905e-16
900.0 	5.52618e-11 	-6.92314e-20 	1.07835e-16
901.0 	5.53028e-11 	-1.60638e-19 	1.07675e-16
902.0 	5.47458e-11 	1.05973e-19 	1.07781e-16
903.0 	5.43784e-11 	-8.30867e-20 	1.07698e-16
904.0 	5.40003e-11 	-6.21648e-20 	1.07636e-16
905.0 	5.36078e-11 	9.54392e-20 	1.07731e-16
906.0 	5.31909e-11 	-2.29133e-20 	1.07708e-16
907.0 	5.28528e-11 	-1.31068e-19 	1.07577e-16
908.0 	4.34351e-11 	2.81905e-19 	1.07859e-16
909.0 	5.24439e-11 	2.08801e-19 	1.08068e-16
910.0 	4.13363e-11 	-1.03589e-19 	1.07964e-16
911.0 	4.08458e-11 	2.42908e-19 	1.08207e-16
912.0 	4.00395e-11 	4.68577e-20 	1.08254e-16
913.0 	3.86213e-11 	1.64029e-19 	1.08418e-16
914.0 	3.70211e-11 	-2.41601e-20 	1.08394e-16
915.0 	3.55443e-11 	-8.23124e-20 	1.08311e-16
916.0 	3.39832e-11 	1.68915e-19 	1.0848e-16
917.0 	3.24005e-11 	-6.8234e-20 	1.08412e-16
918.0 	3.09081e-11 	1.40448e-19 	1.08553e-16
919.0 	3.36054e-11 	1.23076e-19 	1.08676e-16
920.0 	3.32606e-11 	6.27377e-20 	1.08738e-16
921.0 	3.27675e-11 	-2.22114e-20 	1.08716e-16
922.0 	3.2292e-11 	-5.26283e-21 	1.08711e-16
923.0 	3.17908e-11 	1.8396e-19 	1.08895e-16
924.0 	3.12153e-11 	2.29182e-21 	1.08897e-16
925.0 	3.06805e-11 	-1.98756e-19 	1.08698e-16
926.0 	3.00216e-11 	1.86839e-19 	1.08885e-16
927.0 	2.95432e-11 	-1.37708e-19 	1.08748e-16
928.0 	2.87697e-11 	-1.26845e-19 	1.08621e-16
929.0 	2.81764e-11 	7.33553e-20 	1.08694e-16
930.0 	3.62199e-11 	4.1564e-19 	1.0911e-16
931.0 	3.65456e-11 	4.98293e-20 	1.09159e-16
932.0 	3.72423e-11 	2.04961e-19 	1.09364e-16
933.0 	3.77803e-11 	3.28478e-20 	1.09397e-16
934.0 	3.82533e-11 	2.59719e-21 	1.094e-16
935.0 	3.86542e-11 	-4.43253e-20 	1.09356e-16
936.0 	3.8991e-11 	1.71294e-19 	1.09527e-16
937.0 	3.92786e-11 	1.951e-19 	1.09722e-16
938.0 	3.95184e-11 	1.50253e-19 	1.09872e-16
939.0 	3.97345e-11 	1.85498e-20 	1.09891e-16
940.0 	3.34708e-11 	7.34394e-21 	1.09898e-16
941.0 	3.9533e-11 	9.02445e-21 	1.09907e-16
942.0 	3.39093e-11 	6.33787e-21 	1.09913e-16
943.0 	3.9967e-11 	2.33288e-19 	1.10147e-16
944.0 	3.42616e-11 	-3.23675e-20 	1.10114e-16
945.0 	3.38296e-11 	8.16074e-20 	1.10196e-16
946.0 	3.40132e-11 	9.00176e-20 	1.10286e-16
947.0 	3.42257e-11 	2.02155e-19 	1.10488e-16
948.0 	3.43907e-11 	3.91662e-20 	1.10527e-16
949.0 	3.45377e-11 	-4.787e-20 	1.10479e-16
950.0 	3.46834e-11 	7.2859e-20 	1.10552e-16
951.0 	3.48253e-11 	1.63391e-19 	1.10716e-16
952.0 	3.49732e-11 	2.96342e-19 	1.11012e-16
953.0 	3.51186e-11 	-1.20478e-20 	1.11e-16
954.0 	3.52635e-11 	-2.77815e-19 	1.10722e-16
955.0 	3.54098e-11 	2.58188e-19 	1.1098e-16
956.0 	3.55549e-11 	-6.40621e-20 	1.10916e-16
957.0 	3.5688e-11 	-2.61052e-20 	1.1089e-16
958.0 	3.40958e-11 	-3.12023e-20 	1.10859e-16
959.0 	3.58156e-11 	-1.04726e-19 	1.10754e-16
960.0 	3.21625e-11 	-2.41438e-19 	1.10513e-16
961.0 	3.21025e-11 	-3.70578e-20 	1.10476e-16
962.0 	3.21445e-11 	4.42595e-20 	1.1052e-16
963.0 	3.23153e-11 	1.75285e-19 	1.10695e-16
964.0 	3.24917e-11 	2.30579e-19 	1.10926e-16
965.0 	3.26496e-11 	-1.03356e-19 	1.10823e-16
966.0 	3.27885e-11 	-8.74052e-21 	1.10814e-16
967.0 	3.29158e-11 	-1.23964e-19 	1.1069e-16
968.0 	3.3036e-11 	-1.36408e-19 	1.10553e-16
969.0 	3.31493e-11 	5.40395e-20 	1.10607e-16
970.0 	3.32537e-11 	-9.38802e-20 	1.10514e-16
971.0 	3.33476e-11 	6.42529e-20 	1.10578e-16
972.0 	3.34329e-11 	1.61249e-19 	1.10739e-16
973.0 	3.35147e-11 	6.47524e-20 	1.10804e-16
974.0 	3.35848e-11 	2.14584e-19 	1.11018e-16
975.0 	3.36485e-11 	4.80056e-20 	1.11066e-16
976.0 	3.37039e-11 	1.08534e-19 	1.11175e-16
977.0 	3.37515e-11 	-3.01587e-20 	1.11145e-16
978.0 	3.37915e-11 	7.58404e-20 	1.11221e-16
979.0 	3.38236e-11 	-1.87727e-20 	1.11202e-16
980.0 	3.02121e-11 	1.96002e-19 	1.11398e-16
981.0 	3.41992e-11 	9.08638e-20 	1.11489e-16
982.0 	3.02886e-11 	2.45726e-19 	1.11734e-16
983.0 	3.41941e-11 	2.92002e-19 	1.12026e-16
984.0 	3.04074e-11 	-5.66346e-20 	1.1197e-16
985.0 	3.41834e-11 	2.35515e-20 	1.11993e-16
986.0 	3.04432e-11 	4.89292e-21 	1.11998e-16
987.0 	3.4153e-11 	1.07931e-19 	1.12106e-16
988.0 	3.0472e-11 	-1.26911e-20 	1.12094e-16
989.0 	3.40971e-11 	-7.38541e-20 	1.1202e-16
990.0 	3.04678e-11 	1.11167e-20 	1.12031e-16
991.0 	3.02361e-11 	1.40834e-19 	1.12172e-16
992.0 	3.01863e-11 	2.326e-20 	1.12195e-16
993.0 	3.01688e-11 	-1.01819e-19 	1.12093e-16
994.0 	3.01557e-11 	3.97166e-20 	1.12133e-16
995.0 	3.01159e-11 	1.12069e-19 	1.12245e-16
996.0 	3.00753e-11 	-2.48956e-19 	1.11996e-16
997.0 	3.00315e-11 	2.4196e-19 	1.12238e-16
998.0 	2.9958e-11 	1.45288e-19 	1.12383e-16
999.0 	2.98702e-11 	1.48447e-19 	1.12532e-16
1000.0 	2.97729e-11 	-9.07295e-20 	1.12441e-16
1001.0 	2.96675e-11 	4.12411e-20 	1.12482e-16
1002.0 	2.9546e-11 	1.99786e-19 	1.12682e-16
1003.0 	2.89566e-11 	-6.96953e-20 	1.12612e-16
1004.0 	2.901e-11 	1.03893e-19 	1.12716e-16
1005.0 	2.88431e-11 	1.00578e-19 	1.12817e-16
1006.0 	2.86726e-11 	-4.23639e-20 	1.12774e-16
1007.0 	2.85133e-11 	-2.6224e-19 	1.12512e-16
1008.0 	2.83503e-11 	-9.46286e-20 	1.12417e-16
1009.0 	2.81811e-11 	-1.48662e-19 	1.12269e-16
1010.0 	2.80056e-11 	-4.54457e-20 	1.12223e-16
1011.0 	2.78246e-11 	1.49223e-19 	1.12373e-16
1012.0 	3.2936e-11 	9.41415e-20 	1.12467e-16
1013.0 	2.63692e-11 	1.01409e-19 	1.12568e-16
1014.0 	2.64203e-11 	-8.13177e-20 	1.12487e-16
1015.0 	2.63639e-11 	1.05045e-21 	1.12488e-16
1016.0 	2.63323e-11 	7.20957e-20 	1.1256e-16
1017.0 	2.62992e-11 	1.44122e-19 	1.12704e-16
1018.0 	2.62434e-11 	-1.85466e-20 	1.12686e-16
1019.0 	2.61726e-11 	-6.28874e-20 	1.12623e-16
1020.0 	2.60966e-11 	-1.27761e-19 	1.12495e-16
1021.0 	2.60262e-11 	-1.4674e-20 	1.1248e-16
1022.0 	2.59362e-11 	-1.09641e-19 	1.12371e-16
1023.0 	2.58391e-11 	5.42391e-20 	1.12425e-16
1024.0 	2.5738e-11 	-1.21456e-19 	1.12303e-16
1025.0 	2.5645e-11 	-4.32957e-21 	1.12299e-16
1026.0 	2.57523e-11 	-1.92951e-19 	1.12106e-16
1027.0 	2.57513e-11 	-7.69261e-20 	1.12029e-16
1028.0 	2.58632e-11 	-3.13074e-20 	1.11998e-16
1029.0 	2.60594e-11 	-1.47715e-19 	1.1185e-16
1030.0 	2.62356e-11 	4.65341e-20 	1.11897e-16
1031.0 	2.85418e-11 	2.9397e-19 	1.12191e-16
1032.0 	2.8814e-11 	8.81224e-20 	1.12279e-16
1033.0 	2.89057e-11 	2.40143e-19 	1.12519e-16
1034.0 	2.89885e-11 	-1.07361e-19 	1.12411e-16
1035.0 	2.90871e-11 	1.79102e-19 	1.12591e-16
1036.0 	2.92003e-11 	-1.29896e-19 	1.12461e-16
1037.0 	2.44391e-11 	1.29906e-19 	1.12591e-16
1038.0 	2.43861e-11 	-3.9113e-20 	1.12551e-16
1039.0 	2.43893e-11 	-3.00165e-20 	1.12521e-16
1040.0 	2.44064e-11 	-6.52367e-20 	1.12456e-16
1041.0 	2.50055e-11 	-1.14755e-20 	1.12445e-16
1042.0 	2.43629e-11 	1.63709e-19 	1.12608e-16
1043.0 	2.41881e-11 	-2.1973e-19 	1.12389e-16
1044.0 	2.39711e-11 	2.80569e-19 	1.12669e-16
1045.0 	2.37265e-11 	2.30793e-19 	1.129e-16
1046.0 	2.35037e-11 	1.42382e-19 	1.13042e-16
1047.0 	2.33132e-11 	2.32867e-19 	1.13275e-16
1048.0 	2.30987e-11 	5.64234e-20 	1.13332e-16
1049.0 	2.40411e-11 	-3.93843e-20 	1.13292e-16
1050.0 	2.41645e-11 	2.37796e-20 	1.13316e-16
1051.0 	2.42173e-11 	-1.09448e-20 	1.13305e-16
1052.0 	2.42269e-11 	1.46927e-19 	1.13452e-16
1053.0 	2.42224e-11 	-2.3063e-20 	1.13429e-16
1054.0 	2.42474e-11 	1.33882e-20 	1.13442e-16
1055.0 	2.42737e-11 	8.56889e-20 	1.13528e-16
1056.0 	2.80529e-11 	2.22009e-19 	1.1375e-16
1057.0 	2.82252e-11 	8.94193e-20 	1.1384e-16
1058.0 	2.82122e-11 	3.44975e-19 	1.14185e-16
1059.0 	2.81773e-11 	1.18128e-19 	1.14303e-16
1060.0 	2.8155e-11 	1.37541e-19 	1.1444e-16
1061.0 	2.81618e-11 	1.6079e-19 	1.14601e-16
1062.0 	2.8172e-11 	2.10138e-20 	1.14622e-16
1063.0 	2.81708e-11 	-2.00876e-19 	1.14421e-16
1064.0 	2.81672e-11 	5.51011e-20 	1.14476e-16
1065.0 	2.81699e-11 	-2.19364e-19 	1.14257e-16
1066.0 	2.81775e-11 	-1.3025e-20 	1.14244e-16
1067.0 	2.81857e-11 	-1.88163e-20 	1.14225e-16
1068.0 	2.81936e-11 	-7.20416e-21 	1.14218e-16
1069.0 	2.82024e-11 	8.81864e-20 	1.14306e-16
1070.0 	2.8212e-11 	1.40968e-19 	1.14447e-16
1071.0 	2.82231e-11 	-2.65869e-20 	1.1442e-16
1072.0 	2.82348e-11 	-1.59475e-19 	1.14261e-16
1073.0 	2.82425e-11 	-5.52896e-20 	1.14206e-16
1074.0 	2.82546e-11 	-6.81263e-20 	1.14138e-16
1075.0 	2.82687e-11 	2.12626e-19 	1.1435e-16
1076.0 	2.82834e-11 	-8.86379e-20 	1.14262e-16
1077.0 	2.82984e-11 	2.95042e-20 	1.14291e-16
1078.0 	2.83134e-11 	1.82277e-19 	1.14473e-16
1079.0 	2.83282e-11 	3.24734e-21 	1.14477e-16
1080.0 	2.83423e-11 	1.43631e-19 	1.1462e-16
1081.0 	2.83556e-11 	1.56328e-19 	1.14777e-16
1082.0 	2.83678e-11 	4.60429e-20 	1.14823e-16
1083.0 	2.83789e-11 	-6.61198e-20 	1.14756e-16
1084.0 	2.83894e-11 	2.70173e-19 	1.15027e-16
1085.0 	2.83999e-11 	4.30467e-20 	1.1507e-16
1086.0 	2.84099e-11 	1.15569e-19 	1.15185e-16
1087.0 	2.84188e-11 	3.56332e-20 	1.15221e-16
1088.0 	2.84271e-11 	-1.42108e-19 	1.15079e-16
1089.0 	2.84353e-11 	1.4163e-19 	1.1522e-16
1090.0 	2.84428e-11 	-1.25038e-20 	1.15208e-16
1091.0 	2.84493e-11 	9.02713e-20 	1.15298e-16
1092.0 	2.84545e-11 	-6.16174e-20 	1.15237e-16
1093.0 	2.84588e-11 	2.08891e-19 	1.15445e-16
1094.0 	2.84623e-11 	3.01488e-19 	1.15747e-16
1095.0 	2.84647e-11 	8.74286e-22 	1.15748e-16
1096.0 	2.84666e-11 	3.59442e-20 	1.15784e-16
1097.0 	2.84678e-11 	3.02782e-20 	1.15814e-16
1098.0 	2.84679e-11 	-2.10943e-20 	1.15793e-16
1099.0 	2.84665e-11 	1.19449e-19 	1.15912e-16
1100.0 	2.84636e-11 	5.28424e-21 	1.15918e-16
1101.0 	2.84468e-11 	5.70762e-20 	1.15975e-16
1102.0 	2.84427e-11 	9.29134e-20 	1.16068e-16
1103.0 	2.84363e-11 	2.76609e-19 	1.16344e-16
1104.0 	2.84326e-11 	-2.97855e-19 	1.16046e-16
1105.0 	2.84242e-11 	1.24132e-20 	1.16059e-16
1106.0 	2.84158e-11 	1.25107e-20 	1.16071e-16
1107.0 	2.84011e-11 	-1.19711e-19 	1.15952e-16
1108.0 	2.8391e-11 	5.98466e-20 	1.16011e-16
1109.0 	2.83806e-11 	-8.14226e-20 	1.1593e-16
1110.0 	2.83639e-11 	3.8984e-19 	1.1632e-16
1111.0 	2.83519e-11 	1.45138e-19 	1.16465e-16
1112.0 	2.83368e-11 	1.72129e-19 	1.16637e-16
1113.0 	2.83224e-11 	-6.59004e-22 	1.16636e-16
1114.0 	2.7382e-11 	2.15376e-21 	1.16639e-16
1115.0 	2.86005e-11 	8.26734e-20 	1.16721e-16
1116.0 	2.73871e-11 	1.83602e-20 	1.1674e-16
1117.0 	2.74391e-11 	1.43523e-20 	1.16754e-16
1118.0 	2.74222e-11 	-7.38288e-20 	1.1668e-16
1119.0 	2.74113e-11 	-3.59366e-19 	1.16321e-16
1120.0 	2.73992e-11 	-7.93197e-20 	1.16242e-16
1121.0 	2.7392e-11 	2.40312e-20 	1.16266e-16
1122.0 	2.7388e-11 	-1.22909e-19 	1.16143e-16
1123.0 	2.73819e-11 	7.28267e-20 	1.16215e-16
1124.0 	2.73722e-11 	2.83831e-19 	1.16499e-16
1125.0 	2.73606e-11 	7.84059e-20 	1.16578e-16
1126.0 	2.73485e-11 	-2.20955e-20 	1.16556e-16
1127.0 	2.73326e-11 	1.18644e-19 	1.16674e-16
1128.0 	2.73165e-11 	-4.86494e-20 	1.16626e-16
1129.0 	2.72986e-11 	2.43906e-19 	1.16869e-16
1130.0 	2.72816e-11 	-2.35792e-19 	1.16634e-16
1131.0 	2.7261e-11 	1.29215e-19 	1.16763e-16
1132.0 	2.72388e-11 	-1.20706e-21 	1.16762e-16
1133.0 	2.72152e-11 	-6.88223e-20 	1.16693e-16
1134.0 	2.71903e-11 	2.09184e-19 	1.16902e-16
1135.0 	2.7164e-11 	-1.03861e-19 	1.16798e-16
1136.0 	2.71365e-11 	6.05456e-20 	1.16859e-16
1137.0 	2.71079e-11 	-3.60211e-20 	1.16823e-16
1138.0 	2.70775e-11 	2.06737e-19 	1.17029e-16
1139.0 	2.70454e-11 	1.2652e-19 	1.17156e-16
1140.0 	2.70097e-11 	-5.69504e-20 	1.17099e-16
1141.0 	2.69732e-11 	5.695e-20 	1.17156e-16
1142.0 	2.69365e-11 	7.39135e-20 	1.1723e-16
1143.0 	2.68977e-11 	-2.02306e-20 	1.1721e-16
1144.0 	2.68568e-11 	1.07329e-19 	1.17317e-16
1145.0 	2.68138e-11 	1.20644e-20 	1.17329e-16
1146.0 	2.67684e-11 	3.20403e-19 	1.17649e-16
1147.0 	2.67205e-11 	4.81541e-20 	1.17698e-16
1148.0 	2.66703e-11 	8.41479e-20 	1.17782e-16
1149.0 	2.6618e-11 	1.57636e-19 	1.17939e-16
1150.0 	2.28725e-11 	9.28377e-20 	1.18032e-16
1151.0 	2.63667e-11 	-1.9123e-19 	1.17841e-16
1152.0 	2.27357e-11 	-1.03879e-19 	1.17737e-16
1153.0 	2.62965e-11 	-1.25961e-19 	1.17611e-16
1154.0 	2.26612e-11 	4.3877e-20 	1.17655e-16
1155.0 	2.61588e-11 	-2.85665e-19 	1.17369e-16
1156.0 	2.25308e-11 	-7.20333e-20 	1.17297e-16
1157.0 	2.24699e-11 	2.79671e-19 	1.17577e-16
1158.0 	2.23738e-11 	-6.01539e-20 	1.17517e-16
1159.0 	2.23129e-11 	5.92333e-20 	1.17576e-16
1160.0 	2.22684e-11 	4.58903e-20 	1.17622e-16
1161.0 	2.2202e-11 	1.09566e-19 	1.17732e-16
1162.0 	2.2121e-11 	1.76684e-19 	1.17908e-16
1163.0 	2.20426e-11 	-4.68633e-20 	1.17861e-16
1164.0 	2.1968e-11 	8.76883e-20 	1.17949e-16
1165.0 	2.18903e-11 	-2.26031e-19 	1.17723e-16
1166.0 	2.1807e-11 	1.02123e-19 	1.17825e-16
1167.0 	2.17204e-11 	-1.98023e-19 	1.17627e-16
1168.0 	2.16319e-11 	4.17304e-22 	1.17628e-16
1169.0 	2.15415e-11 	1.8437e-19 	1.17812e-16
1170.0 	2.14484e-11 	3.27637e-20 	1.17845e-16
1171.0 	2.13527e-11 	-2.26884e-19 	1.17618e-16
1172.0 	2.1254e-11 	-4.31675e-20 	1.17575e-16
1173.0 	2.1153e-11 	-3.3236e-20 	1.17541e-16
1174.0 	2.10492e-11 	7.36746e-20 	1.17615e-16
1175.0 	2.09427e-11 	8.95796e-20 	1.17705e-16
1176.0 	2.08335e-11 	-1.91662e-21 	1.17703e-16
1177.0 	2.07219e-11 	-1.00963e-19 	1.17602e-16
1178.0 	2.06078e-11 	1.01562e-19 	1.17703e-16
1179.0 	2.04909e-11 	1.81785e-20 	1.17722e-16
1180.0 	2.03716e-11 	-5.69753e-20 	1.17665e-16
1181.0 	2.02511e-11 	4.96112e-20 	1.17714e-16
1182.0 	2.01273e-11 	6.93122e-20 	1.17783e-16
1183.0 	2.00012e-11 	-8.95477e-20 	1.17694e-16
1184.0 	1.98732e-11 	-1.37148e-19 	1.17557e-16
1185.0 	1.97431e-11 	1.08323e-19 	1.17665e-16
1186.0 	1.96032e-11 	-3.62357e-19 	1.17303e-16
1187.0 	1.94711e-11 	2.40273e-19 	1.17543e-16
1188.0 	1.9337e-11 	-9.77809e-20 	1.17445e-16
1189.0 	1.92012e-11 	9.92023e-20 	1.17544e-16
1190.0 	1.90637e-11 	-1.03677e-20 	1.17534e-16
1191.0 	1.89249e-11 	3.51619e-20 	1.17569e-16
1192.0 	1.87847e-11 	3.18103e-19 	1.17887e-16
1193.0 	1.86435e-11 	1.5115e-19 	1.18038e-16
1194.0 	1.8501e-11 	-3.58322e-20 	1.18003e-16
1195.0 	1.83567e-11 	1.84728e-19 	1.18187e-16
1196.0 	1.8211e-11 	-8.53793e-20 	1.18102e-16
1197.0 	1.80645e-11 	1.80335e-20 	1.1812e-16
1198.0 	1.79173e-11 	2.37717e-19 	1.18358e-16
1199.0 	1.77695e-11 	6.05706e-20 	1.18418e-16
1200.0 	1.92333e-11 	-9.527e-20 	1.18323e-16
1201.0 	1.9088e-11 	3.37514e-19 	1.18661e-16
1202.0 	1.89446e-11 	-1.38704e-19 	1.18522e-16
1203.0 	1.87744e-11 	2.3458e-19 	1.18756e-16
1204.0 	1.85986e-11 	-6.85497e-20 	1.18688e-16
1205.0 	1.84354e-11 	1.21689e-19 	1.1881e-16
1206.0 	1.82767e-11 	1.06046e-19 	1.18916e-16
1207.0 	1.8113e-11 	1.29638e-19 	1.19045e-16
1208.0 	1.79459e-11 	7.80644e-20 	1.19123e-16
1209.0 	1.77792e-11 	1.82381e-19 	1.19306e-16
1210.0 	1.76138e-11 	-3.94654e-20 	1.19266e-16
1211.0 	1.74479e-11 	2.15095e-19 	1.19481e-16
1212.0 	1.72816e-11 	-3.31694e-20 	1.19448e-16
1213.0 	1.71153e-11 	1.61672e-19 	1.1961e-16
1214.0 	1.69498e-11 	1.32392e-19 	1.19742e-16
1215.0 	1.67843e-11 	-1.6872e-19 	1.19574e-16
1216.0 	1.66188e-11 	-9.70491e-21 	1.19564e-16
1217.0 	1.64537e-11 	-1.43291e-20 	1.19549e-16
1218.0 	1.62889e-11 	-3.33425e-19 	1.19216e-16
1219.0 	1.61248e-11 	8.44475e-21 	1.19224e-16
1220.0 	1.5961e-11 	-1.32563e-19 	1.19092e-16
1221.0 	1.57977e-11 	3.65263e-20 	1.19128e-16
1222.0 	1.5635e-11 	-1.07456e-19 	1.19021e-16
1223.0 	1.54725e-11 	2.99729e-19 	1.19321e-16
1224.0 	1.53096e-11 	-3.23641e-19 	1.18997e-16
1225.0 	1.51473e-11 	-2.84271e-19 	1.18713e-16
