# time 	cumulated 	delta
1.0 	0.07 	0.07
2.0 	0.08 	0.009999999999999995
3.0 	0.09 	0.009999999999999995
4.0 	0.11 	0.020000000000000004
5.0 	0.12 	0.009999999999999995
6.0 	0.13 	0.010000000000000009
7.0 	0.14 	0.010000000000000009
8.0 	0.15 	0.009999999999999981
9.0 	0.17 	0.020000000000000018
10.0 	0.18 	0.009999999999999981
11.0 	0.19 	0.010000000000000009
12.0 	0.2 	0.010000000000000009
13.0 	0.21 	0.009999999999999981
14.0 	0.22 	0.010000000000000009
15.0 	0.24 	0.01999999999999999
16.0 	0.25 	0.010000000000000009
17.0 	0.26 	0.010000000000000009
18.0 	0.27 	0.010000000000000009
19.0 	0.29 	0.019999999999999962
20.0 	0.3 	0.010000000000000009
21.0 	0.31 	0.010000000000000009
22.0 	0.33 	0.020000000000000018
23.0 	0.34 	0.010000000000000009
24.0 	0.35 	0.009999999999999953
25.0 	0.37 	0.020000000000000018
26.0 	0.38 	0.010000000000000009
27.0 	0.4 	0.020000000000000018
28.0 	0.41 	0.009999999999999953
29.0 	0.42 	0.010000000000000009
30.0 	0.43 	0.010000000000000009
31.0 	0.45 	0.020000000000000018
32.0 	0.46 	0.010000000000000009
33.0 	0.47 	0.009999999999999953
34.0 	0.49 	0.020000000000000018
35.0 	0.5 	0.010000000000000009
36.0 	0.51 	0.010000000000000009
37.0 	0.53 	0.020000000000000018
38.0 	0.54 	0.010000000000000009
39.0 	0.55 	0.010000000000000009
40.0 	0.57 	0.019999999999999907
41.0 	0.58 	0.010000000000000009
42.0 	0.59 	0.010000000000000009
43.0 	0.61 	0.020000000000000018
44.0 	0.62 	0.010000000000000009
45.0 	0.63 	0.010000000000000009
46.0 	0.65 	0.020000000000000018
47.0 	0.66 	0.010000000000000009
48.0 	0.67 	0.010000000000000009
49.0 	0.69 	0.019999999999999907
50.0 	0.7 	0.010000000000000009
51.0 	0.71 	0.010000000000000009
52.0 	0.72 	0.010000000000000009
53.0 	0.74 	0.020000000000000018
54.0 	0.75 	0.010000000000000009
55.0 	0.76 	0.010000000000000009
56.0 	0.78 	0.020000000000000018
57.0 	0.79 	0.010000000000000009
58.0 	0.8 	0.010000000000000009
59.0 	0.82 	0.019999999999999907
60.0 	0.83 	0.010000000000000009
61.0 	0.84 	0.010000000000000009
62.0 	0.86 	0.020000000000000018
63.0 	0.87 	0.010000000000000009
64.0 	0.89 	0.020000000000000018
65.0 	0.91 	0.020000000000000018
66.0 	0.92 	0.010000000000000009
67.0 	0.94 	0.019999999999999907
68.0 	0.95 	0.010000000000000009
69.0 	0.96 	0.010000000000000009
70.0 	0.97 	0.010000000000000009
71.0 	0.99 	0.020000000000000018
72.0 	1.0 	0.010000000000000009
73.0 	1.02 	0.020000000000000018
74.0 	1.03 	0.010000000000000009
75.0 	1.04 	0.010000000000000009
76.0 	1.05 	0.010000000000000009
77.0 	1.07 	0.020000000000000018
78.0 	1.08 	0.010000000000000009
79.0 	1.09 	0.010000000000000009
80.0 	1.11 	0.020000000000000018
81.0 	1.12 	0.010000000000000009
82.0 	1.13 	0.009999999999999787
83.0 	1.15 	0.020000000000000018
84.0 	1.16 	0.010000000000000009
85.0 	1.18 	0.020000000000000018
86.0 	1.19 	0.010000000000000009
87.0 	1.2 	0.010000000000000009
88.0 	1.22 	0.020000000000000018
89.0 	1.23 	0.010000000000000009
90.0 	1.25 	0.020000000000000018
91.0 	1.26 	0.010000000000000009
92.0 	1.27 	0.010000000000000009
93.0 	1.29 	0.020000000000000018
94.0 	1.3 	0.010000000000000009
95.0 	1.32 	0.020000000000000018
96.0 	1.34 	0.020000000000000018
97.0 	1.36 	0.020000000000000018
98.0 	1.37 	0.010000000000000009
99.0 	1.38 	0.009999999999999787
100.0 	1.4 	0.020000000000000018
101.0 	1.41 	0.010000000000000009
102.0 	1.43 	0.020000000000000018
103.0 	1.44 	0.010000000000000009
104.0 	1.46 	0.020000000000000018
105.0 	1.47 	0.010000000000000009
106.0 	1.48 	0.010000000000000009
107.0 	1.5 	0.020000000000000018
108.0 	1.51 	0.010000000000000009
109.0 	1.53 	0.020000000000000018
110.0 	1.54 	0.010000000000000009
111.0 	1.55 	0.010000000000000009
112.0 	1.57 	0.020000000000000018
113.0 	1.58 	0.010000000000000009
114.0 	1.6 	0.020000000000000018
115.0 	1.61 	0.010000000000000009
116.0 	1.63 	0.019999999999999796
117.0 	1.64 	0.010000000000000009
118.0 	1.66 	0.020000000000000018
119.0 	1.67 	0.010000000000000009
120.0 	1.69 	0.020000000000000018
121.0 	1.7 	0.010000000000000009
122.0 	1.71 	0.010000000000000009
123.0 	1.73 	0.020000000000000018
124.0 	1.74 	0.010000000000000009
125.0 	1.76 	0.020000000000000018
126.0 	1.77 	0.010000000000000009
127.0 	1.79 	0.020000000000000018
128.0 	1.8 	0.010000000000000009
129.0 	1.81 	0.010000000000000009
130.0 	1.83 	0.020000000000000018
131.0 	1.84 	0.010000000000000009
132.0 	1.86 	0.020000000000000018
133.0 	1.87 	0.010000000000000009
134.0 	1.88 	0.009999999999999787
135.0 	1.89 	0.010000000000000009
136.0 	1.9 	0.010000000000000009
137.0 	1.92 	0.020000000000000018
138.0 	1.93 	0.010000000000000009
139.0 	1.95 	0.020000000000000018
140.0 	1.96 	0.010000000000000009
141.0 	1.98 	0.020000000000000018
142.0 	1.99 	0.010000000000000009
143.0 	2.0 	0.010000000000000009
144.0 	2.01 	0.009999999999999787
145.0 	2.02 	0.010000000000000231
146.0 	2.04 	0.020000000000000018
147.0 	2.05 	0.009999999999999787
148.0 	2.07 	0.020000000000000018
149.0 	2.08 	0.010000000000000231
150.0 	2.1 	0.020000000000000018
151.0 	2.11 	0.009999999999999787
152.0 	2.12 	0.010000000000000231
153.0 	2.14 	0.020000000000000018
154.0 	2.15 	0.009999999999999787
155.0 	2.16 	0.010000000000000231
156.0 	2.18 	0.020000000000000018
157.0 	2.18 	0.0
158.0 	2.19 	0.009999999999999787
159.0 	2.22 	0.03000000000000025
160.0 	2.23 	0.009999999999999787
161.0 	2.24 	0.010000000000000231
162.0 	2.25 	0.009999999999999787
163.0 	2.27 	0.020000000000000018
164.0 	2.28 	0.009999999999999787
165.0 	2.3 	0.020000000000000018
166.0 	2.31 	0.010000000000000231
167.0 	2.33 	0.020000000000000018
168.0 	2.34 	0.009999999999999787
169.0 	2.35 	0.010000000000000231
170.0 	2.37 	0.020000000000000018
171.0 	2.38 	0.009999999999999787
172.0 	2.4 	0.020000000000000018
173.0 	2.41 	0.010000000000000231
174.0 	2.42 	0.009999999999999787
175.0 	2.43 	0.010000000000000231
176.0 	2.45 	0.020000000000000018
177.0 	2.46 	0.009999999999999787
178.0 	2.47 	0.010000000000000231
179.0 	2.48 	0.009999999999999787
180.0 	2.5 	0.020000000000000018
181.0 	2.51 	0.009999999999999787
182.0 	2.52 	0.010000000000000231
183.0 	2.54 	0.020000000000000018
184.0 	2.55 	0.009999999999999787
185.0 	2.56 	0.010000000000000231
186.0 	2.58 	0.020000000000000018
187.0 	2.58 	0.0
188.0 	2.6 	0.020000000000000018
189.0 	2.61 	0.009999999999999787
190.0 	2.63 	0.020000000000000018
191.0 	2.64 	0.010000000000000231
192.0 	2.65 	0.009999999999999787
193.0 	2.66 	0.010000000000000231
194.0 	2.67 	0.009999999999999787
195.0 	2.68 	0.010000000000000231
196.0 	2.69 	0.009999999999999787
197.0 	2.71 	0.020000000000000018
198.0 	2.72 	0.010000000000000231
199.0 	2.73 	0.009999999999999787
200.0 	2.74 	0.010000000000000231
201.0 	2.75 	0.009999999999999787
202.0 	2.77 	0.020000000000000018
203.0 	2.78 	0.009999999999999787
204.0 	2.79 	0.010000000000000231
205.0 	2.81 	0.020000000000000018
206.0 	2.82 	0.009999999999999787
207.0 	2.83 	0.010000000000000231
208.0 	2.84 	0.009999999999999787
209.0 	2.86 	0.020000000000000018
210.0 	2.87 	0.010000000000000231
211.0 	2.88 	0.009999999999999787
212.0 	2.89 	0.010000000000000231
213.0 	2.91 	0.020000000000000018
214.0 	2.92 	0.009999999999999787
215.0 	2.94 	0.020000000000000018
216.0 	2.95 	0.010000000000000231
217.0 	2.96 	0.009999999999999787
218.0 	2.97 	0.010000000000000231
219.0 	2.98 	0.009999999999999787
220.0 	3.0 	0.020000000000000018
221.0 	3.02 	0.020000000000000018
222.0 	3.03 	0.009999999999999787
223.0 	3.04 	0.010000000000000231
224.0 	3.06 	0.020000000000000018
225.0 	3.07 	0.009999999999999787
226.0 	3.08 	0.010000000000000231
227.0 	3.1 	0.020000000000000018
228.0 	3.11 	0.009999999999999787
229.0 	3.12 	0.010000000000000231
230.0 	3.13 	0.009999999999999787
231.0 	3.15 	0.020000000000000018
232.0 	3.16 	0.010000000000000231
233.0 	3.17 	0.009999999999999787
234.0 	3.18 	0.010000000000000231
235.0 	3.19 	0.009999999999999787
236.0 	3.21 	0.020000000000000018
237.0 	3.22 	0.010000000000000231
238.0 	3.23 	0.009999999999999787
239.0 	3.24 	0.010000000000000231
240.0 	3.25 	0.009999999999999787
241.0 	3.27 	0.020000000000000018
242.0 	3.28 	0.009999999999999787
243.0 	3.3 	0.020000000000000018
244.0 	3.31 	0.010000000000000231
245.0 	3.32 	0.009999999999999787
246.0 	3.33 	0.010000000000000231
247.0 	3.35 	0.020000000000000018
248.0 	3.36 	0.009999999999999787
249.0 	3.37 	0.010000000000000231
250.0 	3.38 	0.009999999999999787
251.0 	3.39 	0.010000000000000231
252.0 	3.4 	0.009999999999999787
253.0 	3.42 	0.020000000000000018
254.0 	3.43 	0.010000000000000231
255.0 	3.44 	0.009999999999999787
256.0 	3.45 	0.010000000000000231
257.0 	3.46 	0.009999999999999787
258.0 	3.48 	0.020000000000000018
259.0 	3.49 	0.010000000000000231
260.0 	3.51 	0.019999999999999574
261.0 	3.53 	0.020000000000000018
262.0 	3.54 	0.010000000000000231
263.0 	3.55 	0.009999999999999787
264.0 	3.57 	0.020000000000000018
265.0 	3.59 	0.020000000000000018
266.0 	3.6 	0.010000000000000231
267.0 	3.62 	0.020000000000000018
268.0 	3.63 	0.009999999999999787
269.0 	3.65 	0.020000000000000018
270.0 	3.66 	0.010000000000000231
271.0 	3.68 	0.020000000000000018
272.0 	3.69 	0.009999999999999787
273.0 	3.71 	0.020000000000000018
274.0 	3.72 	0.010000000000000231
275.0 	3.74 	0.020000000000000018
276.0 	3.76 	0.019999999999999574
277.0 	3.77 	0.010000000000000231
278.0 	3.79 	0.020000000000000018
279.0 	3.8 	0.009999999999999787
280.0 	3.82 	0.020000000000000018
281.0 	3.84 	0.020000000000000018
282.0 	3.85 	0.010000000000000231
283.0 	3.87 	0.020000000000000018
284.0 	3.88 	0.009999999999999787
285.0 	3.89 	0.010000000000000231
286.0 	3.91 	0.020000000000000018
287.0 	3.93 	0.020000000000000018
288.0 	3.94 	0.009999999999999787
289.0 	3.95 	0.010000000000000231
290.0 	3.97 	0.020000000000000018
291.0 	3.99 	0.020000000000000018
292.0 	4.0 	0.009999999999999787
293.0 	4.02 	0.019999999999999574
294.0 	4.03 	0.010000000000000675
295.0 	4.05 	0.019999999999999574
296.0 	4.06 	0.009999999999999787
297.0 	4.08 	0.020000000000000462
298.0 	4.09 	0.009999999999999787
299.0 	4.11 	0.020000000000000462
300.0 	4.12 	0.009999999999999787
301.0 	4.13 	0.009999999999999787
302.0 	4.14 	0.009999999999999787
303.0 	4.16 	0.020000000000000462
304.0 	4.18 	0.019999999999999574
305.0 	4.19 	0.010000000000000675
306.0 	4.21 	0.019999999999999574
307.0 	4.23 	0.020000000000000462
308.0 	4.24 	0.009999999999999787
309.0 	4.26 	0.019999999999999574
310.0 	4.27 	0.009999999999999787
311.0 	4.29 	0.020000000000000462
312.0 	4.31 	0.019999999999999574
313.0 	4.32 	0.010000000000000675
314.0 	4.34 	0.019999999999999574
315.0 	4.35 	0.009999999999999787
316.0 	4.37 	0.020000000000000462
317.0 	4.38 	0.009999999999999787
318.0 	4.4 	0.020000000000000462
319.0 	4.41 	0.009999999999999787
320.0 	4.43 	0.019999999999999574
321.0 	4.44 	0.010000000000000675
322.0 	4.45 	0.009999999999999787
323.0 	4.47 	0.019999999999999574
324.0 	4.48 	0.010000000000000675
325.0 	4.5 	0.019999999999999574
326.0 	4.51 	0.009999999999999787
327.0 	4.53 	0.020000000000000462
328.0 	4.55 	0.019999999999999574
329.0 	4.56 	0.009999999999999787
330.0 	4.58 	0.020000000000000462
331.0 	4.59 	0.009999999999999787
332.0 	4.6 	0.009999999999999787
333.0 	4.62 	0.020000000000000462
334.0 	4.63 	0.009999999999999787
335.0 	4.65 	0.020000000000000462
336.0 	4.66 	0.009999999999999787
337.0 	4.67 	0.009999999999999787
338.0 	4.69 	0.020000000000000462
339.0 	4.7 	0.009999999999999787
340.0 	4.71 	0.009999999999999787
341.0 	4.73 	0.020000000000000462
342.0 	4.74 	0.009999999999999787
343.0 	4.75 	0.009999999999999787
344.0 	4.77 	0.019999999999999574
345.0 	4.78 	0.010000000000000675
346.0 	4.8 	0.019999999999999574
347.0 	4.81 	0.009999999999999787
348.0 	4.83 	0.020000000000000462
349.0 	4.85 	0.019999999999999574
350.0 	4.86 	0.010000000000000675
351.0 	4.88 	0.019999999999999574
352.0 	4.89 	0.009999999999999787
353.0 	4.91 	0.020000000000000462
354.0 	4.92 	0.009999999999999787
355.0 	4.93 	0.009999999999999787
356.0 	4.94 	0.010000000000000675
357.0 	4.95 	0.009999999999999787
358.0 	4.96 	0.009999999999999787
359.0 	4.98 	0.020000000000000462
360.0 	4.99 	0.009999999999999787
361.0 	5.0 	0.009999999999999787
362.0 	5.01 	0.009999999999999787
363.0 	5.03 	0.020000000000000462
364.0 	5.04 	0.009999999999999787
365.0 	5.06 	0.019999999999999574
366.0 	5.07 	0.010000000000000675
367.0 	5.08 	0.009999999999999787
368.0 	5.1 	0.019999999999999574
369.0 	5.11 	0.010000000000000675
370.0 	5.13 	0.019999999999999574
371.0 	5.14 	0.009999999999999787
372.0 	5.16 	0.020000000000000462
373.0 	5.17 	0.009999999999999787
374.0 	5.18 	0.009999999999999787
375.0 	5.19 	0.010000000000000675
376.0 	5.21 	0.019999999999999574
377.0 	5.22 	0.009999999999999787
378.0 	5.23 	0.010000000000000675
379.0 	5.24 	0.009999999999999787
380.0 	5.25 	0.009999999999999787
381.0 	5.26 	0.009999999999999787
382.0 	5.28 	0.020000000000000462
383.0 	5.29 	0.009999999999999787
384.0 	5.31 	0.019999999999999574
385.0 	5.32 	0.010000000000000675
386.0 	5.33 	0.009999999999999787
387.0 	5.35 	0.019999999999999574
388.0 	5.36 	0.010000000000000675
389.0 	5.37 	0.009999999999999787
390.0 	5.38 	0.009999999999999787
391.0 	5.39 	0.009999999999999787
392.0 	5.4 	0.010000000000000675
393.0 	5.41 	0.009999999999999787
394.0 	5.43 	0.019999999999999574
395.0 	5.44 	0.010000000000000675
396.0 	5.45 	0.009999999999999787
397.0 	5.46 	0.009999999999999787
398.0 	5.48 	0.020000000000000462
399.0 	5.49 	0.009999999999999787
400.0 	5.51 	0.019999999999999574
401.0 	5.53 	0.020000000000000462
402.0 	5.54 	0.009999999999999787
403.0 	5.55 	0.009999999999999787
404.0 	5.56 	0.009999999999999787
405.0 	5.57 	0.010000000000000675
406.0 	5.58 	0.009999999999999787
407.0 	5.6 	0.019999999999999574
408.0 	5.61 	0.010000000000000675
409.0 	5.62 	0.009999999999999787
410.0 	5.63 	0.009999999999999787
411.0 	5.64 	0.009999999999999787
412.0 	5.65 	0.010000000000000675
413.0 	5.67 	0.019999999999999574
414.0 	5.68 	0.009999999999999787
415.0 	5.69 	0.010000000000000675
416.0 	5.7 	0.009999999999999787
417.0 	5.71 	0.009999999999999787
418.0 	5.72 	0.009999999999999787
419.0 	5.74 	0.020000000000000462
420.0 	5.75 	0.009999999999999787
421.0 	5.76 	0.009999999999999787
422.0 	5.77 	0.009999999999999787
423.0 	5.79 	0.020000000000000462
424.0 	5.8 	0.009999999999999787
425.0 	5.81 	0.009999999999999787
426.0 	5.83 	0.020000000000000462
427.0 	5.84 	0.009999999999999787
428.0 	5.85 	0.009999999999999787
429.0 	5.87 	0.020000000000000462
430.0 	5.88 	0.009999999999999787
431.0 	5.89 	0.009999999999999787
432.0 	5.9 	0.010000000000000675
433.0 	5.92 	0.019999999999999574
434.0 	5.93 	0.009999999999999787
435.0 	5.94 	0.010000000000000675
436.0 	5.96 	0.019999999999999574
437.0 	5.97 	0.009999999999999787
438.0 	5.98 	0.010000000000000675
439.0 	5.99 	0.009999999999999787
440.0 	6.01 	0.019999999999999574
441.0 	6.02 	0.009999999999999787
442.0 	6.03 	0.010000000000000675
443.0 	6.04 	0.009999999999999787
444.0 	6.05 	0.009999999999999787
445.0 	6.07 	0.020000000000000462
446.0 	6.08 	0.009999999999999787
447.0 	6.09 	0.009999999999999787
448.0 	6.1 	0.009999999999999787
449.0 	6.11 	0.010000000000000675
450.0 	6.13 	0.019999999999999574
451.0 	6.14 	0.009999999999999787
452.0 	6.15 	0.010000000000000675
453.0 	6.17 	0.019999999999999574
454.0 	6.18 	0.009999999999999787
455.0 	6.19 	0.010000000000000675
456.0 	6.2 	0.009999999999999787
457.0 	6.21 	0.009999999999999787
458.0 	6.22 	0.009999999999999787
459.0 	6.24 	0.020000000000000462
460.0 	6.25 	0.009999999999999787
461.0 	6.26 	0.009999999999999787
462.0 	6.27 	0.009999999999999787
463.0 	6.28 	0.010000000000000675
464.0 	6.29 	0.009999999999999787
465.0 	6.31 	0.019999999999999574
466.0 	6.32 	0.010000000000000675
467.0 	6.33 	0.009999999999999787
468.0 	6.35 	0.019999999999999574
469.0 	6.36 	0.010000000000000675
470.0 	6.37 	0.009999999999999787
471.0 	6.38 	0.009999999999999787
472.0 	6.4 	0.020000000000000462
473.0 	6.41 	0.009999999999999787
474.0 	6.43 	0.019999999999999574
475.0 	6.44 	0.010000000000000675
476.0 	6.46 	0.019999999999999574
477.0 	6.48 	0.020000000000000462
478.0 	6.49 	0.009999999999999787
479.0 	6.51 	0.019999999999999574
480.0 	6.52 	0.009999999999999787
481.0 	6.53 	0.010000000000000675
482.0 	6.55 	0.019999999999999574
483.0 	6.56 	0.009999999999999787
484.0 	6.58 	0.020000000000000462
485.0 	6.59 	0.009999999999999787
486.0 	6.6 	0.009999999999999787
487.0 	6.62 	0.020000000000000462
488.0 	6.63 	0.009999999999999787
489.0 	6.65 	0.020000000000000462
490.0 	6.66 	0.009999999999999787
491.0 	6.68 	0.019999999999999574
492.0 	6.69 	0.010000000000000675
493.0 	6.71 	0.019999999999999574
494.0 	6.72 	0.009999999999999787
495.0 	6.73 	0.010000000000000675
496.0 	6.75 	0.019999999999999574
497.0 	6.76 	0.009999999999999787
498.0 	6.78 	0.020000000000000462
499.0 	6.79 	0.009999999999999787
500.0 	6.8 	0.009999999999999787
501.0 	6.81 	0.009999999999999787
502.0 	6.82 	0.010000000000000675
503.0 	6.83 	0.009999999999999787
504.0 	6.85 	0.019999999999999574
505.0 	6.86 	0.010000000000000675
506.0 	6.87 	0.009999999999999787
507.0 	6.88 	0.009999999999999787
508.0 	6.9 	0.020000000000000462
509.0 	6.91 	0.009999999999999787
510.0 	6.92 	0.009999999999999787
511.0 	6.93 	0.009999999999999787
512.0 	6.94 	0.010000000000000675
513.0 	6.95 	0.009999999999999787
514.0 	6.96 	0.009999999999999787
515.0 	6.97 	0.009999999999999787
516.0 	6.98 	0.010000000000000675
517.0 	6.99 	0.009999999999999787
518.0 	7.0 	0.009999999999999787
519.0 	7.01 	0.009999999999999787
520.0 	7.02 	0.009999999999999787
521.0 	7.03 	0.010000000000000675
522.0 	7.04 	0.009999999999999787
523.0 	7.05 	0.009999999999999787
524.0 	7.06 	0.009999999999999787
525.0 	7.08 	0.020000000000000462
526.0 	7.09 	0.009999999999999787
527.0 	7.1 	0.009999999999999787
528.0 	7.12 	0.020000000000000462
529.0 	7.12 	0.0
530.0 	7.14 	0.019999999999999574
531.0 	7.15 	0.010000000000000675
532.0 	7.16 	0.009999999999999787
533.0 	7.17 	0.009999999999999787
534.0 	7.18 	0.009999999999999787
535.0 	7.19 	0.010000000000000675
536.0 	7.2 	0.009999999999999787
537.0 	7.21 	0.009999999999999787
538.0 	7.22 	0.009999999999999787
539.0 	7.24 	0.020000000000000462
540.0 	7.25 	0.009999999999999787
541.0 	7.26 	0.009999999999999787
542.0 	7.27 	0.009999999999999787
543.0 	7.28 	0.010000000000000675
544.0 	7.29 	0.009999999999999787
545.0 	7.3 	0.009999999999999787
546.0 	7.31 	0.009999999999999787
547.0 	7.32 	0.010000000000000675
548.0 	7.33 	0.009999999999999787
549.0 	7.34 	0.009999999999999787
550.0 	7.35 	0.009999999999999787
551.0 	7.36 	0.010000000000000675
552.0 	7.37 	0.009999999999999787
553.0 	7.38 	0.009999999999999787
554.0 	7.4 	0.020000000000000462
555.0 	7.41 	0.009999999999999787
556.0 	7.42 	0.009999999999999787
557.0 	7.43 	0.009999999999999787
558.0 	7.44 	0.010000000000000675
559.0 	7.45 	0.009999999999999787
560.0 	7.46 	0.009999999999999787
561.0 	7.47 	0.009999999999999787
562.0 	7.48 	0.010000000000000675
563.0 	7.49 	0.009999999999999787
564.0 	7.5 	0.009999999999999787
565.0 	7.52 	0.019999999999999574
566.0 	7.53 	0.010000000000000675
567.0 	7.54 	0.009999999999999787
568.0 	7.55 	0.009999999999999787
569.0 	7.56 	0.009999999999999787
570.0 	7.57 	0.010000000000000675
571.0 	7.58 	0.009999999999999787
572.0 	7.59 	0.009999999999999787
573.0 	7.6 	0.009999999999999787
574.0 	7.62 	0.020000000000000462
575.0 	7.63 	0.009999999999999787
576.0 	7.64 	0.009999999999999787
577.0 	7.65 	0.010000000000000675
578.0 	7.66 	0.009999999999999787
579.0 	7.67 	0.009999999999999787
580.0 	7.69 	0.020000000000000462
581.0 	7.7 	0.009999999999999787
582.0 	7.71 	0.009999999999999787
583.0 	7.72 	0.009999999999999787
584.0 	7.74 	0.020000000000000462
585.0 	7.75 	0.009999999999999787
586.0 	7.76 	0.009999999999999787
587.0 	7.76 	0.0
588.0 	7.78 	0.020000000000000462
589.0 	7.79 	0.009999999999999787
590.0 	7.8 	0.009999999999999787
591.0 	7.82 	0.020000000000000462
592.0 	7.83 	0.009999999999999787
593.0 	7.84 	0.009999999999999787
594.0 	7.85 	0.009999999999999787
595.0 	7.86 	0.010000000000000675
596.0 	7.87 	0.009999999999999787
597.0 	7.88 	0.009999999999999787
598.0 	7.9 	0.020000000000000462
599.0 	7.91 	0.009999999999999787
600.0 	7.92 	0.009999999999999787
601.0 	7.93 	0.009999999999999787
602.0 	7.94 	0.010000000000000675
603.0 	7.95 	0.009999999999999787
604.0 	7.96 	0.009999999999999787
605.0 	7.98 	0.020000000000000462
606.0 	7.99 	0.009999999999999787
607.0 	8.0 	0.009999999999999787
608.0 	8.01 	0.009999999999999787
609.0 	8.02 	0.009999999999999787
610.0 	8.04 	0.019999999999999574
611.0 	8.05 	0.010000000000001563
612.0 	8.06 	0.009999999999999787
613.0 	8.08 	0.019999999999999574
614.0 	8.09 	0.009999999999999787
615.0 	8.1 	0.009999999999999787
616.0 	8.12 	0.019999999999999574
617.0 	8.13 	0.010000000000001563
618.0 	8.15 	0.019999999999999574
619.0 	8.16 	0.009999999999999787
620.0 	8.18 	0.019999999999999574
621.0 	8.2 	0.019999999999999574
622.0 	8.21 	0.010000000000001563
623.0 	8.23 	0.019999999999999574
624.0 	8.24 	0.009999999999999787
625.0 	8.25 	0.009999999999999787
626.0 	8.26 	0.009999999999999787
627.0 	8.28 	0.019999999999999574
628.0 	8.3 	0.02000000000000135
629.0 	8.31 	0.009999999999999787
630.0 	8.33 	0.019999999999999574
631.0 	8.34 	0.009999999999999787
632.0 	8.36 	0.019999999999999574
633.0 	8.38 	0.02000000000000135
634.0 	8.39 	0.009999999999999787
635.0 	8.4 	0.009999999999999787
636.0 	8.42 	0.019999999999999574
637.0 	8.43 	0.009999999999999787
638.0 	8.45 	0.019999999999999574
639.0 	8.46 	0.010000000000001563
640.0 	8.48 	0.019999999999999574
641.0 	8.49 	0.009999999999999787
642.0 	8.5 	0.009999999999999787
643.0 	8.51 	0.009999999999999787
644.0 	8.52 	0.009999999999999787
645.0 	8.53 	0.009999999999999787
646.0 	8.55 	0.02000000000000135
647.0 	8.57 	0.019999999999999574
648.0 	8.58 	0.009999999999999787
649.0 	8.59 	0.009999999999999787
650.0 	8.61 	0.019999999999999574
651.0 	8.62 	0.009999999999999787
652.0 	8.63 	0.010000000000001563
653.0 	8.65 	0.019999999999999574
654.0 	8.66 	0.009999999999999787
655.0 	8.67 	0.009999999999999787
656.0 	8.69 	0.019999999999999574
657.0 	8.71 	0.02000000000000135
658.0 	8.72 	0.009999999999999787
659.0 	8.73 	0.009999999999999787
660.0 	8.75 	0.019999999999999574
661.0 	8.76 	0.009999999999999787
662.0 	8.77 	0.009999999999999787
663.0 	8.79 	0.019999999999999574
664.0 	8.8 	0.010000000000001563
665.0 	8.81 	0.009999999999999787
666.0 	8.83 	0.019999999999999574
667.0 	8.84 	0.009999999999999787
668.0 	8.85 	0.009999999999999787
669.0 	8.86 	0.009999999999999787
670.0 	8.87 	0.009999999999999787
671.0 	8.88 	0.010000000000001563
672.0 	8.9 	0.019999999999999574
673.0 	8.91 	0.009999999999999787
674.0 	8.93 	0.019999999999999574
675.0 	8.94 	0.009999999999999787
676.0 	8.95 	0.009999999999999787
677.0 	8.97 	0.02000000000000135
678.0 	8.98 	0.009999999999999787
679.0 	8.99 	0.009999999999999787
680.0 	9.01 	0.019999999999999574
681.0 	9.02 	0.009999999999999787
682.0 	9.03 	0.009999999999999787
683.0 	9.04 	0.009999999999999787
684.0 	9.05 	0.010000000000001563
685.0 	9.06 	0.009999999999999787
686.0 	9.08 	0.019999999999999574
687.0 	9.09 	0.009999999999999787
688.0 	9.11 	0.019999999999999574
689.0 	9.12 	0.009999999999999787
690.0 	9.13 	0.010000000000001563
691.0 	9.14 	0.009999999999999787
692.0 	9.16 	0.019999999999999574
693.0 	9.17 	0.009999999999999787
694.0 	9.18 	0.009999999999999787
695.0 	9.2 	0.019999999999999574
696.0 	9.21 	0.010000000000001563
697.0 	9.22 	0.009999999999999787
698.0 	9.24 	0.019999999999999574
699.0 	9.25 	0.009999999999999787
700.0 	9.27 	0.019999999999999574
701.0 	9.28 	0.009999999999999787
702.0 	9.29 	0.009999999999999787
703.0 	9.3 	0.010000000000001563
704.0 	9.32 	0.019999999999999574
705.0 	9.34 	0.019999999999999574
706.0 	9.35 	0.009999999999999787
707.0 	9.36 	0.009999999999999787
708.0 	9.37 	0.009999999999999787
709.0 	9.39 	0.02000000000000135
710.0 	9.4 	0.009999999999999787
711.0 	9.42 	0.019999999999999574
712.0 	9.43 	0.009999999999999787
713.0 	9.44 	0.009999999999999787
714.0 	9.46 	0.02000000000000135
715.0 	9.47 	0.009999999999999787
716.0 	9.49 	0.019999999999999574
717.0 	9.51 	0.019999999999999574
718.0 	9.52 	0.009999999999999787
719.0 	9.54 	0.019999999999999574
720.0 	9.54 	0.0
721.0 	9.56 	0.02000000000000135
722.0 	9.57 	0.009999999999999787
723.0 	9.58 	0.009999999999999787
724.0 	9.6 	0.019999999999999574
725.0 	9.61 	0.009999999999999787
726.0 	9.63 	0.02000000000000135
727.0 	9.64 	0.009999999999999787
728.0 	9.66 	0.019999999999999574
729.0 	9.67 	0.009999999999999787
730.0 	9.69 	0.019999999999999574
731.0 	9.7 	0.009999999999999787
732.0 	9.71 	0.010000000000001563
733.0 	9.72 	0.009999999999999787
734.0 	9.73 	0.009999999999999787
735.0 	9.75 	0.019999999999999574
736.0 	9.76 	0.009999999999999787
737.0 	9.77 	0.009999999999999787
738.0 	9.79 	0.019999999999999574
739.0 	9.8 	0.010000000000001563
740.0 	9.81 	0.009999999999999787
741.0 	9.82 	0.009999999999999787
742.0 	9.83 	0.009999999999999787
743.0 	9.85 	0.019999999999999574
744.0 	9.86 	0.009999999999999787
745.0 	9.87 	0.009999999999999787
746.0 	9.88 	0.010000000000001563
747.0 	9.89 	0.009999999999999787
748.0 	9.9 	0.009999999999999787
749.0 	9.91 	0.009999999999999787
750.0 	9.92 	0.009999999999999787
751.0 	9.93 	0.009999999999999787
752.0 	9.95 	0.019999999999999574
753.0 	9.96 	0.010000000000001563
754.0 	9.97 	0.009999999999999787
755.0 	9.99 	0.019999999999999574
756.0 	10.0 	0.009999999999999787
757.0 	10.01 	0.009999999999999787
758.0 	10.02 	0.009999999999999787
759.0 	10.03 	0.009999999999999787
760.0 	10.04 	0.009999999999999787
761.0 	10.06 	0.02000000000000135
762.0 	10.07 	0.009999999999999787
763.0 	10.08 	0.009999999999999787
764.0 	10.09 	0.009999999999999787
765.0 	10.1 	0.009999999999999787
766.0 	10.12 	0.019999999999999574
767.0 	10.13 	0.010000000000001563
768.0 	10.14 	0.009999999999999787
769.0 	10.16 	0.019999999999999574
770.0 	10.18 	0.019999999999999574
771.0 	10.19 	0.009999999999999787
772.0 	10.2 	0.009999999999999787
773.0 	10.22 	0.02000000000000135
774.0 	10.23 	0.009999999999999787
775.0 	10.24 	0.009999999999999787
776.0 	10.25 	0.009999999999999787
777.0 	10.26 	0.009999999999999787
778.0 	10.28 	0.019999999999999574
779.0 	10.3 	0.02000000000000135
780.0 	10.31 	0.009999999999999787
781.0 	10.32 	0.009999999999999787
782.0 	10.34 	0.019999999999999574
783.0 	10.35 	0.009999999999999787
784.0 	10.36 	0.009999999999999787
785.0 	10.38 	0.02000000000000135
786.0 	10.39 	0.009999999999999787
787.0 	10.4 	0.009999999999999787
788.0 	10.41 	0.009999999999999787
789.0 	10.42 	0.009999999999999787
790.0 	10.43 	0.009999999999999787
791.0 	10.45 	0.019999999999999574
792.0 	10.46 	0.010000000000001563
793.0 	10.47 	0.009999999999999787
794.0 	10.48 	0.009999999999999787
795.0 	10.49 	0.009999999999999787
796.0 	10.51 	0.019999999999999574
797.0 	10.52 	0.009999999999999787
798.0 	10.53 	0.009999999999999787
799.0 	10.54 	0.009999999999999787
800.0 	10.56 	0.02000000000000135
801.0 	10.56 	0.0
802.0 	10.58 	0.019999999999999574
803.0 	10.59 	0.009999999999999787
804.0 	10.6 	0.009999999999999787
805.0 	10.62 	0.019999999999999574
806.0 	10.63 	0.010000000000001563
807.0 	10.64 	0.009999999999999787
808.0 	10.65 	0.009999999999999787
809.0 	10.66 	0.009999999999999787
810.0 	10.67 	0.009999999999999787
811.0 	10.69 	0.019999999999999574
812.0 	10.7 	0.009999999999999787
813.0 	10.71 	0.010000000000001563
814.0 	10.72 	0.009999999999999787
815.0 	10.73 	0.009999999999999787
816.0 	10.75 	0.019999999999999574
817.0 	10.76 	0.009999999999999787
818.0 	10.77 	0.009999999999999787
819.0 	10.79 	0.019999999999999574
820.0 	10.8 	0.010000000000001563
821.0 	10.81 	0.009999999999999787
822.0 	10.83 	0.019999999999999574
823.0 	10.84 	0.009999999999999787
824.0 	10.86 	0.019999999999999574
825.0 	10.87 	0.009999999999999787
826.0 	10.88 	0.010000000000001563
827.0 	10.9 	0.019999999999999574
828.0 	10.92 	0.019999999999999574
829.0 	10.94 	0.019999999999999574
830.0 	10.95 	0.009999999999999787
831.0 	10.96 	0.010000000000001563
832.0 	10.98 	0.019999999999999574
833.0 	10.99 	0.009999999999999787
834.0 	11.01 	0.019999999999999574
835.0 	11.02 	0.009999999999999787
836.0 	11.04 	0.019999999999999574
837.0 	11.05 	0.010000000000001563
838.0 	11.06 	0.009999999999999787
839.0 	11.08 	0.019999999999999574
840.0 	11.09 	0.009999999999999787
841.0 	11.1 	0.009999999999999787
842.0 	11.11 	0.009999999999999787
843.0 	11.13 	0.02000000000000135
844.0 	11.14 	0.009999999999999787
845.0 	11.15 	0.009999999999999787
846.0 	11.17 	0.019999999999999574
847.0 	11.18 	0.009999999999999787
848.0 	11.19 	0.009999999999999787
849.0 	11.21 	0.02000000000000135
850.0 	11.22 	0.009999999999999787
851.0 	11.23 	0.009999999999999787
852.0 	11.25 	0.019999999999999574
853.0 	11.26 	0.009999999999999787
854.0 	11.28 	0.019999999999999574
855.0 	11.29 	0.009999999999999787
856.0 	11.31 	0.02000000000000135
857.0 	11.32 	0.009999999999999787
858.0 	11.33 	0.009999999999999787
859.0 	11.35 	0.019999999999999574
860.0 	11.36 	0.009999999999999787
861.0 	11.37 	0.009999999999999787
862.0 	11.38 	0.010000000000001563
863.0 	11.39 	0.009999999999999787
864.0 	11.4 	0.009999999999999787
865.0 	11.41 	0.009999999999999787
866.0 	11.42 	0.009999999999999787
867.0 	11.43 	0.009999999999999787
868.0 	11.44 	0.009999999999999787
869.0 	11.46 	0.02000000000000135
870.0 	11.47 	0.009999999999999787
871.0 	11.48 	0.009999999999999787
872.0 	11.5 	0.019999999999999574
873.0 	11.51 	0.009999999999999787
874.0 	11.52 	0.009999999999999787
875.0 	11.53 	0.009999999999999787
876.0 	11.54 	0.009999999999999787
877.0 	11.55 	0.010000000000001563
878.0 	11.57 	0.019999999999999574
879.0 	11.58 	0.009999999999999787
880.0 	11.59 	0.009999999999999787
881.0 	11.6 	0.009999999999999787
882.0 	11.61 	0.009999999999999787
883.0 	11.62 	0.009999999999999787
884.0 	11.63 	0.010000000000001563
885.0 	11.64 	0.009999999999999787
886.0 	11.65 	0.009999999999999787
887.0 	11.66 	0.009999999999999787
888.0 	11.67 	0.009999999999999787
889.0 	11.69 	0.019999999999999574
890.0 	11.7 	0.009999999999999787
891.0 	11.71 	0.010000000000001563
892.0 	11.72 	0.009999999999999787
893.0 	11.73 	0.009999999999999787
894.0 	11.74 	0.009999999999999787
895.0 	11.75 	0.009999999999999787
896.0 	11.77 	0.019999999999999574
897.0 	11.78 	0.009999999999999787
898.0 	11.79 	0.009999999999999787
899.0 	11.8 	0.010000000000001563
900.0 	11.81 	0.009999999999999787
901.0 	11.82 	0.009999999999999787
902.0 	11.83 	0.009999999999999787
903.0 	11.84 	0.009999999999999787
904.0 	11.85 	0.009999999999999787
905.0 	11.87 	0.019999999999999574
906.0 	11.88 	0.010000000000001563
907.0 	11.9 	0.019999999999999574
908.0 	11.91 	0.009999999999999787
909.0 	11.92 	0.009999999999999787
910.0 	11.93 	0.009999999999999787
911.0 	11.94 	0.009999999999999787
912.0 	11.95 	0.009999999999999787
913.0 	11.96 	0.010000000000001563
914.0 	11.97 	0.009999999999999787
915.0 	11.98 	0.009999999999999787
916.0 	11.99 	0.009999999999999787
917.0 	12.01 	0.019999999999999574
918.0 	12.02 	0.009999999999999787
919.0 	12.03 	0.009999999999999787
920.0 	12.04 	0.009999999999999787
921.0 	12.05 	0.010000000000001563
922.0 	12.06 	0.009999999999999787
923.0 	12.07 	0.009999999999999787
924.0 	12.09 	0.019999999999999574
925.0 	12.1 	0.009999999999999787
926.0 	12.11 	0.009999999999999787
927.0 	12.11 	0.0
928.0 	12.13 	0.02000000000000135
929.0 	12.13 	0.0
930.0 	12.14 	0.009999999999999787
931.0 	12.16 	0.019999999999999574
932.0 	12.17 	0.009999999999999787
933.0 	12.18 	0.009999999999999787
934.0 	12.19 	0.009999999999999787
935.0 	12.2 	0.009999999999999787
936.0 	12.21 	0.010000000000001563
937.0 	12.22 	0.009999999999999787
938.0 	12.24 	0.019999999999999574
939.0 	12.25 	0.009999999999999787
940.0 	12.26 	0.009999999999999787
941.0 	12.27 	0.009999999999999787
942.0 	12.28 	0.009999999999999787
943.0 	12.29 	0.009999999999999787
944.0 	12.3 	0.010000000000001563
945.0 	12.32 	0.019999999999999574
946.0 	12.33 	0.009999999999999787
947.0 	12.34 	0.009999999999999787
948.0 	12.35 	0.009999999999999787
949.0 	12.36 	0.009999999999999787
950.0 	12.38 	0.02000000000000135
951.0 	12.39 	0.009999999999999787
952.0 	12.4 	0.009999999999999787
953.0 	12.41 	0.009999999999999787
954.0 	12.43 	0.019999999999999574
955.0 	12.44 	0.009999999999999787
956.0 	12.45 	0.009999999999999787
957.0 	12.46 	0.010000000000001563
958.0 	12.47 	0.009999999999999787
959.0 	12.48 	0.009999999999999787
960.0 	12.49 	0.009999999999999787
961.0 	12.51 	0.019999999999999574
962.0 	12.52 	0.009999999999999787
963.0 	12.54 	0.019999999999999574
964.0 	12.55 	0.010000000000001563
965.0 	12.56 	0.009999999999999787
966.0 	12.57 	0.009999999999999787
967.0 	12.58 	0.009999999999999787
968.0 	12.59 	0.009999999999999787
969.0 	12.6 	0.009999999999999787
970.0 	12.62 	0.019999999999999574
971.0 	12.63 	0.010000000000001563
972.0 	12.64 	0.009999999999999787
973.0 	12.65 	0.009999999999999787
974.0 	12.66 	0.009999999999999787
975.0 	12.68 	0.019999999999999574
976.0 	12.69 	0.009999999999999787
977.0 	12.7 	0.009999999999999787
978.0 	12.71 	0.010000000000001563
979.0 	12.72 	0.009999999999999787
980.0 	12.73 	0.009999999999999787
981.0 	12.74 	0.009999999999999787
982.0 	12.75 	0.009999999999999787
983.0 	12.77 	0.019999999999999574
984.0 	12.78 	0.009999999999999787
985.0 	12.79 	0.009999999999999787
986.0 	12.8 	0.010000000000001563
987.0 	12.81 	0.009999999999999787
988.0 	12.82 	0.009999999999999787
989.0 	12.83 	0.009999999999999787
990.0 	12.84 	0.009999999999999787
991.0 	12.86 	0.019999999999999574
992.0 	12.87 	0.009999999999999787
993.0 	12.88 	0.010000000000001563
994.0 	12.89 	0.009999999999999787
995.0 	12.9 	0.009999999999999787
996.0 	12.91 	0.009999999999999787
997.0 	12.92 	0.009999999999999787
998.0 	12.93 	0.009999999999999787
999.0 	12.95 	0.019999999999999574
1000.0 	12.96 	0.010000000000001563
1001.0 	12.97 	0.009999999999999787
1002.0 	12.98 	0.009999999999999787
1003.0 	12.99 	0.009999999999999787
1004.0 	13.0 	0.009999999999999787
1005.0 	13.01 	0.009999999999999787
1006.0 	13.02 	0.009999999999999787
1007.0 	13.03 	0.009999999999999787
1008.0 	13.04 	0.009999999999999787
1009.0 	13.05 	0.010000000000001563
1010.0 	13.07 	0.019999999999999574
1011.0 	13.08 	0.009999999999999787
1012.0 	13.09 	0.009999999999999787
1013.0 	13.11 	0.019999999999999574
1014.0 	13.12 	0.009999999999999787
1015.0 	13.13 	0.010000000000001563
1016.0 	13.14 	0.009999999999999787
1017.0 	13.15 	0.009999999999999787
1018.0 	13.16 	0.009999999999999787
1019.0 	13.18 	0.019999999999999574
1020.0 	13.19 	0.009999999999999787
1021.0 	13.2 	0.009999999999999787
1022.0 	13.21 	0.010000000000001563
1023.0 	13.22 	0.009999999999999787
1024.0 	13.23 	0.009999999999999787
1025.0 	13.24 	0.009999999999999787
1026.0 	13.25 	0.009999999999999787
1027.0 	13.26 	0.009999999999999787
1028.0 	13.27 	0.009999999999999787
1029.0 	13.28 	0.009999999999999787
1030.0 	13.29 	0.009999999999999787
1031.0 	13.3 	0.010000000000001563
1032.0 	13.31 	0.009999999999999787
1033.0 	13.32 	0.009999999999999787
1034.0 	13.34 	0.019999999999999574
1035.0 	13.35 	0.009999999999999787
1036.0 	13.36 	0.009999999999999787
1037.0 	13.37 	0.009999999999999787
1038.0 	13.38 	0.010000000000001563
1039.0 	13.39 	0.009999999999999787
1040.0 	13.4 	0.009999999999999787
1041.0 	13.41 	0.009999999999999787
1042.0 	13.43 	0.019999999999999574
1043.0 	13.44 	0.009999999999999787
1044.0 	13.45 	0.009999999999999787
1045.0 	13.46 	0.010000000000001563
1046.0 	13.47 	0.009999999999999787
1047.0 	13.48 	0.009999999999999787
1048.0 	13.49 	0.009999999999999787
1049.0 	13.5 	0.009999999999999787
1050.0 	13.51 	0.009999999999999787
1051.0 	13.52 	0.009999999999999787
1052.0 	13.53 	0.009999999999999787
1053.0 	13.54 	0.009999999999999787
1054.0 	13.55 	0.010000000000001563
1055.0 	13.57 	0.019999999999999574
1056.0 	13.58 	0.009999999999999787
1057.0 	13.59 	0.009999999999999787
1058.0 	13.6 	0.009999999999999787
1059.0 	13.61 	0.009999999999999787
1060.0 	13.62 	0.009999999999999787
1061.0 	13.63 	0.010000000000001563
1062.0 	13.64 	0.009999999999999787
1063.0 	13.65 	0.009999999999999787
1064.0 	13.66 	0.009999999999999787
1065.0 	13.67 	0.009999999999999787
1066.0 	13.68 	0.009999999999999787
1067.0 	13.69 	0.009999999999999787
1068.0 	13.7 	0.009999999999999787
1069.0 	13.72 	0.02000000000000135
1070.0 	13.73 	0.009999999999999787
1071.0 	13.74 	0.009999999999999787
1072.0 	13.75 	0.009999999999999787
1073.0 	13.76 	0.009999999999999787
1074.0 	13.77 	0.009999999999999787
1075.0 	13.78 	0.009999999999999787
1076.0 	13.79 	0.009999999999999787
1077.0 	13.81 	0.02000000000000135
1078.0 	13.82 	0.009999999999999787
1079.0 	13.83 	0.009999999999999787
1080.0 	13.84 	0.009999999999999787
1081.0 	13.85 	0.009999999999999787
1082.0 	13.86 	0.009999999999999787
1083.0 	13.87 	0.009999999999999787
1084.0 	13.88 	0.010000000000001563
1085.0 	13.89 	0.009999999999999787
1086.0 	13.91 	0.019999999999999574
1087.0 	13.92 	0.009999999999999787
1088.0 	13.93 	0.009999999999999787
1089.0 	13.94 	0.009999999999999787
1090.0 	13.95 	0.009999999999999787
1091.0 	13.96 	0.010000000000001563
1092.0 	13.97 	0.009999999999999787
1093.0 	13.98 	0.009999999999999787
1094.0 	14.0 	0.019999999999999574
1095.0 	14.01 	0.009999999999999787
1096.0 	14.02 	0.009999999999999787
1097.0 	14.03 	0.009999999999999787
1098.0 	14.04 	0.009999999999999787
1099.0 	14.05 	0.010000000000001563
1100.0 	14.06 	0.009999999999999787
1101.0 	14.08 	0.019999999999999574
1102.0 	14.1 	0.019999999999999574
1103.0 	14.11 	0.009999999999999787
1104.0 	14.12 	0.009999999999999787
1105.0 	14.14 	0.02000000000000135
1106.0 	14.15 	0.009999999999999787
1107.0 	14.16 	0.009999999999999787
1108.0 	14.17 	0.009999999999999787
1109.0 	14.18 	0.009999999999999787
1110.0 	14.19 	0.009999999999999787
1111.0 	14.21 	0.02000000000000135
1112.0 	14.22 	0.009999999999999787
1113.0 	14.23 	0.009999999999999787
1114.0 	14.24 	0.009999999999999787
1115.0 	14.25 	0.009999999999999787
1116.0 	14.27 	0.019999999999999574
1117.0 	14.28 	0.009999999999999787
1118.0 	14.29 	0.009999999999999787
1119.0 	14.31 	0.02000000000000135
1120.0 	14.32 	0.009999999999999787
1121.0 	14.33 	0.009999999999999787
1122.0 	14.35 	0.019999999999999574
1123.0 	14.36 	0.009999999999999787
1124.0 	14.38 	0.02000000000000135
1125.0 	14.39 	0.009999999999999787
1126.0 	14.41 	0.019999999999999574
1127.0 	14.42 	0.009999999999999787
1128.0 	14.44 	0.019999999999999574
1129.0 	14.45 	0.009999999999999787
1130.0 	14.47 	0.02000000000000135
1131.0 	14.48 	0.009999999999999787
1132.0 	14.49 	0.009999999999999787
1133.0 	14.51 	0.019999999999999574
1134.0 	14.52 	0.009999999999999787
1135.0 	14.54 	0.019999999999999574
1136.0 	14.55 	0.010000000000001563
1137.0 	14.56 	0.009999999999999787
1138.0 	14.58 	0.019999999999999574
1139.0 	14.6 	0.019999999999999574
1140.0 	14.61 	0.009999999999999787
1141.0 	14.63 	0.02000000000000135
1142.0 	14.64 	0.009999999999999787
1143.0 	14.65 	0.009999999999999787
1144.0 	14.66 	0.009999999999999787
1145.0 	14.68 	0.019999999999999574
1146.0 	14.69 	0.009999999999999787
1147.0 	14.7 	0.009999999999999787
1148.0 	14.71 	0.010000000000001563
1149.0 	14.72 	0.009999999999999787
1150.0 	14.74 	0.019999999999999574
1151.0 	14.75 	0.009999999999999787
1152.0 	14.77 	0.019999999999999574
1153.0 	14.78 	0.009999999999999787
1154.0 	14.79 	0.009999999999999787
1155.0 	14.8 	0.010000000000001563
1156.0 	14.81 	0.009999999999999787
1157.0 	14.83 	0.019999999999999574
1158.0 	14.84 	0.009999999999999787
1159.0 	14.85 	0.009999999999999787
1160.0 	14.87 	0.019999999999999574
1161.0 	14.88 	0.010000000000001563
1162.0 	14.89 	0.009999999999999787
1163.0 	14.9 	0.009999999999999787
1164.0 	14.91 	0.009999999999999787
1165.0 	14.92 	0.009999999999999787
1166.0 	14.94 	0.019999999999999574
1167.0 	14.96 	0.02000000000000135
1168.0 	14.96 	0.0
1169.0 	14.97 	0.009999999999999787
1170.0 	14.99 	0.019999999999999574
1171.0 	15.0 	0.009999999999999787
1172.0 	15.01 	0.009999999999999787
1173.0 	15.03 	0.019999999999999574
1174.0 	15.04 	0.009999999999999787
1175.0 	15.05 	0.010000000000001563
1176.0 	15.07 	0.019999999999999574
1177.0 	15.08 	0.009999999999999787
1178.0 	15.09 	0.009999999999999787
1179.0 	15.11 	0.019999999999999574
1180.0 	15.12 	0.009999999999999787
1181.0 	15.13 	0.010000000000001563
1182.0 	15.14 	0.009999999999999787
1183.0 	15.16 	0.019999999999999574
1184.0 	15.17 	0.009999999999999787
1185.0 	15.18 	0.009999999999999787
1186.0 	15.19 	0.009999999999999787
1187.0 	15.21 	0.02000000000000135
1188.0 	15.23 	0.019999999999999574
1189.0 	15.24 	0.009999999999999787
1190.0 	15.25 	0.009999999999999787
1191.0 	15.26 	0.009999999999999787
1192.0 	15.28 	0.019999999999999574
1193.0 	15.29 	0.009999999999999787
1194.0 	15.3 	0.010000000000001563
1195.0 	15.31 	0.009999999999999787
1196.0 	15.33 	0.019999999999999574
1197.0 	15.34 	0.009999999999999787
1198.0 	15.35 	0.009999999999999787
1199.0 	15.36 	0.009999999999999787
1200.0 	15.38 	0.02000000000000135
1201.0 	15.4 	0.019999999999999574
1202.0 	15.41 	0.009999999999999787
1203.0 	15.42 	0.009999999999999787
1204.0 	15.44 	0.019999999999999574
1205.0 	15.45 	0.009999999999999787
1206.0 	15.47 	0.02000000000000135
1207.0 	15.48 	0.009999999999999787
1208.0 	15.49 	0.009999999999999787
1209.0 	15.51 	0.019999999999999574
1210.0 	15.52 	0.009999999999999787
1211.0 	15.54 	0.019999999999999574
1212.0 	15.55 	0.010000000000001563
1213.0 	15.57 	0.019999999999999574
1214.0 	15.58 	0.009999999999999787
1215.0 	15.6 	0.019999999999999574
1216.0 	15.61 	0.009999999999999787
1217.0 	15.62 	0.009999999999999787
1218.0 	15.64 	0.02000000000000135
1219.0 	15.65 	0.009999999999999787
1220.0 	15.66 	0.009999999999999787
1221.0 	15.68 	0.019999999999999574
1222.0 	15.69 	0.009999999999999787
1223.0 	15.71 	0.02000000000000135
1224.0 	15.72 	0.009999999999999787
1225.0 	15.73 	0.009999999999999787
