# time 	Initial 	Final 	Iterations
1.0 	0.00024875 	3.15981e-11 	5
2.0 	0.000232594 	4.9373e-11 	5
3.0 	0.000244991 	4.96591e-11 	5
4.0 	0.000243499 	5.55699e-11 	5
5.0 	0.000241414 	3.75354e-11 	5
6.0 	0.000242528 	4.06655e-11 	5
7.0 	0.000246395 	9.7063e-11 	5
8.0 	0.000250556 	6.39775e-11 	5
9.0 	0.000254378 	6.36734e-11 	5
10.0 	0.000257975 	6.50118e-11 	5
11.0 	0.000262101 	6.72145e-11 	5
12.0 	0.000266867 	7.01068e-11 	5
13.0 	0.000271901 	7.51549e-11 	5
14.0 	0.000277088 	7.97811e-11 	5
15.0 	0.000282476 	8.47997e-11 	5
16.0 	0.00028814 	8.96763e-11 	5
17.0 	0.000294066 	9.53317e-11 	5
18.0 	0.000300128 	2.89465e-11 	6
19.0 	0.000306324 	2.95449e-11 	6
20.0 	0.000312683 	3.02874e-11 	6
21.0 	0.000319127 	3.11122e-11 	6
22.0 	0.000325758 	3.168e-11 	6
23.0 	0.000332558 	3.23371e-11 	6
24.0 	0.000339487 	3.29782e-11 	6
25.0 	0.000346552 	3.36524e-11 	6
26.0 	0.000353745 	3.44079e-11 	6
27.0 	0.000361098 	3.52885e-11 	6
28.0 	0.000368553 	3.65985e-11 	6
29.0 	0.000376232 	3.84742e-11 	6
30.0 	0.000384064 	4.04099e-11 	6
31.0 	0.000391975 	4.19033e-11 	6
32.0 	0.000399992 	4.3201e-11 	6
33.0 	0.000408046 	4.43802e-11 	6
34.0 	0.000416149 	4.54313e-11 	6
35.0 	0.000424414 	4.63853e-11 	6
36.0 	0.000432708 	4.71935e-11 	6
37.0 	0.000441087 	4.80331e-11 	6
38.0 	0.000449496 	4.90429e-11 	6
39.0 	0.000457916 	4.98166e-11 	6
40.0 	0.000466337 	5.04603e-11 	6
41.0 	0.000474833 	5.10767e-11 	6
42.0 	0.000483363 	5.16979e-11 	6
43.0 	0.000491931 	5.21552e-11 	6
44.0 	0.000500521 	5.22608e-11 	6
45.0 	0.000509072 	5.24723e-11 	6
46.0 	0.000517649 	5.26887e-11 	6
47.0 	0.000526224 	5.25778e-11 	6
48.0 	0.000534791 	5.22251e-11 	6
49.0 	0.000543307 	5.16955e-11 	6
50.0 	0.000551801 	5.11189e-11 	6
51.0 	0.000560276 	5.06048e-11 	6
52.0 	0.000568678 	5.00597e-11 	6
53.0 	0.000577107 	4.92435e-11 	6
54.0 	0.000585429 	4.82681e-11 	6
55.0 	0.000593672 	4.68817e-11 	6
56.0 	0.00060189 	4.50957e-11 	6
57.0 	0.000610149 	4.27515e-11 	6
58.0 	0.00061827 	3.99504e-11 	6
59.0 	0.000626274 	3.63336e-11 	6
60.0 	0.000634166 	3.45714e-11 	6
61.0 	0.000642034 	3.60418e-11 	6
62.0 	0.000649698 	3.9605e-11 	6
63.0 	0.000657367 	4.37482e-11 	6
64.0 	0.000665031 	4.70764e-11 	6
65.0 	0.000672471 	4.96226e-11 	6
66.0 	0.000679794 	5.1437e-11 	6
67.0 	0.000687064 	5.27396e-11 	6
68.0 	0.00069413 	5.36704e-11 	6
69.0 	0.00070115 	5.44057e-11 	6
70.0 	0.000708141 	5.50966e-11 	6
71.0 	0.000714976 	5.58154e-11 	6
72.0 	0.00072178 	5.66479e-11 	6
73.0 	0.00072842 	5.76039e-11 	6
74.0 	0.000734848 	5.87011e-11 	6
75.0 	0.000741258 	6.00103e-11 	6
76.0 	0.000747509 	6.14791e-11 	6
77.0 	0.000753525 	6.30402e-11 	6
78.0 	0.000759477 	6.468e-11 	6
79.0 	0.000765256 	6.64899e-11 	6
80.0 	0.000770848 	6.82954e-11 	6
81.0 	0.000776432 	7.03311e-11 	6
82.0 	0.000781941 	7.25541e-11 	6
83.0 	0.000787091 	7.46987e-11 	6
84.0 	0.000792141 	7.65909e-11 	6
85.0 	0.000797265 	7.81629e-11 	6
86.0 	0.000802202 	7.9087e-11 	6
87.0 	0.000806946 	7.91101e-11 	6
88.0 	0.000811651 	7.77478e-11 	6
89.0 	0.000816244 	7.44496e-11 	6
90.0 	0.000820832 	6.87111e-11 	6
91.0 	0.000825338 	6.0123e-11 	6
92.0 	0.000829803 	5.08347e-11 	6
93.0 	0.000834191 	5.59787e-11 	6
94.0 	0.000838696 	8.16069e-11 	6
95.0 	0.000843351 	2.80787e-11 	6
96.0 	0.000847916 	4.85014e-11 	6
97.0 	0.000852433 	7.97028e-11 	6
98.0 	0.00085696 	6.99267e-12 	7
99.0 	0.000861379 	6.51016e-12 	7
100.0 	0.000865769 	6.10733e-12 	7
101.0 	0.000870112 	5.70541e-12 	7
102.0 	0.000874169 	5.31691e-12 	7
103.0 	0.00087816 	4.93779e-12 	7
104.0 	0.000882225 	4.5692e-12 	7
105.0 	0.000886024 	8.41131e-11 	6
106.0 	0.000889666 	6.59913e-11 	6
107.0 	0.000893217 	5.27617e-11 	6
108.0 	0.000896655 	4.29716e-11 	6
109.0 	0.000900042 	3.57966e-11 	6
110.0 	0.000903318 	3.07216e-11 	6
111.0 	0.000906338 	2.68317e-11 	6
112.0 	0.000909439 	2.39199e-11 	6
113.0 	0.0009124 	2.1737e-11 	6
114.0 	0.000915188 	1.99986e-11 	6
115.0 	0.000917961 	1.86266e-11 	6
116.0 	0.000920765 	1.75439e-11 	6
117.0 	0.000923342 	1.74413e-11 	6
118.0 	0.000925876 	1.82433e-11 	6
119.0 	0.000928274 	1.80149e-11 	6
120.0 	0.000930517 	1.7382e-11 	6
121.0 	0.000932842 	1.66493e-11 	6
122.0 	0.000935043 	1.59123e-11 	6
123.0 	0.000936953 	1.52465e-11 	6
124.0 	0.000938822 	1.47146e-11 	6
125.0 	0.000940724 	1.42876e-11 	6
126.0 	0.00094258 	1.39599e-11 	6
127.0 	0.000944295 	1.37743e-11 	6
128.0 	0.000946009 	1.36735e-11 	6
129.0 	0.000947484 	1.3618e-11 	6
130.0 	0.000948883 	1.35877e-11 	6
131.0 	0.000950523 	1.35839e-11 	6
132.0 	0.000952141 	1.35968e-11 	6
133.0 	0.000953597 	1.36295e-11 	6
134.0 	0.000955009 	1.36744e-11 	6
135.0 	0.000956546 	1.37275e-11 	6
136.0 	0.000958153 	1.37829e-11 	6
137.0 	0.000959748 	1.38361e-11 	6
138.0 	0.000961381 	1.38963e-11 	6
139.0 	0.000962989 	1.39852e-11 	6
140.0 	0.000964605 	1.40411e-11 	6
141.0 	0.000966274 	1.40923e-11 	6
142.0 	0.000968141 	1.41377e-11 	6
143.0 	0.000970085 	1.41913e-11 	6
144.0 	0.000972041 	1.42414e-11 	6
145.0 	0.000974148 	1.42851e-11 	6
146.0 	0.000976386 	1.43238e-11 	6
147.0 	0.000978782 	1.43535e-11 	6
148.0 	0.00098111 	1.43697e-11 	6
149.0 	0.000983627 	1.43567e-11 	6
150.0 	0.000986349 	1.43357e-11 	6
151.0 	0.000989014 	1.43123e-11 	6
152.0 	0.000991653 	1.43263e-11 	6
153.0 	0.000994448 	1.43082e-11 	6
154.0 	0.000997382 	1.42981e-11 	6
155.0 	0.00100016 	1.43165e-11 	6
156.0 	0.00100296 	1.43628e-11 	6
157.0 	0.00100599 	1.44448e-11 	6
158.0 	0.00100895 	1.45709e-11 	6
159.0 	0.00101174 	1.47554e-11 	6
160.0 	0.00101471 	1.50157e-11 	6
161.0 	0.00101774 	1.5377e-11 	6
162.0 	0.00102062 	1.58754e-11 	6
163.0 	0.00102326 	1.65138e-11 	6
164.0 	0.0010262 	1.73824e-11 	6
165.0 	0.00102917 	1.87195e-11 	6
166.0 	0.00103198 	2.48826e-11 	6
167.0 	0.00103454 	6.05191e-11 	6
168.0 	0.00103742 	6.31778e-11 	6
169.0 	0.00104011 	7.46368e-11 	6
170.0 	0.00104259 	7.94167e-11 	6
171.0 	0.00104511 	8.14869e-11 	6
172.0 	0.00104776 	8.22217e-11 	6
173.0 	0.00105017 	8.23255e-11 	6
174.0 	0.0010523 	8.21134e-11 	6
175.0 	0.00105463 	8.17553e-11 	6
176.0 	0.00105691 	8.13588e-11 	6
177.0 	0.00105894 	8.10193e-11 	6
178.0 	0.00106086 	8.07785e-11 	6
179.0 	0.00106292 	8.06584e-11 	6
180.0 	0.00106479 	8.06395e-11 	6
181.0 	0.00106642 	8.0748e-11 	6
182.0 	0.00106802 	8.10128e-11 	6
183.0 	0.00106963 	8.14388e-11 	6
184.0 	0.00107103 	8.20257e-11 	6
185.0 	0.00107226 	8.27677e-11 	6
186.0 	0.00107354 	8.3601e-11 	6
187.0 	0.00107478 	8.45639e-11 	6
188.0 	0.0010758 	8.55815e-11 	6
189.0 	0.00107677 	8.66439e-11 	6
190.0 	0.00107771 	8.77742e-11 	6
191.0 	0.00107844 	8.89771e-11 	6
192.0 	0.00107902 	9.02158e-11 	6
193.0 	0.00107963 	9.14322e-11 	6
194.0 	0.00108018 	9.27815e-11 	6
195.0 	0.00108053 	9.41048e-11 	6
196.0 	0.00108081 	9.53757e-11 	6
197.0 	0.00108115 	9.66093e-11 	6
198.0 	0.00108135 	9.7785e-11 	6
199.0 	0.00108141 	9.90612e-11 	6
200.0 	0.00108153 	1.40846e-11 	6
201.0 	0.00108167 	1.38024e-11 	6
202.0 	0.00108172 	1.35388e-11 	6
203.0 	0.00108155 	1.32845e-11 	6
204.0 	0.00108144 	1.30347e-11 	6
205.0 	0.00108131 	1.27762e-11 	6
206.0 	0.00108102 	1.2502e-11 	6
207.0 	0.0010807 	1.22169e-11 	6
208.0 	0.00108039 	1.19255e-11 	6
209.0 	0.00107987 	9.94777e-11 	6
210.0 	0.00107935 	9.8269e-11 	6
211.0 	0.001079 	9.69795e-11 	6
212.0 	0.00107848 	9.5512e-11 	6
213.0 	0.00107774 	9.39033e-11 	6
214.0 	0.00107707 	9.22571e-11 	6
215.0 	0.00107655 	9.05882e-11 	6
216.0 	0.00107589 	8.86431e-11 	6
217.0 	0.00107505 	8.69958e-11 	6
218.0 	0.00107433 	8.5481e-11 	6
219.0 	0.00107365 	8.40984e-11 	6
220.0 	0.00107284 	8.28755e-11 	6
221.0 	0.00107194 	8.18076e-11 	6
222.0 	0.00107124 	8.09276e-11 	6
223.0 	0.00107049 	8.02475e-11 	6
224.0 	0.00106959 	7.97727e-11 	6
225.0 	0.00106863 	7.95303e-11 	6
226.0 	0.00106786 	7.95328e-11 	6
227.0 	0.00106708 	7.97828e-11 	6
228.0 	0.00106613 	8.02963e-11 	6
229.0 	0.00106512 	8.10449e-11 	6
230.0 	0.00106422 	8.21848e-11 	6
231.0 	0.00106332 	8.38646e-11 	6
232.0 	0.00106231 	8.58125e-11 	6
233.0 	0.00106127 	8.78864e-11 	6
234.0 	0.00106033 	9.01409e-11 	6
235.0 	0.00105935 	9.2386e-11 	6
236.0 	0.00105826 	9.48293e-11 	6
237.0 	0.00105724 	9.73129e-11 	6
238.0 	0.00105626 	9.98e-11 	6
239.0 	0.00105522 	1.14014e-11 	6
240.0 	0.00105409 	1.18674e-11 	6
241.0 	0.001053 	1.2338e-11 	6
242.0 	0.00105195 	1.28948e-11 	6
243.0 	0.00105093 	1.34384e-11 	6
244.0 	0.00104984 	1.39757e-11 	6
245.0 	0.00104887 	1.45361e-11 	6
246.0 	0.00104801 	1.51482e-11 	6
247.0 	0.00104714 	1.57376e-11 	6
248.0 	0.00104617 	1.64742e-11 	6
249.0 	0.00104542 	1.74513e-11 	6
250.0 	0.00104456 	1.84889e-11 	6
251.0 	0.00104361 	1.8938e-11 	6
252.0 	0.00104257 	1.88328e-11 	6
253.0 	0.00104148 	1.90742e-11 	6
254.0 	0.00104041 	1.64508e-11 	6
255.0 	0.00103916 	1.48352e-11 	6
256.0 	0.00103786 	1.49647e-11 	6
257.0 	0.00103643 	1.55673e-11 	6
258.0 	0.00103505 	1.65493e-11 	6
259.0 	0.00103347 	1.69485e-11 	6
260.0 	0.00103178 	1.99372e-11 	6
261.0 	0.00102998 	2.62984e-11 	6
262.0 	0.00102819 	3.77062e-11 	6
263.0 	0.00102629 	6.56682e-11 	6
264.0 	0.00102423 	2.75518e-11 	7
265.0 	0.00102197 	4.46867e-11 	6
266.0 	0.00101981 	1.45074e-11 	6
267.0 	0.00101747 	1.76703e-11 	6
268.0 	0.00101499 	1.8972e-11 	6
269.0 	0.00101235 	1.94496e-11 	6
270.0 	0.00100963 	1.96516e-11 	6
271.0 	0.0010068 	1.98066e-11 	6
272.0 	0.0010038 	1.99726e-11 	6
273.0 	0.00100059 	2.01886e-11 	6
274.0 	0.000997223 	1.96945e-11 	6
275.0 	0.000993822 	1.9523e-11 	6
276.0 	0.000990246 	1.94932e-11 	6
277.0 	0.000986479 	9.62108e-11 	6
278.0 	0.000982548 	9.27743e-11 	6
279.0 	0.000978568 	8.98237e-11 	6
280.0 	0.000974449 	8.71666e-11 	6
281.0 	0.000970191 	8.46684e-11 	6
282.0 	0.00096575 	8.13714e-11 	6
283.0 	0.000961245 	7.61081e-11 	6
284.0 	0.000956649 	7.16143e-11 	6
285.0 	0.000951926 	6.82716e-11 	6
286.0 	0.000947094 	6.58206e-11 	6
287.0 	0.000942121 	6.38785e-11 	6
288.0 	0.000937129 	6.20925e-11 	6
289.0 	0.000932007 	6.05934e-11 	6
290.0 	0.000926791 	5.91401e-11 	6
291.0 	0.000921466 	5.78113e-11 	6
292.0 	0.000916125 	5.65548e-11 	6
293.0 	0.000910684 	5.5375e-11 	6
294.0 	0.000905166 	5.43004e-11 	6
295.0 	0.000899554 	5.33274e-11 	6
296.0 	0.000893954 	5.24285e-11 	6
297.0 	0.000888284 	5.15516e-11 	6
298.0 	0.000882545 	5.09104e-11 	6
299.0 	0.000876743 	5.04228e-11 	6
300.0 	0.000870916 	4.9989e-11 	6
301.0 	0.000865097 	4.95812e-11 	6
302.0 	0.000859224 	4.91983e-11 	6
303.0 	0.000853286 	4.88497e-11 	6
304.0 	0.000847314 	4.84704e-11 	6
305.0 	0.000841382 	4.80617e-11 	6
306.0 	0.000835456 	4.77453e-11 	6
307.0 	0.00082948 	4.74732e-11 	6
308.0 	0.000823436 	4.72353e-11 	6
309.0 	0.000817428 	4.7038e-11 	6
310.0 	0.000811463 	4.68765e-11 	6
311.0 	0.000805496 	4.67656e-11 	6
312.0 	0.000799509 	4.67242e-11 	6
313.0 	0.000793527 	4.66876e-11 	6
314.0 	0.000787566 	4.6719e-11 	6
315.0 	0.000781627 	4.67558e-11 	6
316.0 	0.000775681 	4.68234e-11 	6
317.0 	0.000769742 	4.69267e-11 	6
318.0 	0.000763843 	4.70518e-11 	6
319.0 	0.000757975 	4.7194e-11 	6
320.0 	0.00075212 	4.73641e-11 	6
321.0 	0.000746273 	4.75551e-11 	6
322.0 	0.000740465 	4.7766e-11 	6
323.0 	0.000734712 	4.80167e-11 	6
324.0 	0.000728987 	4.82211e-11 	6
325.0 	0.000723291 	4.84075e-11 	6
326.0 	0.000717613 	4.86054e-11 	6
327.0 	0.000711981 	4.88167e-11 	6
328.0 	0.000706384 	4.90511e-11 	6
329.0 	0.000700823 	4.93046e-11 	6
330.0 	0.000695288 	4.95677e-11 	6
331.0 	0.000689812 	4.98372e-11 	6
332.0 	0.000684379 	5.01116e-11 	6
333.0 	0.000678979 	5.03916e-11 	6
334.0 	0.000673617 	5.06765e-11 	6
335.0 	0.000668313 	5.10502e-11 	6
336.0 	0.000663063 	5.14648e-11 	6
337.0 	0.000657853 	5.18118e-11 	6
338.0 	0.000652665 	5.20529e-11 	6
339.0 	0.000647535 	5.2328e-11 	6
340.0 	0.00064246 	5.26163e-11 	6
341.0 	0.000637421 	5.29236e-11 	6
342.0 	0.000632426 	5.3254e-11 	6
343.0 	0.000627493 	5.3602e-11 	6
344.0 	0.000622596 	5.39654e-11 	6
345.0 	0.000617748 	5.4332e-11 	6
346.0 	0.000612943 	5.46848e-11 	6
347.0 	0.000608187 	5.52667e-11 	6
348.0 	0.000603472 	5.68351e-11 	6
349.0 	0.000598807 	5.89217e-11 	6
350.0 	0.000594176 	6.05865e-11 	6
351.0 	0.000589584 	6.17964e-11 	6
352.0 	0.000585053 	6.27796e-11 	6
353.0 	0.000580547 	6.35043e-11 	6
354.0 	0.000576083 	6.41212e-11 	6
355.0 	0.000571682 	6.46789e-11 	6
356.0 	0.000567301 	6.52015e-11 	6
357.0 	0.000562961 	6.57801e-11 	6
358.0 	0.000558677 	6.6267e-11 	6
359.0 	0.000554415 	6.67038e-11 	6
360.0 	0.000550201 	9.79805e-11 	5
361.0 	0.000546034 	9.50592e-11 	5
362.0 	0.000541902 	9.2184e-11 	5
363.0 	0.0005378 	8.92298e-11 	5
364.0 	0.000533746 	8.63172e-11 	5
365.0 	0.00052973 	8.33491e-11 	5
366.0 	0.000525753 	8.04765e-11 	5
367.0 	0.000521808 	7.75843e-11 	5
368.0 	0.000517906 	7.48097e-11 	5
369.0 	0.000514045 	7.13052e-11 	6
370.0 	0.000510212 	6.62135e-11 	6
371.0 	0.000506407 	6.31901e-11 	6
372.0 	0.000502642 	6.09111e-11 	6
373.0 	0.000498909 	5.82799e-11 	6
374.0 	0.00049521 	5.62358e-11 	6
375.0 	0.000491539 	5.45319e-11 	6
376.0 	0.000487905 	5.30477e-11 	6
377.0 	0.000484296 	5.17089e-11 	6
378.0 	0.000480725 	5.04672e-11 	6
379.0 	0.000477159 	4.9297e-11 	6
380.0 	0.00047364 	4.81776e-11 	6
381.0 	0.000470153 	4.70972e-11 	6
382.0 	0.000466678 	4.6048e-11 	6
383.0 	0.000463232 	4.50269e-11 	6
384.0 	0.000459805 	4.40326e-11 	6
385.0 	0.000456412 	4.30698e-11 	6
386.0 	0.000453043 	4.2141e-11 	6
387.0 	0.000449694 	4.12437e-11 	6
388.0 	0.000446371 	4.03777e-11 	6
389.0 	0.000443072 	3.95418e-11 	6
390.0 	0.000439789 	3.87364e-11 	6
391.0 	0.000436524 	3.79612e-11 	6
392.0 	0.000433278 	3.72151e-11 	6
393.0 	0.000430061 	3.64922e-11 	6
394.0 	0.000426842 	3.87314e-11 	6
395.0 	0.000423638 	4.53617e-11 	6
396.0 	0.000420454 	4.59583e-11 	6
397.0 	0.000417297 	4.57557e-11 	6
398.0 	0.000414161 	4.52544e-11 	6
399.0 	0.000411038 	4.46336e-11 	6
400.0 	0.000407928 	4.39726e-11 	6
401.0 	0.000404832 	4.33024e-11 	6
402.0 	0.000401751 	4.26402e-11 	6
403.0 	0.000398671 	4.19936e-11 	6
404.0 	0.000395612 	4.13581e-11 	6
405.0 	0.00039256 	4.07407e-11 	6
406.0 	0.000389543 	4.01631e-11 	6
407.0 	0.000386526 	3.96182e-11 	6
408.0 	0.000383508 	3.9105e-11 	6
409.0 	0.000380515 	3.86027e-11 	6
410.0 	0.000377507 	3.8142e-11 	6
411.0 	0.000374536 	3.77129e-11 	6
412.0 	0.000371584 	3.73132e-11 	6
413.0 	0.000368637 	3.69447e-11 	6
414.0 	0.000365694 	3.66012e-11 	6
415.0 	0.000362764 	3.62779e-11 	6
416.0 	0.000359847 	3.59706e-11 	6
417.0 	0.000356944 	3.56787e-11 	6
418.0 	0.000354072 	3.54022e-11 	6
419.0 	0.00035119 	3.51373e-11 	6
420.0 	0.000348344 	3.48808e-11 	6
421.0 	0.000345509 	5.61694e-11 	5
422.0 	0.000342682 	5.1593e-11 	5
423.0 	0.000339866 	5.12751e-11 	5
424.0 	0.000337063 	5.11963e-11 	5
425.0 	0.000334284 	5.08234e-11 	5
426.0 	0.000331522 	5.01419e-11 	5
427.0 	0.000328761 	4.92703e-11 	5
428.0 	0.000326018 	4.83445e-11 	5
429.0 	0.000323293 	4.74645e-11 	5
430.0 	0.00032058 	4.66483e-11 	5
431.0 	0.000317895 	4.59502e-11 	5
432.0 	0.000315215 	4.53882e-11 	5
433.0 	0.000312549 	4.49269e-11 	5
434.0 	0.000309912 	4.4567e-11 	5
435.0 	0.000307285 	4.42925e-11 	5
436.0 	0.000304682 	4.40475e-11 	5
437.0 	0.000302097 	4.38081e-11 	5
438.0 	0.00029952 	4.35688e-11 	5
439.0 	0.00029697 	4.33417e-11 	5
440.0 	0.00029444 	4.31099e-11 	5
441.0 	0.000291938 	4.28739e-11 	5
442.0 	0.000289459 	4.26242e-11 	5
443.0 	0.000286989 	4.24004e-11 	5
444.0 	0.000284527 	4.21782e-11 	5
445.0 	0.000282091 	4.19434e-11 	5
446.0 	0.000279686 	4.20719e-11 	5
447.0 	0.000277305 	4.15729e-11 	5
448.0 	0.000274944 	4.138e-11 	5
449.0 	0.000272595 	4.14805e-11 	5
450.0 	0.000270259 	4.16216e-11 	5
451.0 	0.000267943 	4.16287e-11 	5
452.0 	0.000265661 	4.16966e-11 	5
453.0 	0.000263407 	4.17241e-11 	5
454.0 	0.000261168 	4.17177e-11 	5
455.0 	0.000258948 	4.16542e-11 	5
456.0 	0.000256752 	4.16179e-11 	5
457.0 	0.000254584 	4.15665e-11 	5
458.0 	0.000252451 	4.14484e-11 	5
459.0 	0.000250341 	4.12826e-11 	5
460.0 	0.000248244 	4.10595e-11 	5
461.0 	0.000246168 	4.07915e-11 	5
462.0 	0.000244121 	4.06616e-11 	5
463.0 	0.000242098 	4.04833e-11 	5
464.0 	0.000240109 	4.02458e-11 	5
465.0 	0.000238142 	3.99629e-11 	5
466.0 	0.000236199 	3.96425e-11 	5
467.0 	0.000234284 	4.01628e-11 	5
468.0 	0.000232393 	4.1746e-11 	5
469.0 	0.000230537 	4.61335e-11 	5
470.0 	0.000228712 	5.07388e-11 	5
471.0 	0.000226931 	5.41501e-11 	5
472.0 	0.00022517 	5.63523e-11 	5
473.0 	0.000223449 	5.74997e-11 	5
474.0 	0.000221769 	5.77696e-11 	5
475.0 	0.000220148 	5.73783e-11 	5
476.0 	0.000218593 	5.65069e-11 	5
477.0 	0.000217092 	5.53203e-11 	5
478.0 	0.000215631 	5.3928e-11 	5
479.0 	0.000214204 	5.23904e-11 	5
480.0 	0.000212803 	5.07587e-11 	5
481.0 	0.000211431 	4.90285e-11 	5
482.0 	0.000210094 	4.72236e-11 	5
483.0 	0.000208776 	4.64319e-11 	5
484.0 	0.000207475 	4.44454e-11 	5
485.0 	0.00020619 	4.1026e-11 	5
486.0 	0.000204923 	3.79655e-11 	5
487.0 	0.000203677 	3.58708e-11 	5
488.0 	0.000202447 	3.4703e-11 	5
489.0 	0.000201234 	3.4149e-11 	5
490.0 	0.00020003 	3.40407e-11 	5
491.0 	0.000198839 	3.44321e-11 	5
492.0 	0.000197643 	3.51645e-11 	5
493.0 	0.000196469 	3.63862e-11 	5
494.0 	0.00019529 	3.77168e-11 	5
495.0 	0.000194138 	3.91452e-11 	5
496.0 	0.000193002 	4.04856e-11 	5
497.0 	0.000191878 	4.16399e-11 	5
498.0 	0.000190764 	4.26599e-11 	5
499.0 	0.000189665 	4.3595e-11 	5
500.0 	0.000188588 	4.44927e-11 	5
501.0 	0.000187505 	4.53334e-11 	5
502.0 	0.000186431 	4.60966e-11 	5
503.0 	0.000185365 	4.6778e-11 	5
504.0 	0.000184319 	4.74253e-11 	5
505.0 	0.00018329 	4.80449e-11 	5
506.0 	0.000182269 	4.86009e-11 	5
507.0 	0.000181246 	4.90438e-11 	5
508.0 	0.000180226 	4.93764e-11 	5
509.0 	0.000179229 	4.95974e-11 	5
510.0 	0.000178248 	4.9731e-11 	5
511.0 	0.000177256 	4.97579e-11 	5
512.0 	0.000176317 	4.97356e-11 	5
513.0 	0.000175337 	4.96336e-11 	5
514.0 	0.000174388 	4.94624e-11 	5
515.0 	0.000173449 	4.92468e-11 	5
516.0 	0.000172508 	4.89568e-11 	5
517.0 	0.000171576 	4.8608e-11 	5
518.0 	0.000170652 	4.80676e-11 	5
519.0 	0.000169743 	4.7348e-11 	5
520.0 	0.000168845 	4.67429e-11 	5
521.0 	0.000167953 	4.61713e-11 	5
522.0 	0.000167054 	4.56229e-11 	5
523.0 	0.000166174 	4.51053e-11 	5
524.0 	0.000165307 	4.46065e-11 	5
525.0 	0.000164446 	4.41195e-11 	5
526.0 	0.000163587 	4.36496e-11 	5
527.0 	0.000162741 	4.31977e-11 	5
528.0 	0.000161904 	4.27583e-11 	5
529.0 	0.000161085 	4.23137e-11 	5
530.0 	0.000160258 	4.18642e-11 	5
531.0 	0.000159469 	4.14342e-11 	5
532.0 	0.000158671 	4.10249e-11 	5
533.0 	0.00015788 	4.06e-11 	5
534.0 	0.000157103 	4.02007e-11 	5
535.0 	0.00015633 	3.98153e-11 	5
536.0 	0.000155574 	3.94405e-11 	5
537.0 	0.000154832 	3.90829e-11 	5
538.0 	0.000154121 	3.87579e-11 	5
539.0 	0.0001534 	3.84498e-11 	5
540.0 	0.000152683 	3.81505e-11 	5
541.0 	0.00015201 	3.78695e-11 	5
542.0 	0.000151339 	3.76064e-11 	5
543.0 	0.000150691 	3.73642e-11 	5
544.0 	0.000150042 	3.71113e-11 	5
545.0 	0.000149424 	3.68794e-11 	5
546.0 	0.000148826 	3.66551e-11 	5
547.0 	0.000148278 	3.64418e-11 	5
548.0 	0.000147717 	3.62445e-11 	5
549.0 	0.000147216 	3.60681e-11 	5
550.0 	0.000146733 	3.59015e-11 	5
551.0 	0.000146268 	3.57471e-11 	5
552.0 	0.000145821 	3.55996e-11 	5
553.0 	0.000145388 	3.54644e-11 	5
554.0 	0.000144971 	3.53405e-11 	5
555.0 	0.000144566 	3.5225e-11 	5
556.0 	0.000144172 	3.51153e-11 	5
557.0 	0.000143777 	3.50151e-11 	5
558.0 	0.000143394 	3.49538e-11 	5
559.0 	0.000143024 	3.48774e-11 	5
560.0 	0.000142663 	3.48071e-11 	5
561.0 	0.000142317 	3.47657e-11 	5
562.0 	0.000141995 	3.47152e-11 	5
563.0 	0.000141679 	3.46551e-11 	5
564.0 	0.000141361 	3.45777e-11 	5
565.0 	0.000141047 	3.44856e-11 	5
566.0 	0.000140735 	3.43732e-11 	5
567.0 	0.000140421 	3.42469e-11 	5
568.0 	0.000140113 	3.41068e-11 	5
569.0 	0.000139807 	3.38861e-11 	5
570.0 	0.000139495 	3.36666e-11 	5
571.0 	0.000139182 	3.34468e-11 	5
572.0 	0.000138875 	3.32305e-11 	5
573.0 	0.000138562 	3.30263e-11 	5
574.0 	0.000138244 	3.28274e-11 	5
575.0 	0.000137934 	3.26346e-11 	5
576.0 	0.000137621 	3.24296e-11 	5
577.0 	0.000137282 	3.22405e-11 	5
578.0 	0.000136968 	3.20268e-11 	5
579.0 	0.000136629 	3.18231e-11 	5
580.0 	0.000136285 	3.16159e-11 	5
581.0 	0.000135942 	3.14138e-11 	5
582.0 	0.000135589 	3.1215e-11 	5
583.0 	0.000135229 	3.10166e-11 	5
584.0 	0.000134873 	3.0819e-11 	5
585.0 	0.000134507 	3.0626e-11 	5
586.0 	0.000134129 	3.04441e-11 	5
587.0 	0.000133757 	3.02635e-11 	5
588.0 	0.000133371 	3.00863e-11 	5
589.0 	0.000132973 	2.99149e-11 	5
590.0 	0.000132579 	2.97461e-11 	5
591.0 	0.000132173 	2.95818e-11 	5
592.0 	0.000131757 	2.9424e-11 	5
593.0 	0.000131344 	2.92691e-11 	5
594.0 	0.000130919 	2.91205e-11 	5
595.0 	0.000130486 	2.89765e-11 	5
596.0 	0.000130055 	2.88409e-11 	5
597.0 	0.00012961 	2.87109e-11 	5
598.0 	0.000129159 	2.85842e-11 	5
599.0 	0.000128709 	2.84657e-11 	5
600.0 	0.000128245 	2.83543e-11 	5
601.0 	0.000127781 	2.82448e-11 	5
602.0 	0.000127317 	2.8145e-11 	5
603.0 	0.00012684 	2.80493e-11 	5
604.0 	0.000126365 	2.79573e-11 	5
605.0 	0.000125885 	2.78721e-11 	5
606.0 	0.000125395 	2.77934e-11 	5
607.0 	0.000124906 	2.7717e-11 	5
608.0 	0.00012441 	2.76429e-11 	5
609.0 	0.000123909 	2.75777e-11 	5
610.0 	0.000123411 	2.75269e-11 	5
611.0 	0.000122903 	2.7479e-11 	5
612.0 	0.000122396 	2.74371e-11 	5
613.0 	0.000121885 	2.73946e-11 	5
614.0 	0.000121362 	2.73482e-11 	5
615.0 	0.000120845 	2.72963e-11 	5
616.0 	0.000120318 	2.72406e-11 	5
617.0 	0.000119785 	2.71788e-11 	5
618.0 	0.000119259 	2.71107e-11 	5
619.0 	0.000118722 	2.70371e-11 	5
620.0 	0.000118186 	2.6963e-11 	5
621.0 	0.000117646 	2.68728e-11 	5
622.0 	0.0001171 	2.67902e-11 	5
623.0 	0.000116556 	2.67008e-11 	5
624.0 	0.000116002 	2.66033e-11 	5
625.0 	0.000115451 	2.65003e-11 	5
626.0 	0.0001149 	2.6392e-11 	5
627.0 	0.000114339 	2.62763e-11 	5
628.0 	0.000113784 	2.61566e-11 	5
629.0 	0.000113223 	2.6028e-11 	5
630.0 	0.000112658 	2.58922e-11 	5
631.0 	0.000112094 	2.57517e-11 	5
632.0 	0.000111521 	2.56077e-11 	5
633.0 	0.000110957 	2.54556e-11 	5
634.0 	0.000110387 	2.52963e-11 	5
635.0 	0.000109813 	2.51306e-11 	5
636.0 	0.000109247 	2.49575e-11 	5
637.0 	0.000108671 	2.47795e-11 	5
638.0 	0.000108097 	2.45954e-11 	5
639.0 	0.00010752 	2.44059e-11 	5
640.0 	0.000106942 	2.42138e-11 	5
641.0 	0.00010637 	2.40181e-11 	5
642.0 	0.000105791 	2.38213e-11 	5
643.0 	0.000105215 	2.36206e-11 	5
644.0 	0.000104642 	2.3415e-11 	5
645.0 	0.00010406 	2.3207e-11 	5
646.0 	0.000103484 	2.29949e-11 	5
647.0 	0.000102907 	2.27791e-11 	5
648.0 	0.00010233 	2.25593e-11 	5
649.0 	0.000101757 	2.23381e-11 	5
650.0 	0.000101179 	2.21141e-11 	5
651.0 	0.000100607 	2.18871e-11 	5
652.0 	0.000100032 	2.16573e-11 	5
653.0 	9.94577e-05 	2.14235e-11 	5
654.0 	9.88906e-05 	2.11864e-11 	5
655.0 	9.83201e-05 	2.09492e-11 	5
656.0 	9.77515e-05 	2.07168e-11 	5
657.0 	9.71897e-05 	9.8629e-11 	5
658.0 	9.66186e-05 	9.71441e-11 	5
659.0 	9.60575e-05 	9.55412e-11 	5
660.0 	9.5505e-05 	9.39519e-11 	5
661.0 	9.49468e-05 	9.23371e-11 	5
662.0 	9.43915e-05 	9.07085e-11 	5
663.0 	9.38478e-05 	8.90508e-11 	5
664.0 	9.32975e-05 	8.73709e-11 	5
665.0 	9.2746e-05 	8.56768e-11 	5
666.0 	9.22046e-05 	8.39792e-11 	5
667.0 	9.16681e-05 	8.22847e-11 	5
668.0 	9.11324e-05 	8.05963e-11 	5
669.0 	9.06006e-05 	7.89064e-11 	5
670.0 	9.00724e-05 	7.72164e-11 	5
671.0 	8.95523e-05 	7.55531e-11 	5
672.0 	8.90323e-05 	7.39315e-11 	5
673.0 	8.85124e-05 	7.23873e-11 	5
674.0 	8.79975e-05 	7.09163e-11 	5
675.0 	8.74944e-05 	6.94694e-11 	5
676.0 	8.69935e-05 	6.80475e-11 	5
677.0 	8.6495e-05 	6.66723e-11 	5
678.0 	8.60008e-05 	6.53628e-11 	5
679.0 	8.55159e-05 	6.40947e-11 	5
680.0 	8.50331e-05 	6.28595e-11 	5
681.0 	8.45529e-05 	6.16019e-11 	5
682.0 	8.40807e-05 	6.03295e-11 	5
683.0 	8.36176e-05 	5.91192e-11 	5
684.0 	8.31557e-05 	5.79118e-11 	5
685.0 	8.2701e-05 	5.67569e-11 	5
686.0 	8.22484e-05 	5.55981e-11 	5
687.0 	8.1803e-05 	5.44939e-11 	5
688.0 	8.13623e-05 	5.33974e-11 	5
689.0 	8.09285e-05 	5.23225e-11 	5
690.0 	8.05034e-05 	5.12881e-11 	5
691.0 	8.0083e-05 	5.02781e-11 	5
692.0 	7.96654e-05 	4.93316e-11 	5
693.0 	7.92548e-05 	4.84159e-11 	5
694.0 	7.88515e-05 	4.75379e-11 	5
695.0 	7.84538e-05 	4.66868e-11 	5
696.0 	7.80616e-05 	4.58583e-11 	5
697.0 	7.7677e-05 	4.50636e-11 	5
698.0 	7.72985e-05 	4.43026e-11 	5
699.0 	7.69246e-05 	4.35826e-11 	5
700.0 	7.6556e-05 	4.29042e-11 	5
701.0 	7.61975e-05 	4.22684e-11 	5
702.0 	7.58422e-05 	4.16697e-11 	5
703.0 	7.54923e-05 	4.11218e-11 	5
704.0 	7.51484e-05 	4.06406e-11 	5
705.0 	7.48122e-05 	4.01737e-11 	5
706.0 	7.4481e-05 	3.97616e-11 	5
707.0 	7.41552e-05 	3.9419e-11 	5
708.0 	7.38381e-05 	3.91294e-11 	5
709.0 	7.35255e-05 	3.88629e-11 	5
710.0 	7.32158e-05 	3.86864e-11 	5
711.0 	7.2915e-05 	3.85787e-11 	5
712.0 	7.26222e-05 	3.85206e-11 	5
713.0 	7.23329e-05 	3.85023e-11 	5
714.0 	7.20475e-05 	3.852e-11 	5
715.0 	7.17696e-05 	3.85852e-11 	5
716.0 	7.1499e-05 	3.86901e-11 	5
717.0 	7.12301e-05 	3.8829e-11 	5
718.0 	7.09649e-05 	3.89925e-11 	5
719.0 	7.07087e-05 	3.91748e-11 	5
720.0 	7.04592e-05 	3.93714e-11 	5
721.0 	7.02131e-05 	3.95836e-11 	5
722.0 	6.99701e-05 	3.97983e-11 	5
723.0 	6.97322e-05 	4.00051e-11 	5
724.0 	6.94993e-05 	4.0202e-11 	5
725.0 	6.92718e-05 	4.0387e-11 	5
726.0 	6.90475e-05 	4.05615e-11 	5
727.0 	6.88281e-05 	4.07146e-11 	5
728.0 	6.86135e-05 	4.08505e-11 	5
729.0 	6.84045e-05 	4.09848e-11 	5
730.0 	6.81979e-05 	4.11161e-11 	5
731.0 	6.79956e-05 	4.12544e-11 	5
732.0 	6.7798e-05 	4.14052e-11 	5
733.0 	6.7603e-05 	4.1583e-11 	5
734.0 	6.74126e-05 	4.17971e-11 	5
735.0 	6.7225e-05 	4.20439e-11 	5
736.0 	6.70401e-05 	4.23412e-11 	5
737.0 	6.68603e-05 	4.27148e-11 	5
738.0 	6.66844e-05 	4.31786e-11 	5
739.0 	6.65128e-05 	4.3776e-11 	5
740.0 	6.63455e-05 	4.4536e-11 	5
741.0 	6.61837e-05 	4.54666e-11 	5
742.0 	6.60187e-05 	4.6553e-11 	5
743.0 	6.58656e-05 	4.76683e-11 	5
744.0 	6.57148e-05 	4.8982e-11 	5
745.0 	6.55709e-05 	5.03985e-11 	5
746.0 	6.54315e-05 	5.19221e-11 	5
747.0 	6.52931e-05 	5.35608e-11 	5
748.0 	6.51551e-05 	5.5301e-11 	5
749.0 	6.50176e-05 	5.71378e-11 	5
750.0 	6.488e-05 	5.91251e-11 	5
751.0 	6.47417e-05 	6.10683e-11 	5
752.0 	6.46038e-05 	6.31524e-11 	5
753.0 	6.44654e-05 	6.53019e-11 	5
754.0 	6.43248e-05 	6.75308e-11 	5
755.0 	6.41842e-05 	6.98184e-11 	5
756.0 	6.40415e-05 	7.21493e-11 	5
757.0 	6.38955e-05 	7.45221e-11 	5
758.0 	6.37475e-05 	7.69182e-11 	5
759.0 	6.35975e-05 	7.93309e-11 	5
760.0 	6.34462e-05 	8.17486e-11 	5
761.0 	6.32948e-05 	8.41001e-11 	5
762.0 	6.31352e-05 	8.64708e-11 	5
763.0 	6.29743e-05 	8.87069e-11 	5
764.0 	6.28116e-05 	9.08609e-11 	5
765.0 	6.26455e-05 	9.30147e-11 	5
766.0 	6.24771e-05 	9.51389e-11 	5
767.0 	6.2306e-05 	9.72035e-11 	5
768.0 	6.21313e-05 	9.91949e-11 	5
769.0 	6.19547e-05 	1.79832e-11 	5
770.0 	6.17746e-05 	1.82761e-11 	5
771.0 	6.15913e-05 	1.85517e-11 	5
772.0 	6.14051e-05 	1.8817e-11 	5
773.0 	6.12155e-05 	1.90691e-11 	5
774.0 	6.10238e-05 	1.931e-11 	5
775.0 	6.08293e-05 	1.95369e-11 	5
776.0 	6.0631e-05 	1.97511e-11 	5
777.0 	6.04301e-05 	1.99536e-11 	5
778.0 	6.02229e-05 	2.01491e-11 	5
779.0 	6.00174e-05 	2.03289e-11 	5
780.0 	5.9807e-05 	2.04889e-11 	5
781.0 	5.95961e-05 	2.06326e-11 	5
782.0 	5.93771e-05 	2.07655e-11 	5
783.0 	5.91591e-05 	2.08886e-11 	5
784.0 	5.89382e-05 	2.10011e-11 	5
785.0 	5.87146e-05 	2.11026e-11 	5
786.0 	5.84874e-05 	2.1195e-11 	5
787.0 	5.8257e-05 	2.12728e-11 	5
788.0 	5.80243e-05 	2.13404e-11 	5
789.0 	5.77903e-05 	2.13978e-11 	5
790.0 	5.75535e-05 	2.14458e-11 	5
791.0 	5.7313e-05 	2.14859e-11 	5
792.0 	5.70704e-05 	2.15188e-11 	5
793.0 	5.68247e-05 	2.15434e-11 	5
794.0 	5.65763e-05 	2.15615e-11 	5
795.0 	5.63264e-05 	2.15707e-11 	5
796.0 	5.60708e-05 	2.15774e-11 	5
797.0 	5.58214e-05 	2.15741e-11 	5
798.0 	5.55633e-05 	2.15591e-11 	5
799.0 	5.5305e-05 	2.15357e-11 	5
800.0 	5.50441e-05 	2.15073e-11 	5
801.0 	5.47817e-05 	2.14719e-11 	5
802.0 	5.45172e-05 	2.1429e-11 	5
803.0 	5.42514e-05 	2.1378e-11 	5
804.0 	5.3984e-05 	2.13203e-11 	5
805.0 	5.37135e-05 	2.12546e-11 	5
806.0 	5.34405e-05 	2.11816e-11 	5
807.0 	5.31664e-05 	2.11e-11 	5
808.0 	5.28914e-05 	2.10097e-11 	5
809.0 	5.2613e-05 	2.09095e-11 	5
810.0 	5.23346e-05 	2.08041e-11 	5
811.0 	5.2056e-05 	2.06934e-11 	5
812.0 	5.17741e-05 	2.05758e-11 	5
813.0 	5.14899e-05 	2.04518e-11 	5
814.0 	5.12053e-05 	2.03218e-11 	5
815.0 	5.09194e-05 	2.0187e-11 	5
816.0 	5.06329e-05 	2.00474e-11 	5
817.0 	5.03458e-05 	1.99018e-11 	5
818.0 	5.00562e-05 	1.97491e-11 	5
819.0 	4.97644e-05 	1.9591e-11 	5
820.0 	4.94709e-05 	1.94269e-11 	5
821.0 	4.91792e-05 	1.92577e-11 	5
822.0 	4.88852e-05 	1.90826e-11 	5
823.0 	4.85906e-05 	9.97047e-11 	5
824.0 	4.82945e-05 	9.87294e-11 	5
825.0 	4.79971e-05 	9.77458e-11 	5
826.0 	4.76981e-05 	9.67569e-11 	5
827.0 	4.73994e-05 	9.57658e-11 	5
828.0 	4.71005e-05 	9.47607e-11 	5
829.0 	4.68009e-05 	9.37897e-11 	5
830.0 	4.64994e-05 	9.27666e-11 	5
831.0 	4.61977e-05 	9.17211e-11 	5
832.0 	4.58947e-05 	9.06697e-11 	5
833.0 	4.55921e-05 	8.96303e-11 	5
834.0 	4.52875e-05 	8.85776e-11 	5
835.0 	4.49864e-05 	8.75369e-11 	5
836.0 	4.46824e-05 	8.64947e-11 	5
837.0 	4.43779e-05 	8.54624e-11 	5
838.0 	4.40724e-05 	8.44545e-11 	5
839.0 	4.37683e-05 	8.34616e-11 	5
840.0 	4.34646e-05 	8.24538e-11 	5
841.0 	4.31599e-05 	8.14491e-11 	5
842.0 	4.28554e-05 	8.04511e-11 	5
843.0 	4.25514e-05 	7.94646e-11 	5
844.0 	4.22474e-05 	7.84933e-11 	5
845.0 	4.19442e-05 	7.75549e-11 	5
846.0 	4.16411e-05 	7.6646e-11 	5
847.0 	4.13393e-05 	7.57612e-11 	5
848.0 	4.10388e-05 	7.49064e-11 	5
849.0 	4.07387e-05 	7.40717e-11 	5
850.0 	4.0438e-05 	7.32645e-11 	5
851.0 	4.01402e-05 	7.24714e-11 	5
852.0 	3.98433e-05 	7.16901e-11 	5
853.0 	3.95462e-05 	7.09248e-11 	5
854.0 	3.92498e-05 	7.01755e-11 	5
855.0 	3.89531e-05 	6.94415e-11 	5
856.0 	3.86582e-05 	6.87232e-11 	5
857.0 	3.83635e-05 	6.80228e-11 	5
858.0 	3.80684e-05 	6.73388e-11 	5
859.0 	3.77735e-05 	6.66602e-11 	5
860.0 	3.74796e-05 	6.5992e-11 	5
861.0 	3.71862e-05 	6.53338e-11 	5
862.0 	3.68915e-05 	6.46822e-11 	5
863.0 	3.65965e-05 	6.40408e-11 	5
864.0 	3.63013e-05 	6.34119e-11 	5
865.0 	3.6006e-05 	6.27996e-11 	5
866.0 	3.57105e-05 	6.21975e-11 	5
867.0 	3.5415e-05 	6.16046e-11 	5
868.0 	3.51189e-05 	6.10173e-11 	5
869.0 	3.48241e-05 	6.04354e-11 	5
870.0 	3.45294e-05 	5.98621e-11 	5
871.0 	3.4235e-05 	5.92928e-11 	5
872.0 	3.39396e-05 	5.87336e-11 	5
873.0 	3.36445e-05 	5.8183e-11 	5
874.0 	3.33501e-05 	5.76359e-11 	5
875.0 	3.30565e-05 	5.70942e-11 	5
876.0 	3.27635e-05 	5.65675e-11 	5
877.0 	3.24713e-05 	5.60455e-11 	5
878.0 	3.21793e-05 	5.55326e-11 	5
879.0 	3.18875e-05 	5.50287e-11 	5
880.0 	3.15967e-05 	5.4534e-11 	5
881.0 	3.13052e-05 	5.40454e-11 	5
882.0 	3.10155e-05 	5.35607e-11 	5
883.0 	3.07257e-05 	5.30856e-11 	5
884.0 	3.04381e-05 	5.26127e-11 	5
885.0 	3.01504e-05 	5.21499e-11 	5
886.0 	2.98645e-05 	5.16898e-11 	5
887.0 	2.95789e-05 	5.12353e-11 	5
888.0 	2.92944e-05 	5.07927e-11 	5
889.0 	2.90117e-05 	5.03541e-11 	5
890.0 	2.87298e-05 	4.99204e-11 	5
891.0 	2.84492e-05 	4.94884e-11 	5
892.0 	2.81694e-05 	4.90647e-11 	5
893.0 	2.78909e-05 	4.86355e-11 	5
894.0 	2.76145e-05 	4.82152e-11 	5
895.0 	2.73397e-05 	4.77903e-11 	5
896.0 	2.70674e-05 	4.73737e-11 	5
897.0 	2.67953e-05 	4.6957e-11 	5
898.0 	2.65252e-05 	4.65505e-11 	5
899.0 	2.62564e-05 	4.61417e-11 	5
900.0 	2.59891e-05 	4.57359e-11 	5
901.0 	2.57242e-05 	4.53256e-11 	5
902.0 	2.54608e-05 	4.49098e-11 	5
903.0 	2.51989e-05 	4.44951e-11 	5
904.0 	2.49383e-05 	4.40857e-11 	5
905.0 	2.46807e-05 	4.36747e-11 	5
906.0 	2.44251e-05 	4.32663e-11 	5
907.0 	2.41714e-05 	4.28545e-11 	5
908.0 	2.39199e-05 	4.2436e-11 	5
909.0 	2.36703e-05 	4.20129e-11 	5
910.0 	2.34218e-05 	4.15908e-11 	5
911.0 	2.31766e-05 	4.11552e-11 	5
912.0 	2.29336e-05 	4.07206e-11 	5
913.0 	2.26926e-05 	4.02786e-11 	5
914.0 	2.24547e-05 	3.98279e-11 	5
915.0 	2.22185e-05 	3.93703e-11 	5
916.0 	2.19849e-05 	3.89083e-11 	5
917.0 	2.17533e-05 	3.84404e-11 	5
918.0 	2.15244e-05 	3.79668e-11 	5
919.0 	2.12973e-05 	3.74901e-11 	5
920.0 	2.10746e-05 	3.70107e-11 	5
921.0 	2.08531e-05 	3.65255e-11 	5
922.0 	2.06345e-05 	3.60404e-11 	5
923.0 	2.04187e-05 	3.55537e-11 	5
924.0 	2.02049e-05 	9.90881e-11 	4
925.0 	1.99947e-05 	9.79955e-11 	4
926.0 	1.97866e-05 	9.69234e-11 	4
927.0 	1.95811e-05 	9.58677e-11 	4
928.0 	1.93797e-05 	9.48288e-11 	4
929.0 	1.91803e-05 	9.38074e-11 	4
930.0 	1.8984e-05 	9.28133e-11 	4
931.0 	1.87907e-05 	9.18365e-11 	4
932.0 	1.85997e-05 	9.0899e-11 	4
933.0 	1.84116e-05 	8.99724e-11 	4
934.0 	1.82269e-05 	8.9072e-11 	4
935.0 	1.80462e-05 	8.81888e-11 	4
936.0 	1.7868e-05 	8.73234e-11 	4
937.0 	1.76929e-05 	8.64924e-11 	4
938.0 	1.75211e-05 	8.56911e-11 	4
939.0 	1.73517e-05 	8.49212e-11 	4
940.0 	1.71854e-05 	8.41688e-11 	4
941.0 	1.70236e-05 	8.34364e-11 	4
942.0 	1.68662e-05 	8.27273e-11 	4
943.0 	1.6711e-05 	8.20655e-11 	4
944.0 	1.6559e-05 	8.14207e-11 	4
945.0 	1.64102e-05 	8.08013e-11 	4
946.0 	1.62657e-05 	8.02029e-11 	4
947.0 	1.61244e-05 	7.96476e-11 	4
948.0 	1.59878e-05 	7.91224e-11 	4
949.0 	1.58545e-05 	7.86314e-11 	4
950.0 	1.57249e-05 	7.81636e-11 	4
951.0 	1.55992e-05 	7.7731e-11 	4
952.0 	1.54766e-05 	7.73258e-11 	4
953.0 	1.53582e-05 	7.69509e-11 	4
954.0 	1.5244e-05 	7.66196e-11 	4
955.0 	1.5135e-05 	7.63208e-11 	4
956.0 	1.50312e-05 	7.60647e-11 	4
957.0 	1.49322e-05 	7.58493e-11 	4
958.0 	1.48392e-05 	7.56558e-11 	4
959.0 	1.47512e-05 	7.54875e-11 	4
960.0 	1.46655e-05 	7.53287e-11 	4
961.0 	1.4586e-05 	7.52084e-11 	4
962.0 	1.45092e-05 	7.50952e-11 	4
963.0 	1.44366e-05 	7.50068e-11 	4
964.0 	1.43687e-05 	7.49391e-11 	4
965.0 	1.43038e-05 	7.49019e-11 	4
966.0 	1.4242e-05 	7.48774e-11 	4
967.0 	1.41836e-05 	7.48608e-11 	4
968.0 	1.41289e-05 	7.48485e-11 	4
969.0 	1.40771e-05 	7.48489e-11 	4
970.0 	1.40284e-05 	7.48683e-11 	4
971.0 	1.39828e-05 	7.49034e-11 	4
972.0 	1.39416e-05 	7.49427e-11 	4
973.0 	1.39031e-05 	7.49841e-11 	4
974.0 	1.38685e-05 	7.50271e-11 	4
975.0 	1.38376e-05 	7.50752e-11 	4
976.0 	1.38097e-05 	7.51251e-11 	4
977.0 	1.37859e-05 	7.51776e-11 	4
978.0 	1.37652e-05 	7.5221e-11 	4
979.0 	1.3748e-05 	7.5267e-11 	4
980.0 	1.37343e-05 	7.53088e-11 	4
981.0 	1.37256e-05 	7.53434e-11 	4
982.0 	1.37193e-05 	7.53751e-11 	4
983.0 	1.37213e-05 	7.5398e-11 	4
984.0 	1.37262e-05 	7.54208e-11 	4
985.0 	1.37383e-05 	7.5443e-11 	4
986.0 	1.37511e-05 	7.5462e-11 	4
987.0 	1.37703e-05 	7.54826e-11 	4
988.0 	1.37894e-05 	7.54969e-11 	4
989.0 	1.38134e-05 	7.55083e-11 	4
990.0 	1.38375e-05 	7.55185e-11 	4
991.0 	1.38659e-05 	7.55333e-11 	4
992.0 	1.3895e-05 	7.5541e-11 	4
993.0 	1.39262e-05 	7.55461e-11 	4
994.0 	1.39594e-05 	7.55496e-11 	4
995.0 	1.3994e-05 	7.55574e-11 	4
996.0 	1.403e-05 	7.55658e-11 	4
997.0 	1.40682e-05 	7.55733e-11 	4
998.0 	1.4108e-05 	7.55805e-11 	4
999.0 	1.41489e-05 	7.55876e-11 	4
1000.0 	1.41912e-05 	7.56023e-11 	4
1001.0 	1.4235e-05 	7.56249e-11 	4
1002.0 	1.42791e-05 	7.56575e-11 	4
1003.0 	1.43243e-05 	7.57162e-11 	4
1004.0 	1.43713e-05 	7.57938e-11 	4
1005.0 	1.44182e-05 	7.587e-11 	4
1006.0 	1.44657e-05 	7.596e-11 	4
1007.0 	1.45143e-05 	7.60517e-11 	4
1008.0 	1.45638e-05 	7.61442e-11 	4
1009.0 	1.4614e-05 	7.62448e-11 	4
1010.0 	1.4665e-05 	7.63584e-11 	4
1011.0 	1.47172e-05 	7.64793e-11 	4
1012.0 	1.47705e-05 	7.66031e-11 	4
1013.0 	1.48226e-05 	7.67141e-11 	4
1014.0 	1.4879e-05 	7.68445e-11 	4
1015.0 	1.49325e-05 	7.69533e-11 	4
1016.0 	1.49866e-05 	7.70633e-11 	4
1017.0 	1.50412e-05 	7.71747e-11 	4
1018.0 	1.50959e-05 	7.72958e-11 	4
1019.0 	1.5151e-05 	7.74165e-11 	4
1020.0 	1.52066e-05 	7.75387e-11 	4
1021.0 	1.52621e-05 	7.7662e-11 	4
1022.0 	1.53179e-05 	7.77829e-11 	4
1023.0 	1.53743e-05 	7.79032e-11 	4
1024.0 	1.54308e-05 	7.80228e-11 	4
1025.0 	1.54876e-05 	7.81413e-11 	4
1026.0 	1.55448e-05 	7.82614e-11 	4
1027.0 	1.56026e-05 	7.83896e-11 	4
1028.0 	1.56603e-05 	7.85235e-11 	4
1029.0 	1.57177e-05 	7.86517e-11 	4
1030.0 	1.57748e-05 	7.88007e-11 	4
1031.0 	1.58324e-05 	7.89519e-11 	4
1032.0 	1.58888e-05 	7.90974e-11 	4
1033.0 	1.59464e-05 	7.92509e-11 	4
1034.0 	1.60037e-05 	7.93981e-11 	4
1035.0 	1.60609e-05 	7.95401e-11 	4
1036.0 	1.61178e-05 	7.96768e-11 	4
1037.0 	1.61743e-05 	7.98105e-11 	4
1038.0 	1.62321e-05 	7.99617e-11 	4
1039.0 	1.62871e-05 	8.01062e-11 	4
1040.0 	1.63425e-05 	8.02562e-11 	4
1041.0 	1.63979e-05 	8.04067e-11 	4
1042.0 	1.64528e-05 	8.0553e-11 	4
1043.0 	1.65085e-05 	8.07003e-11 	4
1044.0 	1.6563e-05 	8.08388e-11 	4
1045.0 	1.66171e-05 	8.09767e-11 	4
1046.0 	1.66709e-05 	8.11147e-11 	4
1047.0 	1.67244e-05 	8.12533e-11 	4
1048.0 	1.67776e-05 	8.13896e-11 	4
1049.0 	1.68307e-05 	8.15226e-11 	4
1050.0 	1.68838e-05 	8.16566e-11 	4
1051.0 	1.6936e-05 	8.17851e-11 	4
1052.0 	1.69876e-05 	8.19128e-11 	4
1053.0 	1.70384e-05 	8.20401e-11 	4
1054.0 	1.70888e-05 	8.21667e-11 	4
1055.0 	1.71386e-05 	8.22956e-11 	4
1056.0 	1.71875e-05 	8.24281e-11 	4
1057.0 	1.72343e-05 	8.2559e-11 	4
1058.0 	1.72821e-05 	8.26967e-11 	4
1059.0 	1.73282e-05 	8.28338e-11 	4
1060.0 	1.73733e-05 	8.29694e-11 	4
1061.0 	1.74175e-05 	8.31053e-11 	4
1062.0 	1.74607e-05 	8.32424e-11 	4
1063.0 	1.75029e-05 	8.33808e-11 	4
1064.0 	1.75441e-05 	8.35223e-11 	4
1065.0 	1.75845e-05 	8.36671e-11 	4
1066.0 	1.76239e-05 	8.38118e-11 	4
1067.0 	1.76624e-05 	8.39565e-11 	4
1068.0 	1.76999e-05 	8.41055e-11 	4
1069.0 	1.77362e-05 	8.42564e-11 	4
1070.0 	1.77716e-05 	8.44068e-11 	4
1071.0 	1.78061e-05 	8.45559e-11 	4
1072.0 	1.78394e-05 	8.47063e-11 	4
1073.0 	1.78717e-05 	8.48126e-11 	4
1074.0 	1.79027e-05 	8.496e-11 	4
1075.0 	1.79329e-05 	8.51121e-11 	4
1076.0 	1.7962e-05 	8.52636e-11 	4
1077.0 	1.79901e-05 	8.5413e-11 	4
1078.0 	1.80171e-05 	8.55588e-11 	4
1079.0 	1.80429e-05 	8.56978e-11 	4
1080.0 	1.80679e-05 	8.58319e-11 	4
1081.0 	1.80919e-05 	8.59609e-11 	4
1082.0 	1.81147e-05 	8.60872e-11 	4
1083.0 	1.81361e-05 	8.62079e-11 	4
1084.0 	1.81565e-05 	8.6322e-11 	4
1085.0 	1.81759e-05 	8.64304e-11 	4
1086.0 	1.81942e-05 	8.65337e-11 	4
1087.0 	1.82111e-05 	8.66307e-11 	4
1088.0 	1.82268e-05 	8.67221e-11 	4
1089.0 	1.82416e-05 	8.68064e-11 	4
1090.0 	1.82554e-05 	8.68834e-11 	4
1091.0 	1.82679e-05 	8.69539e-11 	4
1092.0 	1.82791e-05 	8.70164e-11 	4
1093.0 	1.82893e-05 	8.70719e-11 	4
1094.0 	1.82984e-05 	8.71204e-11 	4
1095.0 	1.83061e-05 	8.71612e-11 	4
1096.0 	1.83125e-05 	8.71946e-11 	4
1097.0 	1.83178e-05 	8.7222e-11 	4
1098.0 	1.83221e-05 	8.72435e-11 	4
1099.0 	1.8325e-05 	8.72556e-11 	4
1100.0 	1.83266e-05 	8.7259e-11 	4
1101.0 	1.8327e-05 	8.72549e-11 	4
1102.0 	1.83265e-05 	8.72425e-11 	4
1103.0 	1.83246e-05 	8.72218e-11 	4
1104.0 	1.83213e-05 	8.71934e-11 	4
1105.0 	1.83168e-05 	8.7158e-11 	4
1106.0 	1.83114e-05 	8.71158e-11 	4
1107.0 	1.83045e-05 	8.70661e-11 	4
1108.0 	1.82961e-05 	8.70099e-11 	4
1109.0 	1.82863e-05 	8.69475e-11 	4
1110.0 	1.82756e-05 	8.68791e-11 	4
1111.0 	1.82635e-05 	8.68038e-11 	4
1112.0 	1.825e-05 	8.67201e-11 	4
1113.0 	1.82352e-05 	8.66311e-11 	4
1114.0 	1.82196e-05 	8.65357e-11 	4
1115.0 	1.82017e-05 	8.64283e-11 	4
1116.0 	1.8185e-05 	8.63246e-11 	4
1117.0 	1.81635e-05 	8.62052e-11 	4
1118.0 	1.8143e-05 	8.60844e-11 	4
1119.0 	1.81205e-05 	8.59569e-11 	4
1120.0 	1.80965e-05 	8.58241e-11 	4
1121.0 	1.80711e-05 	8.56849e-11 	4
1122.0 	1.80444e-05 	8.55389e-11 	4
1123.0 	1.80169e-05 	8.53862e-11 	4
1124.0 	1.79883e-05 	8.52273e-11 	4
1125.0 	1.79581e-05 	8.50625e-11 	4
1126.0 	1.79265e-05 	8.48923e-11 	4
1127.0 	1.78935e-05 	8.47159e-11 	4
1128.0 	1.78589e-05 	8.45329e-11 	4
1129.0 	1.78228e-05 	8.43444e-11 	4
1130.0 	1.77852e-05 	8.41501e-11 	4
1131.0 	1.77468e-05 	8.39503e-11 	4
1132.0 	1.77071e-05 	8.37441e-11 	4
1133.0 	1.76662e-05 	8.35341e-11 	4
1134.0 	1.7624e-05 	8.33198e-11 	4
1135.0 	1.75807e-05 	8.31006e-11 	4
1136.0 	1.75356e-05 	8.28775e-11 	4
1137.0 	1.74889e-05 	8.26511e-11 	4
1138.0 	1.74409e-05 	8.24209e-11 	4
1139.0 	1.73922e-05 	8.21889e-11 	4
1140.0 	1.73422e-05 	8.19509e-11 	4
1141.0 	1.72906e-05 	8.17074e-11 	4
1142.0 	1.72374e-05 	8.14595e-11 	4
1143.0 	1.71827e-05 	8.12095e-11 	4
1144.0 	1.71266e-05 	8.09549e-11 	4
1145.0 	1.70699e-05 	8.06939e-11 	4
1146.0 	1.70121e-05 	8.04268e-11 	4
1147.0 	1.69528e-05 	8.01546e-11 	4
1148.0 	1.68921e-05 	7.98823e-11 	4
1149.0 	1.68297e-05 	7.96089e-11 	4
1150.0 	1.67662e-05 	7.93312e-11 	4
1151.0 	1.67032e-05 	7.90491e-11 	4
1152.0 	1.66364e-05 	7.87636e-11 	4
1153.0 	1.65719e-05 	7.84692e-11 	4
1154.0 	1.65022e-05 	7.81747e-11 	4
1155.0 	1.64346e-05 	7.7872e-11 	4
1156.0 	1.63632e-05 	7.7569e-11 	4
1157.0 	1.6294e-05 	7.72554e-11 	4
1158.0 	1.62209e-05 	7.69433e-11 	4
1159.0 	1.61471e-05 	7.66264e-11 	4
1160.0 	1.60723e-05 	7.63067e-11 	4
1161.0 	1.59969e-05 	7.59827e-11 	4
1162.0 	1.59206e-05 	7.56551e-11 	4
1163.0 	1.58429e-05 	7.53254e-11 	4
1164.0 	1.57638e-05 	7.49943e-11 	4
1165.0 	1.56838e-05 	7.4662e-11 	4
1166.0 	1.56033e-05 	7.43289e-11 	4
1167.0 	1.55218e-05 	7.39976e-11 	4
1168.0 	1.54389e-05 	7.36664e-11 	4
1169.0 	1.53548e-05 	7.33341e-11 	4
1170.0 	1.52702e-05 	7.30042e-11 	4
1171.0 	1.51851e-05 	7.26735e-11 	4
1172.0 	1.50988e-05 	7.23425e-11 	4
1173.0 	1.50112e-05 	7.20151e-11 	4
1174.0 	1.49229e-05 	7.16911e-11 	4
1175.0 	1.48341e-05 	7.13714e-11 	4
1176.0 	1.47448e-05 	7.10571e-11 	4
1177.0 	1.46543e-05 	7.07491e-11 	4
1178.0 	1.45629e-05 	7.04484e-11 	4
1179.0 	1.44711e-05 	7.01621e-11 	4
1180.0 	1.43786e-05 	6.98853e-11 	4
1181.0 	1.42853e-05 	6.96199e-11 	4
1182.0 	1.41911e-05 	6.93666e-11 	4
1183.0 	1.40967e-05 	6.91305e-11 	4
1184.0 	1.40016e-05 	6.89107e-11 	4
1185.0 	1.39058e-05 	6.87146e-11 	4
1186.0 	1.38095e-05 	6.85424e-11 	4
1187.0 	1.37131e-05 	6.83974e-11 	4
1188.0 	1.36159e-05 	6.82857e-11 	4
1189.0 	1.35178e-05 	6.82132e-11 	4
1190.0 	1.34195e-05 	6.81851e-11 	4
1191.0 	1.33214e-05 	6.82111e-11 	4
1192.0 	1.32226e-05 	6.83071e-11 	4
1193.0 	1.3123e-05 	6.849e-11 	4
1194.0 	1.30232e-05 	6.87847e-11 	4
1195.0 	1.29237e-05 	6.92137e-11 	4
1196.0 	1.28237e-05 	6.98224e-11 	4
1197.0 	1.27232e-05 	7.06698e-11 	4
1198.0 	1.26227e-05 	7.18706e-11 	4
1199.0 	1.25221e-05 	7.38695e-11 	4
1200.0 	1.24212e-05 	7.82971e-11 	4
1201.0 	1.23202e-05 	9.01033e-11 	4
1202.0 	1.22196e-05 	1.26083e-11 	5
1203.0 	1.21183e-05 	1.93181e-11 	5
1204.0 	1.20172e-05 	6.08374e-11 	5
1205.0 	1.19164e-05 	8.8004e-11 	4
1206.0 	1.18153e-05 	4.39317e-11 	4
1207.0 	1.17142e-05 	2.87103e-11 	4
1208.0 	1.16138e-05 	8.03599e-11 	4
1209.0 	1.15132e-05 	7.00811e-11 	4
1210.0 	1.14124e-05 	7.63956e-11 	4
1211.0 	1.13119e-05 	8.70916e-11 	4
1212.0 	1.1212e-05 	9.64802e-11 	4
1213.0 	1.11122e-05 	2.27221e-11 	4
1214.0 	1.10126e-05 	2.4481e-11 	4
1215.0 	1.09128e-05 	2.59172e-11 	4
1216.0 	1.08138e-05 	2.70383e-11 	4
1217.0 	1.07154e-05 	2.78984e-11 	4
1218.0 	1.06169e-05 	2.85528e-11 	4
1219.0 	1.05189e-05 	2.90481e-11 	4
1220.0 	1.04214e-05 	2.94143e-11 	4
1221.0 	1.03241e-05 	2.96662e-11 	4
1222.0 	1.02273e-05 	2.98342e-11 	4
1223.0 	1.01309e-05 	2.99416e-11 	4
1224.0 	1.00353e-05 	2.99906e-11 	4
1225.0 	9.94004e-06 	2.99866e-11 	4
