# time 	Initial 	Final 	Iterations
1.0 	0.000614019 	4.28026e-11 	6
2.0 	0.000589785 	5.50897e-11 	6
3.0 	0.000571737 	1.79732e-11 	6
4.0 	0.000556901 	9.01016e-11 	6
5.0 	0.000544284 	8.75827e-11 	6
6.0 	0.000533367 	8.59678e-11 	6
7.0 	0.000523569 	8.3799e-11 	6
8.0 	0.000514555 	8.22488e-11 	6
9.0 	0.000506285 	8.05116e-11 	6
10.0 	0.000498667 	8.06542e-11 	6
11.0 	0.000491487 	8.17058e-11 	6
12.0 	0.000484593 	8.11272e-11 	6
13.0 	0.000477952 	7.90331e-11 	6
14.0 	0.000471513 	7.70532e-11 	6
15.0 	0.000465296 	7.57126e-11 	6
16.0 	0.000459341 	7.48788e-11 	6
17.0 	0.00045368 	7.54104e-11 	6
18.0 	0.000448372 	7.71554e-11 	6
19.0 	0.000443337 	7.73128e-11 	6
20.0 	0.000438481 	7.68334e-11 	6
21.0 	0.000433774 	8.37747e-11 	6
22.0 	0.000429217 	9.94062e-11 	6
23.0 	0.000424836 	2.61913e-11 	6
24.0 	0.000420566 	9.82605e-11 	5
25.0 	0.00041641 	9.52324e-11 	5
26.0 	0.000412376 	9.28055e-11 	5
27.0 	0.000408432 	9.0818e-11 	5
28.0 	0.000404613 	8.90112e-11 	5
29.0 	0.000400883 	8.72536e-11 	5
30.0 	0.000397258 	8.61272e-11 	5
31.0 	0.000393722 	8.5356e-11 	5
32.0 	0.000390303 	8.41709e-11 	5
33.0 	0.000386977 	8.34303e-11 	5
34.0 	0.000383732 	8.31961e-11 	5
35.0 	0.000380581 	8.28923e-11 	5
36.0 	0.000377467 	8.27163e-11 	5
37.0 	0.00037443 	8.2641e-11 	5
38.0 	0.000371498 	8.30975e-11 	5
39.0 	0.000368632 	8.32792e-11 	5
40.0 	0.000365855 	8.34651e-11 	5
41.0 	0.000363162 	8.39805e-11 	5
42.0 	0.000360561 	8.43467e-11 	5
43.0 	0.000358031 	8.44655e-11 	5
44.0 	0.00035555 	8.45163e-11 	5
45.0 	0.000353134 	8.44632e-11 	5
46.0 	0.000350797 	8.46733e-11 	5
47.0 	0.000348519 	8.50666e-11 	5
48.0 	0.000346278 	8.45e-11 	5
49.0 	0.000344085 	8.28601e-11 	5
50.0 	0.000341918 	8.18318e-11 	5
51.0 	0.000339825 	8.02618e-11 	5
52.0 	0.00033775 	7.88553e-11 	5
53.0 	0.000335755 	7.6765e-11 	5
54.0 	0.000333778 	7.49275e-11 	5
55.0 	0.000331853 	7.23809e-11 	5
56.0 	0.000330005 	6.97025e-11 	5
57.0 	0.000328193 	6.67614e-11 	5
58.0 	0.000326441 	6.34813e-11 	5
59.0 	0.000324707 	6.00417e-11 	5
60.0 	0.00032303 	5.67385e-11 	5
61.0 	0.00032141 	5.36333e-11 	5
62.0 	0.000319815 	5.07865e-11 	5
63.0 	0.000318259 	4.88892e-11 	5
64.0 	0.000316747 	4.86414e-11 	5
65.0 	0.000315289 	4.98863e-11 	5
66.0 	0.000313875 	5.25116e-11 	5
67.0 	0.000312526 	5.63628e-11 	5
68.0 	0.0003112 	6.12285e-11 	5
69.0 	0.000309941 	6.71138e-11 	5
70.0 	0.000308723 	7.17149e-11 	5
71.0 	0.000307526 	7.66358e-11 	5
72.0 	0.000306364 	8.31769e-11 	5
73.0 	0.000305239 	9.07183e-11 	5
74.0 	0.000304163 	9.8184e-11 	5
75.0 	0.000303085 	2.68265e-11 	6
76.0 	0.000302054 	2.52447e-11 	6
77.0 	0.000301048 	2.29144e-11 	6
78.0 	0.000300056 	1.89913e-11 	6
79.0 	0.000299093 	1.29543e-11 	6
80.0 	0.000298165 	1.39373e-11 	6
81.0 	0.000297252 	1.48004e-11 	6
82.0 	0.00029637 	2.80908e-11 	6
83.0 	0.000295521 	2.21686e-11 	6
84.0 	0.000294701 	1.54198e-11 	6
85.0 	0.000293898 	1.69351e-11 	6
86.0 	0.000293112 	1.09112e-11 	6
87.0 	0.000292347 	1.4389e-11 	6
88.0 	0.000291592 	1.74547e-11 	6
89.0 	0.000290864 	1.90531e-11 	6
90.0 	0.000290165 	1.99306e-11 	6
91.0 	0.000289479 	2.04029e-11 	6
92.0 	0.000288811 	2.06435e-11 	6
93.0 	0.000288182 	2.0729e-11 	6
94.0 	0.000287586 	2.06822e-11 	6
95.0 	0.000287031 	2.05357e-11 	6
96.0 	0.000286498 	2.03361e-11 	6
97.0 	0.000285995 	2.01366e-11 	6
98.0 	0.000285534 	1.993e-11 	6
99.0 	0.000285079 	1.96643e-11 	6
100.0 	0.000284633 	1.94157e-11 	6
101.0 	0.000284205 	1.92086e-11 	6
102.0 	0.000283803 	1.90029e-11 	6
103.0 	0.000283409 	1.87939e-11 	6
104.0 	0.000283026 	1.86243e-11 	6
105.0 	0.000282668 	1.85411e-11 	6
106.0 	0.000282332 	1.84323e-11 	6
107.0 	0.000282017 	1.83172e-11 	6
108.0 	0.000281706 	1.82419e-11 	6
109.0 	0.000281407 	1.8167e-11 	6
110.0 	0.000281133 	1.80819e-11 	6
111.0 	0.000280877 	1.79723e-11 	6
112.0 	0.000280651 	1.77956e-11 	6
113.0 	0.000280441 	1.74732e-11 	6
114.0 	0.000280241 	1.69066e-11 	6
115.0 	0.000280062 	1.583e-11 	6
116.0 	0.000279908 	1.39097e-11 	6
117.0 	0.000279753 	1.15462e-11 	6
118.0 	0.000279638 	1.49377e-11 	6
119.0 	0.000279537 	1.18533e-11 	6
120.0 	0.000279465 	2.88557e-11 	6
121.0 	0.000279449 	1.89974e-11 	6
122.0 	0.000279464 	1.46042e-11 	6
123.0 	0.000279536 	1.40747e-11 	6
124.0 	0.000279668 	2.13299e-11 	6
125.0 	0.000279827 	2.53625e-11 	6
126.0 	0.000280011 	2.80267e-11 	6
127.0 	0.000280212 	2.98187e-11 	6
128.0 	0.000280426 	3.12191e-11 	6
129.0 	0.000280675 	3.22801e-11 	6
130.0 	0.000280936 	3.31437e-11 	6
131.0 	0.00028118 	3.37654e-11 	6
132.0 	0.000281438 	9.62558e-11 	5
133.0 	0.000281717 	8.32604e-11 	5
134.0 	0.000281971 	7.06708e-11 	5
135.0 	0.00028223 	5.96135e-11 	5
136.0 	0.000282504 	5.08624e-11 	5
137.0 	0.000282756 	4.50188e-11 	5
138.0 	0.000282994 	4.26316e-11 	5
139.0 	0.000283238 	4.57765e-11 	5
140.0 	0.000283473 	5.06338e-11 	5
141.0 	0.000283686 	5.57061e-11 	5
142.0 	0.000283908 	6.04058e-11 	5
143.0 	0.000284108 	6.49471e-11 	5
144.0 	0.000284305 	6.82142e-11 	5
145.0 	0.000284483 	7.0017e-11 	5
146.0 	0.00028466 	7.16745e-11 	5
147.0 	0.000284808 	7.39973e-11 	5
148.0 	0.000284955 	7.60769e-11 	5
149.0 	0.000285079 	7.73978e-11 	5
150.0 	0.000285197 	7.81879e-11 	5
151.0 	0.0002853 	7.83187e-11 	5
152.0 	0.000285387 	7.60233e-11 	5
153.0 	0.000285468 	7.522e-11 	5
154.0 	0.000285537 	7.49364e-11 	5
155.0 	0.000285585 	7.47419e-11 	5
156.0 	0.000285634 	7.45552e-11 	5
157.0 	0.000285666 	7.46319e-11 	5
158.0 	0.000285677 	7.44555e-11 	5
159.0 	0.000285665 	7.35418e-11 	5
160.0 	0.000285644 	7.28368e-11 	5
161.0 	0.000285621 	7.22115e-11 	5
162.0 	0.000285575 	7.12636e-11 	5
163.0 	0.000285503 	7.03893e-11 	5
164.0 	0.000285425 	6.94571e-11 	5
165.0 	0.000285341 	6.87215e-11 	5
166.0 	0.000285233 	6.77443e-11 	5
167.0 	0.000285108 	6.68707e-11 	5
168.0 	0.000284961 	6.59818e-11 	5
169.0 	0.00028481 	6.52387e-11 	5
170.0 	0.000284634 	6.45256e-11 	5
171.0 	0.000284452 	6.36687e-11 	5
172.0 	0.000284255 	6.30718e-11 	5
173.0 	0.000284046 	6.27739e-11 	5
174.0 	0.000283829 	6.25942e-11 	5
175.0 	0.000283588 	6.24884e-11 	5
176.0 	0.000283346 	6.25768e-11 	5
177.0 	0.000283087 	6.27818e-11 	5
178.0 	0.000282819 	6.26765e-11 	5
179.0 	0.000282544 	6.34797e-11 	5
180.0 	0.000282258 	6.45329e-11 	5
181.0 	0.000281969 	6.54435e-11 	5
182.0 	0.000281671 	6.60395e-11 	5
183.0 	0.00028136 	6.62563e-11 	5
184.0 	0.000281042 	6.64709e-11 	5
185.0 	0.000280707 	6.67834e-11 	5
186.0 	0.000280369 	6.75744e-11 	5
187.0 	0.000280032 	6.84926e-11 	5
188.0 	0.000279696 	6.9531e-11 	5
189.0 	0.000279352 	7.05552e-11 	5
190.0 	0.000279005 	7.15615e-11 	5
191.0 	0.000278647 	7.25714e-11 	5
192.0 	0.000278285 	7.37725e-11 	5
193.0 	0.000277924 	7.63181e-11 	5
194.0 	0.000277572 	7.75344e-11 	5
195.0 	0.000277211 	7.86272e-11 	5
196.0 	0.000276849 	7.98132e-11 	5
197.0 	0.000276488 	8.08725e-11 	5
198.0 	0.000276117 	8.18139e-11 	5
199.0 	0.000275758 	8.19806e-11 	5
200.0 	0.000275395 	8.20834e-11 	5
201.0 	0.000275031 	8.25503e-11 	5
202.0 	0.000274656 	8.32344e-11 	5
203.0 	0.00027428 	8.41742e-11 	5
204.0 	0.000273908 	8.51373e-11 	5
205.0 	0.000273533 	8.597e-11 	5
206.0 	0.000273155 	8.67271e-11 	5
207.0 	0.000272785 	8.75098e-11 	5
208.0 	0.000272414 	8.82048e-11 	5
209.0 	0.000272057 	8.88483e-11 	5
210.0 	0.000271695 	8.94436e-11 	5
211.0 	0.000271344 	8.99804e-11 	5
212.0 	0.000270987 	9.04763e-11 	5
213.0 	0.000270632 	9.09258e-11 	5
214.0 	0.000270271 	9.15466e-11 	5
215.0 	0.000269916 	9.19486e-11 	5
216.0 	0.000269562 	9.2564e-11 	5
217.0 	0.000269204 	9.27744e-11 	5
218.0 	0.000268844 	9.29463e-11 	5
219.0 	0.000268478 	9.30957e-11 	5
220.0 	0.000268109 	9.30977e-11 	5
221.0 	0.00026773 	9.31222e-11 	5
222.0 	0.000267359 	9.30901e-11 	5
223.0 	0.000267015 	9.30046e-11 	5
224.0 	0.000266684 	9.29506e-11 	5
225.0 	0.00026636 	9.28656e-11 	5
226.0 	0.000266044 	9.2723e-11 	5
227.0 	0.000265741 	9.25491e-11 	5
228.0 	0.000265448 	9.23052e-11 	5
229.0 	0.000265166 	9.20238e-11 	5
230.0 	0.000264888 	9.16912e-11 	5
231.0 	0.000264613 	9.13189e-11 	5
232.0 	0.000264334 	9.09027e-11 	5
233.0 	0.00026406 	9.04313e-11 	5
234.0 	0.000263789 	8.99194e-11 	5
235.0 	0.000263537 	8.9419e-11 	5
236.0 	0.000263301 	8.87938e-11 	5
237.0 	0.000263063 	8.8151e-11 	5
238.0 	0.000262818 	8.74679e-11 	5
239.0 	0.000262593 	8.67622e-11 	5
240.0 	0.000262368 	8.60191e-11 	5
241.0 	0.000262137 	8.52938e-11 	5
242.0 	0.000261898 	8.4657e-11 	5
243.0 	0.000261675 	8.3981e-11 	5
244.0 	0.000261442 	8.32856e-11 	5
245.0 	0.000261209 	8.26041e-11 	5
246.0 	0.000260992 	8.19276e-11 	5
247.0 	0.000260776 	8.12603e-11 	5
248.0 	0.000260565 	8.06468e-11 	5
249.0 	0.000260362 	7.99862e-11 	5
250.0 	0.000260153 	7.93121e-11 	5
251.0 	0.000259942 	7.86796e-11 	5
252.0 	0.000259735 	7.79935e-11 	5
253.0 	0.000259526 	7.73323e-11 	5
254.0 	0.000259322 	7.67193e-11 	5
255.0 	0.000259104 	7.62672e-11 	5
256.0 	0.000258868 	7.58461e-11 	5
257.0 	0.00025866 	7.53616e-11 	5
258.0 	0.000258463 	7.48868e-11 	5
259.0 	0.000258259 	7.438e-11 	5
260.0 	0.000258061 	7.38516e-11 	5
261.0 	0.000257868 	7.33408e-11 	5
262.0 	0.000257658 	7.28476e-11 	5
263.0 	0.000257431 	7.23695e-11 	5
264.0 	0.000257191 	7.18941e-11 	5
265.0 	0.000256933 	7.14043e-11 	5
266.0 	0.000256646 	7.08871e-11 	5
267.0 	0.000256348 	7.0408e-11 	5
268.0 	0.00025609 	6.99528e-11 	5
269.0 	0.000255834 	6.95126e-11 	5
270.0 	0.000255569 	6.90854e-11 	5
271.0 	0.000255292 	6.86637e-11 	5
272.0 	0.000254986 	6.82459e-11 	5
273.0 	0.000254668 	6.78803e-11 	5
274.0 	0.000254344 	6.75131e-11 	5
275.0 	0.000254012 	6.7131e-11 	5
276.0 	0.000253662 	6.67432e-11 	5
277.0 	0.000253289 	6.63564e-11 	5
278.0 	0.000252921 	6.59712e-11 	5
279.0 	0.000252551 	6.55856e-11 	5
280.0 	0.000252169 	6.5206e-11 	5
281.0 	0.000251782 	6.48274e-11 	5
282.0 	0.00025139 	6.44526e-11 	5
283.0 	0.000250981 	6.40857e-11 	5
284.0 	0.000250556 	6.37088e-11 	5
285.0 	0.00025012 	6.3348e-11 	5
286.0 	0.000249678 	6.30125e-11 	5
287.0 	0.000249229 	6.26029e-11 	5
288.0 	0.000248772 	6.22507e-11 	5
289.0 	0.000248302 	6.18486e-11 	5
290.0 	0.000247827 	6.1445e-11 	5
291.0 	0.000247345 	6.10389e-11 	5
292.0 	0.000246861 	6.06413e-11 	5
293.0 	0.000246376 	6.02419e-11 	5
294.0 	0.000245874 	5.98459e-11 	5
295.0 	0.000245359 	5.94475e-11 	5
296.0 	0.000244835 	5.90455e-11 	5
297.0 	0.0002443 	5.86395e-11 	5
298.0 	0.000243755 	5.82169e-11 	5
299.0 	0.000243199 	5.78005e-11 	5
300.0 	0.000242636 	5.73941e-11 	5
301.0 	0.000242065 	5.69959e-11 	5
302.0 	0.000241486 	5.66121e-11 	5
303.0 	0.000240903 	5.62331e-11 	5
304.0 	0.000240316 	5.58649e-11 	5
305.0 	0.000239725 	5.55064e-11 	5
306.0 	0.000239121 	5.5163e-11 	5
307.0 	0.000238511 	5.48198e-11 	5
308.0 	0.000237895 	5.44833e-11 	5
309.0 	0.000237274 	5.41554e-11 	5
310.0 	0.000236643 	5.3824e-11 	5
311.0 	0.000236012 	5.35196e-11 	5
312.0 	0.000235369 	5.32037e-11 	5
313.0 	0.000234727 	5.29184e-11 	5
314.0 	0.000234089 	5.26397e-11 	5
315.0 	0.000233448 	5.23646e-11 	5
316.0 	0.000232806 	5.2095e-11 	5
317.0 	0.000232157 	5.18391e-11 	5
318.0 	0.000231502 	5.16026e-11 	5
319.0 	0.000230846 	5.13766e-11 	5
320.0 	0.000230186 	5.11641e-11 	5
321.0 	0.000229535 	5.09476e-11 	5
322.0 	0.000228878 	5.07494e-11 	5
323.0 	0.000228228 	5.05483e-11 	5
324.0 	0.000227582 	5.03588e-11 	5
325.0 	0.00022693 	5.01812e-11 	5
326.0 	0.00022628 	5.00181e-11 	5
327.0 	0.000225629 	4.98756e-11 	5
328.0 	0.000224974 	4.97548e-11 	5
329.0 	0.000224317 	4.96396e-11 	5
330.0 	0.000223665 	4.95182e-11 	5
331.0 	0.000223014 	4.93994e-11 	5
332.0 	0.000222362 	4.92895e-11 	5
333.0 	0.000221706 	4.91832e-11 	5
334.0 	0.000221052 	4.9077e-11 	5
335.0 	0.000220394 	4.89719e-11 	5
336.0 	0.000219734 	4.88848e-11 	5
337.0 	0.000219071 	4.87743e-11 	5
338.0 	0.000218405 	4.86622e-11 	5
339.0 	0.000217743 	4.85677e-11 	5
340.0 	0.000217088 	4.84798e-11 	5
341.0 	0.000216429 	4.83961e-11 	5
342.0 	0.000215771 	4.83123e-11 	5
343.0 	0.000215113 	4.82336e-11 	5
344.0 	0.000214456 	4.8157e-11 	5
345.0 	0.000213796 	4.80848e-11 	5
346.0 	0.000213139 	4.80193e-11 	5
347.0 	0.000212482 	4.79598e-11 	5
348.0 	0.000211824 	4.79039e-11 	5
349.0 	0.000211164 	4.78394e-11 	5
350.0 	0.000210505 	4.78145e-11 	5
351.0 	0.000209844 	4.77519e-11 	5
352.0 	0.00020918 	4.77176e-11 	5
353.0 	0.00020852 	4.76941e-11 	5
354.0 	0.000207851 	4.76755e-11 	5
355.0 	0.00020718 	4.76531e-11 	5
356.0 	0.000206511 	4.76233e-11 	5
357.0 	0.000205839 	4.75834e-11 	5
358.0 	0.00020516 	4.75503e-11 	5
359.0 	0.000204483 	4.75126e-11 	5
360.0 	0.000203806 	4.7478e-11 	5
361.0 	0.000203121 	4.74331e-11 	5
362.0 	0.000202434 	4.73906e-11 	5
363.0 	0.000201744 	4.73361e-11 	5
364.0 	0.000201048 	4.7275e-11 	5
365.0 	0.000200347 	4.72017e-11 	5
366.0 	0.000199644 	4.71261e-11 	5
367.0 	0.000198942 	4.70393e-11 	5
368.0 	0.000198234 	4.69418e-11 	5
369.0 	0.000197521 	4.68485e-11 	5
370.0 	0.000196802 	4.67437e-11 	5
371.0 	0.000196078 	4.66165e-11 	5
372.0 	0.000195352 	4.64708e-11 	5
373.0 	0.000194624 	4.63037e-11 	5
374.0 	0.00019389 	4.61216e-11 	5
375.0 	0.000193152 	4.59258e-11 	5
376.0 	0.000192409 	4.57203e-11 	5
377.0 	0.000191665 	4.55003e-11 	5
378.0 	0.000190915 	4.52732e-11 	5
379.0 	0.000190157 	4.50445e-11 	5
380.0 	0.000189398 	4.48123e-11 	5
381.0 	0.000188632 	4.4575e-11 	5
382.0 	0.000187869 	4.43412e-11 	5
383.0 	0.000187097 	4.41167e-11 	5
384.0 	0.000186318 	4.38979e-11 	5
385.0 	0.00018554 	4.36919e-11 	5
386.0 	0.000184755 	4.34953e-11 	5
387.0 	0.000183964 	4.3298e-11 	5
388.0 	0.000183173 	4.3108e-11 	5
389.0 	0.000182371 	4.29373e-11 	5
390.0 	0.000181571 	4.27759e-11 	5
391.0 	0.000180762 	4.2605e-11 	5
392.0 	0.00017995 	4.24462e-11 	5
393.0 	0.000179133 	4.22359e-11 	5
394.0 	0.000178311 	4.20442e-11 	5
395.0 	0.000177488 	4.18877e-11 	5
396.0 	0.000176659 	4.17611e-11 	5
397.0 	0.000175827 	4.16504e-11 	5
398.0 	0.000174991 	4.15548e-11 	5
399.0 	0.00017415 	4.1478e-11 	5
400.0 	0.000173302 	4.14098e-11 	5
401.0 	0.000172453 	4.13494e-11 	5
402.0 	0.000171609 	4.12955e-11 	5
403.0 	0.000170759 	4.12494e-11 	5
404.0 	0.0001699 	4.12206e-11 	5
405.0 	0.000169035 	4.11984e-11 	5
406.0 	0.000168166 	4.11678e-11 	5
407.0 	0.000167297 	4.11363e-11 	5
408.0 	0.00016643 	4.10915e-11 	5
409.0 	0.00016556 	4.10735e-11 	5
410.0 	0.000164686 	4.10457e-11 	5
411.0 	0.000163805 	4.10104e-11 	5
412.0 	0.000162922 	4.09502e-11 	5
413.0 	0.000162035 	4.0895e-11 	5
414.0 	0.000161143 	4.08396e-11 	5
415.0 	0.000160251 	4.07773e-11 	5
416.0 	0.000159357 	4.07076e-11 	5
417.0 	0.000158464 	4.06351e-11 	5
418.0 	0.000157568 	4.05666e-11 	5
419.0 	0.000156666 	4.04712e-11 	5
420.0 	0.00015576 	4.03767e-11 	5
421.0 	0.000154851 	4.0221e-11 	5
422.0 	0.000153942 	4.00915e-11 	5
423.0 	0.000153029 	3.99656e-11 	5
424.0 	0.000152115 	3.98344e-11 	5
425.0 	0.000151202 	3.97004e-11 	5
426.0 	0.000150289 	3.95579e-11 	5
427.0 	0.000149375 	3.94118e-11 	5
428.0 	0.000148457 	3.9255e-11 	5
429.0 	0.000147537 	3.90921e-11 	5
430.0 	0.000146616 	3.89193e-11 	5
431.0 	0.000145698 	3.87358e-11 	5
432.0 	0.000144777 	3.85466e-11 	5
433.0 	0.000143856 	3.83453e-11 	5
434.0 	0.000142933 	3.81362e-11 	5
435.0 	0.000142017 	3.7921e-11 	5
436.0 	0.000141099 	3.76987e-11 	5
437.0 	0.000140186 	3.74665e-11 	5
438.0 	0.000139273 	3.7229e-11 	5
439.0 	0.000138356 	3.69851e-11 	5
440.0 	0.000137445 	3.67349e-11 	5
441.0 	0.000136531 	3.64798e-11 	5
442.0 	0.000135617 	3.62201e-11 	5
443.0 	0.000134706 	3.59407e-11 	5
444.0 	0.000133793 	3.5658e-11 	5
445.0 	0.000132882 	3.53773e-11 	5
446.0 	0.000131975 	3.51226e-11 	5
447.0 	0.000131072 	3.48543e-11 	5
448.0 	0.000130172 	3.45701e-11 	5
449.0 	0.000129275 	3.42787e-11 	5
450.0 	0.000128379 	3.39799e-11 	5
451.0 	0.000127485 	3.36799e-11 	5
452.0 	0.000126594 	3.33833e-11 	5
453.0 	0.000125707 	3.30856e-11 	5
454.0 	0.000124821 	3.27855e-11 	5
455.0 	0.000123939 	3.24798e-11 	5
456.0 	0.000123065 	3.21758e-11 	5
457.0 	0.000122191 	3.18667e-11 	5
458.0 	0.000121322 	3.15506e-11 	5
459.0 	0.000120456 	3.1229e-11 	5
460.0 	0.000119595 	3.09028e-11 	5
461.0 	0.000118735 	3.05675e-11 	5
462.0 	0.000117879 	3.02461e-11 	5
463.0 	0.000117029 	2.99165e-11 	5
464.0 	0.000116184 	2.95747e-11 	5
465.0 	0.000115342 	2.92291e-11 	5
466.0 	0.000114505 	2.88832e-11 	5
467.0 	0.000113671 	2.85551e-11 	5
468.0 	0.000112841 	2.82207e-11 	5
469.0 	0.000112015 	2.78813e-11 	5
470.0 	0.000111195 	2.75411e-11 	5
471.0 	0.000110379 	2.72114e-11 	5
472.0 	0.000109567 	2.68957e-11 	5
473.0 	0.00010876 	2.65787e-11 	5
474.0 	0.000107956 	2.62695e-11 	5
475.0 	0.000107158 	2.59711e-11 	5
476.0 	0.00010637 	2.56616e-11 	5
477.0 	0.000105581 	2.53837e-11 	5
478.0 	0.000104796 	2.51217e-11 	5
479.0 	0.000104017 	2.48724e-11 	5
480.0 	0.000103244 	2.46351e-11 	5
481.0 	0.000102476 	2.44094e-11 	5
482.0 	0.000101715 	2.41986e-11 	5
483.0 	0.000100961 	2.4005e-11 	5
484.0 	0.000100211 	2.38203e-11 	5
485.0 	9.9466e-05 	2.36492e-11 	5
486.0 	9.87307e-05 	2.34865e-11 	5
487.0 	9.79973e-05 	2.33257e-11 	5
488.0 	9.72713e-05 	2.3163e-11 	5
489.0 	9.65531e-05 	2.29871e-11 	5
490.0 	9.58388e-05 	2.2787e-11 	5
491.0 	9.51301e-05 	2.25564e-11 	5
492.0 	9.44277e-05 	2.22879e-11 	5
493.0 	9.37318e-05 	2.19634e-11 	5
494.0 	9.30436e-05 	2.15573e-11 	5
495.0 	9.23616e-05 	9.85099e-11 	5
496.0 	9.16889e-05 	9.51125e-11 	5
497.0 	9.10203e-05 	9.14724e-11 	5
498.0 	9.03593e-05 	8.76098e-11 	5
499.0 	8.97063e-05 	8.38453e-11 	5
500.0 	8.90605e-05 	7.92963e-11 	5
501.0 	8.84217e-05 	7.47415e-11 	5
502.0 	8.77925e-05 	7.01686e-11 	5
503.0 	8.71669e-05 	6.64293e-11 	5
504.0 	8.65483e-05 	6.59484e-11 	5
505.0 	8.59362e-05 	7.03018e-11 	5
506.0 	8.53306e-05 	8.06372e-11 	5
507.0 	8.4729e-05 	9.61111e-11 	5
508.0 	8.41358e-05 	2.21994e-11 	5
509.0 	8.35487e-05 	2.72758e-11 	5
510.0 	8.2966e-05 	3.26709e-11 	5
511.0 	8.23899e-05 	3.8426e-11 	5
512.0 	8.18222e-05 	4.59457e-11 	5
513.0 	8.12584e-05 	5.3634e-11 	5
514.0 	8.07025e-05 	6.08976e-11 	5
515.0 	8.01541e-05 	6.81844e-11 	5
516.0 	7.96102e-05 	7.57269e-11 	5
517.0 	7.90719e-05 	8.25123e-11 	5
518.0 	7.85404e-05 	8.49553e-11 	5
519.0 	7.8014e-05 	8.36366e-11 	5
520.0 	7.74922e-05 	8.57595e-11 	5
521.0 	7.69754e-05 	8.83167e-11 	5
522.0 	7.64641e-05 	8.91531e-11 	5
523.0 	7.5958e-05 	8.80513e-11 	5
524.0 	7.54581e-05 	8.59784e-11 	5
525.0 	7.49652e-05 	8.40793e-11 	5
526.0 	7.44769e-05 	8.2786e-11 	5
527.0 	7.39952e-05 	8.02625e-11 	5
528.0 	7.35188e-05 	7.83854e-11 	5
529.0 	7.30468e-05 	7.30141e-11 	5
530.0 	7.25811e-05 	7.01053e-11 	5
531.0 	7.21223e-05 	6.65599e-11 	5
532.0 	7.167e-05 	6.12896e-11 	5
533.0 	7.12261e-05 	5.8312e-11 	5
534.0 	7.07869e-05 	5.53391e-11 	5
535.0 	7.03539e-05 	5.22779e-11 	5
536.0 	6.99323e-05 	4.91122e-11 	5
537.0 	6.95192e-05 	4.66628e-11 	5
538.0 	6.91142e-05 	4.46292e-11 	5
539.0 	6.87162e-05 	4.26213e-11 	5
540.0 	6.83222e-05 	4.06511e-11 	5
541.0 	6.7935e-05 	3.88098e-11 	5
542.0 	6.75538e-05 	3.69809e-11 	5
543.0 	6.71784e-05 	3.5339e-11 	5
544.0 	6.68088e-05 	3.37497e-11 	5
545.0 	6.64407e-05 	3.2279e-11 	5
546.0 	6.60797e-05 	3.10149e-11 	5
547.0 	6.57215e-05 	2.97189e-11 	5
548.0 	6.53686e-05 	2.81636e-11 	5
549.0 	6.50192e-05 	2.68699e-11 	5
550.0 	6.46738e-05 	2.5642e-11 	5
551.0 	6.43317e-05 	2.44853e-11 	5
552.0 	6.39969e-05 	9.6797e-11 	5
553.0 	6.36642e-05 	9.20517e-11 	5
554.0 	6.33352e-05 	8.75886e-11 	5
555.0 	6.30095e-05 	8.37731e-11 	5
556.0 	6.26862e-05 	8.0198e-11 	5
557.0 	6.23678e-05 	7.6275e-11 	5
558.0 	6.20507e-05 	7.23526e-11 	5
559.0 	6.17352e-05 	6.88283e-11 	5
560.0 	6.14241e-05 	6.57885e-11 	5
561.0 	6.11135e-05 	6.36284e-11 	5
562.0 	6.08062e-05 	6.13857e-11 	5
563.0 	6.05029e-05 	5.9074e-11 	5
564.0 	6.0202e-05 	5.67642e-11 	5
565.0 	5.99038e-05 	5.4471e-11 	5
566.0 	5.96096e-05 	5.23431e-11 	5
567.0 	5.93163e-05 	5.02887e-11 	5
568.0 	5.90221e-05 	4.83439e-11 	5
569.0 	5.87321e-05 	4.54713e-11 	5
570.0 	5.84486e-05 	4.34225e-11 	5
571.0 	5.81627e-05 	4.18637e-11 	5
572.0 	5.78811e-05 	4.05521e-11 	5
573.0 	5.76012e-05 	3.93938e-11 	5
574.0 	5.73214e-05 	3.8352e-11 	5
575.0 	5.70471e-05 	3.69882e-11 	5
576.0 	5.67728e-05 	3.68105e-11 	5
577.0 	5.64974e-05 	3.57428e-11 	5
578.0 	5.62293e-05 	3.53419e-11 	5
579.0 	5.5962e-05 	3.49029e-11 	5
580.0 	5.5693e-05 	3.45321e-11 	5
581.0 	5.5429e-05 	3.42433e-11 	5
582.0 	5.51639e-05 	3.40156e-11 	5
583.0 	5.49018e-05 	3.3851e-11 	5
584.0 	5.46438e-05 	3.37363e-11 	5
585.0 	5.43854e-05 	3.36557e-11 	5
586.0 	5.4129e-05 	3.36156e-11 	5
587.0 	5.38746e-05 	3.35997e-11 	5
588.0 	5.36217e-05 	3.36084e-11 	5
589.0 	5.33732e-05 	3.36423e-11 	5
590.0 	5.31259e-05 	3.37046e-11 	5
591.0 	5.28787e-05 	3.37874e-11 	5
592.0 	5.26348e-05 	3.38891e-11 	5
593.0 	5.23917e-05 	3.40119e-11 	5
594.0 	5.21513e-05 	3.41556e-11 	5
595.0 	5.19127e-05 	3.43229e-11 	5
596.0 	5.16759e-05 	3.4515e-11 	5
597.0 	5.14408e-05 	3.473e-11 	5
598.0 	5.12081e-05 	3.49801e-11 	5
599.0 	5.09749e-05 	3.52818e-11 	5
600.0 	5.0745e-05 	3.55829e-11 	5
601.0 	5.05184e-05 	3.59027e-11 	5
602.0 	5.02917e-05 	3.62685e-11 	5
603.0 	5.0066e-05 	3.66688e-11 	5
604.0 	4.98449e-05 	3.70959e-11 	5
605.0 	4.96236e-05 	3.75407e-11 	5
606.0 	4.94044e-05 	3.80073e-11 	5
607.0 	4.91868e-05 	3.84964e-11 	5
608.0 	4.89725e-05 	3.90022e-11 	5
609.0 	4.87594e-05 	3.95331e-11 	5
610.0 	4.85468e-05 	4.00803e-11 	5
611.0 	4.83373e-05 	4.06434e-11 	5
612.0 	4.81293e-05 	4.12431e-11 	5
613.0 	4.79236e-05 	4.18651e-11 	5
614.0 	4.77184e-05 	4.24936e-11 	5
615.0 	4.75166e-05 	4.31377e-11 	5
616.0 	4.73154e-05 	4.378e-11 	5
617.0 	4.71153e-05 	4.4424e-11 	5
618.0 	4.69176e-05 	4.50565e-11 	5
619.0 	4.67215e-05 	4.54913e-11 	5
620.0 	4.65255e-05 	4.63527e-11 	5
621.0 	4.63326e-05 	4.70033e-11 	5
622.0 	4.61417e-05 	4.76319e-11 	5
623.0 	4.5952e-05 	4.82495e-11 	5
624.0 	4.5763e-05 	4.88536e-11 	5
625.0 	4.55765e-05 	4.94434e-11 	5
626.0 	4.53927e-05 	5.00198e-11 	5
627.0 	4.52098e-05 	5.05714e-11 	5
628.0 	4.50282e-05 	5.1097e-11 	5
629.0 	4.48492e-05 	5.15869e-11 	5
630.0 	4.46714e-05 	5.20648e-11 	5
631.0 	4.44954e-05 	5.25133e-11 	5
632.0 	4.43213e-05 	5.29233e-11 	5
633.0 	4.41481e-05 	5.33178e-11 	5
634.0 	4.39756e-05 	5.37599e-11 	5
635.0 	4.38063e-05 	5.41275e-11 	5
636.0 	4.36391e-05 	5.43838e-11 	5
637.0 	4.3473e-05 	5.46337e-11 	5
638.0 	4.33077e-05 	5.48395e-11 	5
639.0 	4.31444e-05 	5.50282e-11 	5
640.0 	4.29824e-05 	5.51789e-11 	5
641.0 	4.28227e-05 	5.52991e-11 	5
642.0 	4.26647e-05 	5.53277e-11 	5
643.0 	4.25077e-05 	5.53258e-11 	5
644.0 	4.23524e-05 	5.53021e-11 	5
645.0 	4.21984e-05 	5.52495e-11 	5
646.0 	4.20463e-05 	5.5164e-11 	5
647.0 	4.18956e-05 	5.50414e-11 	5
648.0 	4.1748e-05 	5.48874e-11 	5
649.0 	4.16019e-05 	5.47104e-11 	5
650.0 	4.14571e-05 	5.45124e-11 	5
651.0 	4.13138e-05 	5.42886e-11 	5
652.0 	4.11733e-05 	5.40502e-11 	5
653.0 	4.10333e-05 	5.38095e-11 	5
654.0 	4.08956e-05 	5.35863e-11 	5
655.0 	4.07591e-05 	5.33589e-11 	5
656.0 	4.06249e-05 	5.31443e-11 	5
657.0 	4.04932e-05 	5.29589e-11 	5
658.0 	4.03645e-05 	5.27803e-11 	5
659.0 	4.02375e-05 	5.26989e-11 	5
660.0 	4.01123e-05 	5.2563e-11 	5
661.0 	3.99899e-05 	5.24287e-11 	5
662.0 	3.98704e-05 	5.23072e-11 	5
663.0 	3.9752e-05 	5.21933e-11 	5
664.0 	3.96352e-05 	5.2084e-11 	5
665.0 	3.952e-05 	5.19663e-11 	5
666.0 	3.94062e-05 	5.18516e-11 	5
667.0 	3.92943e-05 	5.17386e-11 	5
668.0 	3.91823e-05 	5.16244e-11 	5
669.0 	3.90706e-05 	5.1507e-11 	5
670.0 	3.89601e-05 	5.13886e-11 	5
671.0 	3.88502e-05 	5.12698e-11 	5
672.0 	3.87419e-05 	5.11522e-11 	5
673.0 	3.86351e-05 	5.10374e-11 	5
674.0 	3.85285e-05 	5.09234e-11 	5
675.0 	3.84223e-05 	5.08135e-11 	5
676.0 	3.83164e-05 	5.07087e-11 	5
677.0 	3.82112e-05 	5.06097e-11 	5
678.0 	3.81066e-05 	5.05147e-11 	5
679.0 	3.80027e-05 	5.04253e-11 	5
680.0 	3.78998e-05 	5.03364e-11 	5
681.0 	3.77965e-05 	5.02956e-11 	5
682.0 	3.76929e-05 	5.02975e-11 	5
683.0 	3.75896e-05 	5.02238e-11 	5
684.0 	3.74877e-05 	5.01895e-11 	5
685.0 	3.73861e-05 	5.01256e-11 	5
686.0 	3.7284e-05 	5.00929e-11 	5
687.0 	3.71812e-05 	5.00655e-11 	5
688.0 	3.70791e-05 	5.00405e-11 	5
689.0 	3.69763e-05 	4.99162e-11 	5
690.0 	3.68728e-05 	4.99674e-11 	5
691.0 	3.67692e-05 	4.99744e-11 	5
692.0 	3.66654e-05 	4.99727e-11 	5
693.0 	3.65615e-05 	4.99788e-11 	5
694.0 	3.64567e-05 	4.99906e-11 	5
695.0 	3.63522e-05 	5.00029e-11 	5
696.0 	3.62477e-05 	5.00259e-11 	5
697.0 	3.61422e-05 	5.00531e-11 	5
698.0 	3.60366e-05 	5.00848e-11 	5
699.0 	3.59317e-05 	5.01194e-11 	5
700.0 	3.58253e-05 	5.01573e-11 	5
701.0 	3.57197e-05 	5.01953e-11 	5
702.0 	3.56133e-05 	5.03003e-11 	5
703.0 	3.55067e-05 	5.03035e-11 	5
704.0 	3.54001e-05 	5.03414e-11 	5
705.0 	3.52928e-05 	5.03838e-11 	5
706.0 	3.51855e-05 	5.04272e-11 	5
707.0 	3.50784e-05 	5.042e-11 	5
708.0 	3.49712e-05 	5.04826e-11 	5
709.0 	3.48635e-05 	5.05129e-11 	5
710.0 	3.47557e-05 	5.05328e-11 	5
711.0 	3.46473e-05 	5.05303e-11 	5
712.0 	3.45394e-05 	5.05147e-11 	5
713.0 	3.44315e-05 	5.05004e-11 	5
714.0 	3.43228e-05 	5.04874e-11 	5
715.0 	3.42148e-05 	5.04593e-11 	5
716.0 	3.41059e-05 	5.04191e-11 	5
717.0 	3.39964e-05 	5.03616e-11 	5
718.0 	3.38875e-05 	5.02894e-11 	5
719.0 	3.37788e-05 	5.02025e-11 	5
720.0 	3.36698e-05 	5.01007e-11 	5
721.0 	3.35604e-05 	4.99836e-11 	5
722.0 	3.34514e-05 	4.98505e-11 	5
723.0 	3.33414e-05 	4.97037e-11 	5
724.0 	3.32314e-05 	4.95433e-11 	5
725.0 	3.31219e-05 	4.93719e-11 	5
726.0 	3.30121e-05 	4.919e-11 	5
727.0 	3.29018e-05 	4.90018e-11 	5
728.0 	3.27909e-05 	4.88037e-11 	5
729.0 	3.26799e-05 	4.85932e-11 	5
730.0 	3.25689e-05 	4.83727e-11 	5
731.0 	3.24575e-05 	4.81485e-11 	5
732.0 	3.23463e-05 	4.7918e-11 	5
733.0 	3.2234e-05 	4.76777e-11 	5
734.0 	3.21217e-05 	4.74272e-11 	5
735.0 	3.20098e-05 	4.71677e-11 	5
736.0 	3.18975e-05 	4.6898e-11 	5
737.0 	3.17844e-05 	4.66186e-11 	5
738.0 	3.16706e-05 	4.63298e-11 	5
739.0 	3.15578e-05 	4.60313e-11 	5
740.0 	3.14443e-05 	4.57343e-11 	5
741.0 	3.13302e-05 	4.54086e-11 	5
742.0 	3.12157e-05 	4.51001e-11 	5
743.0 	3.11013e-05 	4.47792e-11 	5
744.0 	3.09864e-05 	4.44518e-11 	5
745.0 	3.08711e-05 	4.41182e-11 	5
746.0 	3.07555e-05 	4.37806e-11 	5
747.0 	3.06399e-05 	4.34415e-11 	5
748.0 	3.05241e-05 	4.31018e-11 	5
749.0 	3.04077e-05 	4.27496e-11 	5
750.0 	3.02913e-05 	4.2399e-11 	5
751.0 	3.01746e-05 	4.20434e-11 	5
752.0 	3.00576e-05 	4.16834e-11 	5
753.0 	2.99407e-05 	4.13193e-11 	5
754.0 	2.98234e-05 	4.09509e-11 	5
755.0 	2.97061e-05 	4.05789e-11 	5
756.0 	2.95886e-05 	4.02055e-11 	5
757.0 	2.94709e-05 	3.98291e-11 	5
758.0 	2.93532e-05 	3.94491e-11 	5
759.0 	2.92355e-05 	3.90682e-11 	5
760.0 	2.91176e-05 	3.86858e-11 	5
761.0 	2.89997e-05 	3.8304e-11 	5
762.0 	2.88817e-05 	3.79185e-11 	5
763.0 	2.87637e-05 	3.75326e-11 	5
764.0 	2.86458e-05 	3.7147e-11 	5
765.0 	2.85281e-05 	3.676e-11 	5
766.0 	2.84105e-05 	3.63716e-11 	5
767.0 	2.82929e-05 	3.59803e-11 	5
768.0 	2.81757e-05 	3.5587e-11 	5
769.0 	2.80586e-05 	3.51921e-11 	5
770.0 	2.79419e-05 	3.4797e-11 	5
771.0 	2.78255e-05 	3.44e-11 	5
772.0 	2.77095e-05 	3.39999e-11 	5
773.0 	2.7594e-05 	3.35977e-11 	5
774.0 	2.7479e-05 	3.31931e-11 	5
775.0 	2.73644e-05 	3.27876e-11 	5
776.0 	2.725e-05 	3.23793e-11 	5
777.0 	2.7136e-05 	3.19695e-11 	5
778.0 	2.70224e-05 	3.1554e-11 	5
779.0 	2.69092e-05 	3.11373e-11 	5
780.0 	2.67963e-05 	3.07173e-11 	5
781.0 	2.66839e-05 	3.02963e-11 	5
782.0 	2.65719e-05 	2.98731e-11 	5
783.0 	2.64601e-05 	2.94489e-11 	5
784.0 	2.63488e-05 	2.90243e-11 	5
785.0 	2.62376e-05 	2.85994e-11 	5
786.0 	2.61267e-05 	2.81753e-11 	5
787.0 	2.60162e-05 	2.77499e-11 	5
788.0 	2.59059e-05 	2.73261e-11 	5
789.0 	2.57961e-05 	2.69049e-11 	5
790.0 	2.56864e-05 	2.64865e-11 	5
791.0 	2.55772e-05 	2.60685e-11 	5
792.0 	2.54685e-05 	2.56532e-11 	5
793.0 	2.536e-05 	2.52375e-11 	5
794.0 	2.52522e-05 	2.48225e-11 	5
795.0 	2.51447e-05 	2.44109e-11 	5
796.0 	2.50379e-05 	2.39986e-11 	5
797.0 	2.49315e-05 	2.35874e-11 	5
798.0 	2.48259e-05 	2.31778e-11 	5
799.0 	2.47211e-05 	2.27711e-11 	5
800.0 	2.4617e-05 	2.23678e-11 	5
801.0 	2.45138e-05 	2.19694e-11 	5
802.0 	2.44115e-05 	2.15769e-11 	5
803.0 	2.431e-05 	2.11902e-11 	5
804.0 	2.42093e-05 	2.08107e-11 	5
805.0 	2.41094e-05 	2.04385e-11 	5
806.0 	2.40106e-05 	2.00742e-11 	5
807.0 	2.39126e-05 	1.97169e-11 	5
808.0 	2.38155e-05 	1.93636e-11 	5
809.0 	2.37193e-05 	1.90297e-11 	5
810.0 	2.3624e-05 	1.87038e-11 	5
811.0 	2.35296e-05 	1.83886e-11 	5
812.0 	2.34358e-05 	1.80861e-11 	5
813.0 	2.33431e-05 	1.77977e-11 	5
814.0 	2.32515e-05 	1.75246e-11 	5
815.0 	2.3161e-05 	1.72676e-11 	5
816.0 	2.30717e-05 	1.7028e-11 	5
817.0 	2.29834e-05 	1.68061e-11 	5
818.0 	2.28961e-05 	1.66028e-11 	5
819.0 	2.281e-05 	1.64181e-11 	5
820.0 	2.27253e-05 	1.62536e-11 	5
821.0 	2.26414e-05 	1.61075e-11 	5
822.0 	2.25584e-05 	1.59898e-11 	5
823.0 	2.24769e-05 	1.58913e-11 	5
824.0 	2.23966e-05 	1.58119e-11 	5
825.0 	2.23175e-05 	1.57499e-11 	5
826.0 	2.22397e-05 	1.57041e-11 	5
827.0 	2.21629e-05 	1.56722e-11 	5
828.0 	2.20875e-05 	1.56547e-11 	5
829.0 	2.20137e-05 	1.62935e-11 	5
830.0 	2.1941e-05 	1.68683e-11 	5
831.0 	2.18697e-05 	1.70356e-11 	5
832.0 	2.18001e-05 	1.71117e-11 	5
833.0 	2.17319e-05 	1.71132e-11 	5
834.0 	2.16652e-05 	1.71513e-11 	5
835.0 	2.15997e-05 	1.71523e-11 	5
836.0 	2.15364e-05 	1.71595e-11 	5
837.0 	2.14744e-05 	9.93593e-11 	4
838.0 	2.14138e-05 	9.8838e-11 	4
839.0 	2.13551e-05 	9.88706e-11 	4
840.0 	2.12979e-05 	9.81613e-11 	4
841.0 	2.12427e-05 	9.72543e-11 	4
842.0 	2.11892e-05 	9.63184e-11 	4
843.0 	2.11375e-05 	9.54016e-11 	4
844.0 	2.1088e-05 	9.45006e-11 	4
845.0 	2.10404e-05 	9.36287e-11 	4
846.0 	2.09947e-05 	9.27822e-11 	4
847.0 	2.09514e-05 	9.19573e-11 	4
848.0 	2.09098e-05 	9.11638e-11 	4
849.0 	2.087e-05 	9.03984e-11 	4
850.0 	2.08325e-05 	8.96613e-11 	4
851.0 	2.0797e-05 	8.89568e-11 	4
852.0 	2.0764e-05 	8.82757e-11 	4
853.0 	2.07341e-05 	8.76196e-11 	4
854.0 	2.07063e-05 	8.69933e-11 	4
855.0 	2.06803e-05 	8.63965e-11 	4
856.0 	2.06556e-05 	8.58237e-11 	4
857.0 	2.06319e-05 	8.52832e-11 	4
858.0 	2.06094e-05 	8.47741e-11 	4
859.0 	2.05875e-05 	8.42942e-11 	4
860.0 	2.05665e-05 	8.3837e-11 	4
861.0 	2.0546e-05 	8.34048e-11 	4
862.0 	2.05263e-05 	8.30091e-11 	4
863.0 	2.05071e-05 	8.2651e-11 	4
864.0 	2.04881e-05 	8.23287e-11 	4
865.0 	2.04697e-05 	8.20349e-11 	4
866.0 	2.04514e-05 	8.17738e-11 	4
867.0 	2.04332e-05 	8.15473e-11 	4
868.0 	2.04154e-05 	8.13422e-11 	4
869.0 	2.03974e-05 	8.1159e-11 	4
870.0 	2.03795e-05 	8.09903e-11 	4
871.0 	2.03617e-05 	8.08263e-11 	4
872.0 	2.03436e-05 	8.068e-11 	4
873.0 	2.03256e-05 	8.05455e-11 	4
874.0 	2.03076e-05 	8.04137e-11 	4
875.0 	2.02896e-05 	8.02867e-11 	4
876.0 	2.02714e-05 	8.01687e-11 	4
877.0 	2.02529e-05 	8.00581e-11 	4
878.0 	2.02346e-05 	7.99493e-11 	4
879.0 	2.02157e-05 	7.98422e-11 	4
880.0 	2.01967e-05 	7.97379e-11 	4
881.0 	2.01774e-05 	7.96373e-11 	4
882.0 	2.01574e-05 	7.95424e-11 	4
883.0 	2.01376e-05 	7.94496e-11 	4
884.0 	2.0117e-05 	7.93586e-11 	4
885.0 	2.00962e-05 	7.92668e-11 	4
886.0 	2.00751e-05 	7.91777e-11 	4
887.0 	2.00537e-05 	7.90913e-11 	4
888.0 	2.00319e-05 	7.90105e-11 	4
889.0 	2.00099e-05 	7.89267e-11 	4
890.0 	1.99874e-05 	7.88579e-11 	4
891.0 	1.99644e-05 	7.87585e-11 	4
892.0 	1.99409e-05 	7.86973e-11 	4
893.0 	1.99171e-05 	7.85999e-11 	4
894.0 	1.98926e-05 	7.85319e-11 	4
895.0 	1.98678e-05 	7.84302e-11 	4
896.0 	1.98423e-05 	7.83569e-11 	4
897.0 	1.98164e-05 	7.8256e-11 	4
898.0 	1.97902e-05 	7.81728e-11 	4
899.0 	1.97636e-05 	7.8085e-11 	4
900.0 	1.97364e-05 	7.79941e-11 	4
901.0 	1.97089e-05 	7.79036e-11 	4
902.0 	1.96807e-05 	7.78149e-11 	4
903.0 	1.96521e-05 	7.77257e-11 	4
904.0 	1.9623e-05 	7.76393e-11 	4
905.0 	1.95932e-05 	7.75534e-11 	4
906.0 	1.95632e-05 	7.74691e-11 	4
907.0 	1.95321e-05 	7.73827e-11 	4
908.0 	1.95009e-05 	7.73064e-11 	4
909.0 	1.94689e-05 	7.72136e-11 	4
910.0 	1.94365e-05 	7.71488e-11 	4
911.0 	1.94036e-05 	7.70653e-11 	4
912.0 	1.93701e-05 	7.69843e-11 	4
913.0 	1.93363e-05 	7.69062e-11 	4
914.0 	1.93015e-05 	7.68254e-11 	4
915.0 	1.92665e-05 	7.67421e-11 	4
916.0 	1.92306e-05 	7.66604e-11 	4
917.0 	1.91945e-05 	7.65747e-11 	4
918.0 	1.91573e-05 	7.64921e-11 	4
919.0 	1.912e-05 	7.63989e-11 	4
920.0 	1.90817e-05 	7.63116e-11 	4
921.0 	1.90432e-05 	7.62202e-11 	4
922.0 	1.90039e-05 	7.61241e-11 	4
923.0 	1.89642e-05 	7.6024e-11 	4
924.0 	1.89239e-05 	7.59152e-11 	4
925.0 	1.88831e-05 	7.57993e-11 	4
926.0 	1.88414e-05 	7.56738e-11 	4
927.0 	1.87997e-05 	7.55491e-11 	4
928.0 	1.87568e-05 	7.54268e-11 	4
929.0 	1.87139e-05 	7.53031e-11 	4
930.0 	1.86699e-05 	7.51734e-11 	4
931.0 	1.86257e-05 	7.50344e-11 	4
932.0 	1.85806e-05 	7.48864e-11 	4
933.0 	1.8535e-05 	7.47304e-11 	4
934.0 	1.84892e-05 	7.45684e-11 	4
935.0 	1.84423e-05 	7.4407e-11 	4
936.0 	1.83953e-05 	7.42415e-11 	4
937.0 	1.83475e-05 	7.40689e-11 	4
938.0 	1.82989e-05 	7.38928e-11 	4
939.0 	1.82502e-05 	7.37156e-11 	4
940.0 	1.82006e-05 	7.35361e-11 	4
941.0 	1.81505e-05 	7.33459e-11 	4
942.0 	1.80999e-05 	7.31511e-11 	4
943.0 	1.80485e-05 	7.29536e-11 	4
944.0 	1.79966e-05 	7.27566e-11 	4
945.0 	1.79439e-05 	7.25592e-11 	4
946.0 	1.7891e-05 	7.23613e-11 	4
947.0 	1.78369e-05 	7.21649e-11 	4
948.0 	1.77825e-05 	7.19725e-11 	4
949.0 	1.77281e-05 	7.17936e-11 	4
950.0 	1.76728e-05 	7.16228e-11 	4
951.0 	1.76169e-05 	7.14642e-11 	4
952.0 	1.75609e-05 	7.13272e-11 	4
953.0 	1.75042e-05 	7.12006e-11 	4
954.0 	1.74468e-05 	7.10801e-11 	4
955.0 	1.73891e-05 	7.09601e-11 	4
956.0 	1.73308e-05 	7.08371e-11 	4
957.0 	1.72722e-05 	7.07197e-11 	4
958.0 	1.72127e-05 	7.0606e-11 	4
959.0 	1.71527e-05 	7.04898e-11 	4
960.0 	1.70927e-05 	7.03744e-11 	4
961.0 	1.70319e-05 	7.0258e-11 	4
962.0 	1.69705e-05 	7.01422e-11 	4
963.0 	1.69096e-05 	7.00259e-11 	4
964.0 	1.68477e-05 	6.99158e-11 	4
965.0 	1.67853e-05 	6.98153e-11 	4
966.0 	1.67231e-05 	6.97158e-11 	4
967.0 	1.66599e-05 	6.96208e-11 	4
968.0 	1.65961e-05 	6.95252e-11 	4
969.0 	1.65321e-05 	6.94309e-11 	4
970.0 	1.64675e-05 	6.93383e-11 	4
971.0 	1.64029e-05 	6.92601e-11 	4
972.0 	1.63383e-05 	6.9177e-11 	4
973.0 	1.62726e-05 	6.90877e-11 	4
974.0 	1.62069e-05 	6.89967e-11 	4
975.0 	1.61407e-05 	6.8898e-11 	4
976.0 	1.60741e-05 	6.87943e-11 	4
977.0 	1.60075e-05 	6.86878e-11 	4
978.0 	1.59404e-05 	6.85871e-11 	4
979.0 	1.58731e-05 	6.84884e-11 	4
980.0 	1.58052e-05 	6.83972e-11 	4
981.0 	1.57371e-05 	6.82968e-11 	4
982.0 	1.5669e-05 	6.82054e-11 	4
983.0 	1.56005e-05 	6.80967e-11 	4
984.0 	1.55318e-05 	6.79983e-11 	4
985.0 	1.54628e-05 	6.78824e-11 	4
986.0 	1.53934e-05 	6.7775e-11 	4
987.0 	1.5324e-05 	6.76483e-11 	4
988.0 	1.52543e-05 	6.75246e-11 	4
989.0 	1.51847e-05 	6.7377e-11 	4
990.0 	1.51146e-05 	6.72337e-11 	4
991.0 	1.50443e-05 	6.70734e-11 	4
992.0 	1.49738e-05 	6.69051e-11 	4
993.0 	1.49035e-05 	6.67261e-11 	4
994.0 	1.48328e-05 	6.65389e-11 	4
995.0 	1.4762e-05 	6.63454e-11 	4
996.0 	1.46911e-05 	6.61438e-11 	4
997.0 	1.46201e-05 	6.59375e-11 	4
998.0 	1.45491e-05 	6.57241e-11 	4
999.0 	1.4478e-05 	6.55004e-11 	4
1000.0 	1.4407e-05 	6.52715e-11 	4
1001.0 	1.43357e-05 	6.5037e-11 	4
1002.0 	1.42644e-05 	6.4797e-11 	4
1003.0 	1.41932e-05 	6.45483e-11 	4
1004.0 	1.41219e-05 	6.43011e-11 	4
1005.0 	1.40507e-05 	6.40468e-11 	4
1006.0 	1.39795e-05 	6.37831e-11 	4
1007.0 	1.39084e-05 	6.35086e-11 	4
1008.0 	1.38374e-05 	6.32273e-11 	4
1009.0 	1.37662e-05 	6.29384e-11 	4
1010.0 	1.36953e-05 	6.26415e-11 	4
1011.0 	1.36245e-05 	6.23395e-11 	4
1012.0 	1.3554e-05 	6.20286e-11 	4
1013.0 	1.34835e-05 	6.17144e-11 	4
1014.0 	1.34129e-05 	6.13866e-11 	4
1015.0 	1.33426e-05 	6.10546e-11 	4
1016.0 	1.32726e-05 	6.07197e-11 	4
1017.0 	1.32029e-05 	6.03798e-11 	4
1018.0 	1.31333e-05 	6.00314e-11 	4
1019.0 	1.30639e-05 	5.96761e-11 	4
1020.0 	1.29949e-05 	5.93137e-11 	4
1021.0 	1.29261e-05 	5.89475e-11 	4
1022.0 	1.28577e-05 	5.85811e-11 	4
1023.0 	1.27896e-05 	5.82153e-11 	4
1024.0 	1.27219e-05 	5.78435e-11 	4
1025.0 	1.26542e-05 	5.74673e-11 	4
1026.0 	1.25872e-05 	5.70874e-11 	4
1027.0 	1.25205e-05 	5.67096e-11 	4
1028.0 	1.24543e-05 	5.63335e-11 	4
1029.0 	1.23883e-05 	5.59593e-11 	4
1030.0 	1.23225e-05 	5.55967e-11 	4
1031.0 	1.22575e-05 	5.52468e-11 	4
1032.0 	1.21929e-05 	5.49155e-11 	4
1033.0 	1.21285e-05 	5.45992e-11 	4
1034.0 	1.20647e-05 	5.42971e-11 	4
1035.0 	1.20017e-05 	5.40074e-11 	4
1036.0 	1.1939e-05 	5.37289e-11 	4
1037.0 	1.18766e-05 	5.34766e-11 	4
1038.0 	1.18146e-05 	5.3241e-11 	4
1039.0 	1.17531e-05 	5.30246e-11 	4
1040.0 	1.16925e-05 	5.28267e-11 	4
1041.0 	1.16323e-05 	5.26408e-11 	4
1042.0 	1.15728e-05 	5.24722e-11 	4
1043.0 	1.15137e-05 	5.23167e-11 	4
1044.0 	1.1455e-05 	5.21697e-11 	4
1045.0 	1.13969e-05 	5.20296e-11 	4
1046.0 	1.13391e-05 	5.19001e-11 	4
1047.0 	1.12822e-05 	5.17803e-11 	4
1048.0 	1.12255e-05 	5.16664e-11 	4
1049.0 	1.11698e-05 	5.15581e-11 	4
1050.0 	1.11147e-05 	5.14556e-11 	4
1051.0 	1.10599e-05 	5.13633e-11 	4
1052.0 	1.10056e-05 	5.12779e-11 	4
1053.0 	1.09519e-05 	5.11942e-11 	4
1054.0 	1.08988e-05 	5.11043e-11 	4
1055.0 	1.08465e-05 	5.10148e-11 	4
1056.0 	1.07946e-05 	5.09264e-11 	4
1057.0 	1.07433e-05 	5.08265e-11 	4
1058.0 	1.06925e-05 	5.07266e-11 	4
1059.0 	1.06424e-05 	5.06183e-11 	4
1060.0 	1.05931e-05 	5.04982e-11 	4
1061.0 	1.05442e-05 	5.03663e-11 	4
1062.0 	1.04961e-05 	5.02193e-11 	4
1063.0 	1.04485e-05 	5.00592e-11 	4
1064.0 	1.04016e-05 	4.98884e-11 	4
1065.0 	1.03555e-05 	4.9707e-11 	4
1066.0 	1.031e-05 	4.95143e-11 	4
1067.0 	1.02652e-05 	4.93115e-11 	4
1068.0 	1.02212e-05 	4.90996e-11 	4
1069.0 	1.01778e-05 	4.88775e-11 	4
1070.0 	1.01355e-05 	4.86533e-11 	4
1071.0 	1.0094e-05 	4.84242e-11 	4
1072.0 	1.00533e-05 	4.8193e-11 	4
1073.0 	1.00136e-05 	4.79639e-11 	4
1074.0 	9.97468e-06 	4.77232e-11 	4
1075.0 	9.93699e-06 	4.74819e-11 	4
1076.0 	9.90079e-06 	4.72408e-11 	4
1077.0 	9.86587e-06 	4.6998e-11 	4
1078.0 	9.83202e-06 	4.67529e-11 	4
1079.0 	9.79913e-06 	4.65059e-11 	4
1080.0 	9.76727e-06 	4.62566e-11 	4
1081.0 	9.7364e-06 	4.6009e-11 	4
1082.0 	9.70634e-06 	4.5758e-11 	4
1083.0 	9.67728e-06 	4.55079e-11 	4
1084.0 	9.64894e-06 	4.52596e-11 	4
1085.0 	9.62169e-06 	4.50118e-11 	4
1086.0 	9.595e-06 	4.4767e-11 	4
1087.0 	9.56955e-06 	4.45219e-11 	4
1088.0 	9.54487e-06 	4.42835e-11 	4
1089.0 	9.52139e-06 	4.40505e-11 	4
1090.0 	9.49873e-06 	4.38213e-11 	4
1091.0 	9.47683e-06 	4.35927e-11 	4
1092.0 	9.45559e-06 	4.33658e-11 	4
1093.0 	9.43502e-06 	4.31393e-11 	4
1094.0 	9.41494e-06 	4.29132e-11 	4
1095.0 	9.39528e-06 	4.26873e-11 	4
1096.0 	9.37619e-06 	4.24616e-11 	4
1097.0 	9.35741e-06 	4.2236e-11 	4
1098.0 	9.33917e-06 	4.20091e-11 	4
1099.0 	9.32103e-06 	4.17824e-11 	4
1100.0 	9.30305e-06 	4.15549e-11 	4
1101.0 	9.28504e-06 	4.13264e-11 	4
1102.0 	9.26714e-06 	4.1097e-11 	4
1103.0 	9.2492e-06 	4.08669e-11 	4
1104.0 	9.23137e-06 	4.06355e-11 	4
1105.0 	9.21353e-06 	4.04034e-11 	4
1106.0 	9.19578e-06 	4.01707e-11 	4
1107.0 	9.17799e-06 	3.99371e-11 	4
1108.0 	9.16029e-06 	3.97034e-11 	4
1109.0 	9.14253e-06 	3.94695e-11 	4
1110.0 	9.12491e-06 	3.92354e-11 	4
1111.0 	9.10716e-06 	3.9001e-11 	4
1112.0 	9.08955e-06 	3.8768e-11 	4
1113.0 	9.07182e-06 	3.85351e-11 	4
1114.0 	9.0542e-06 	3.8302e-11 	4
1115.0 	9.03652e-06 	3.80712e-11 	4
1116.0 	9.01891e-06 	3.78393e-11 	4
1117.0 	9.00128e-06 	3.76108e-11 	4
1118.0 	8.98371e-06 	3.73852e-11 	4
1119.0 	8.96609e-06 	3.7162e-11 	4
1120.0 	8.94853e-06 	3.69414e-11 	4
1121.0 	8.93091e-06 	3.67236e-11 	4
1122.0 	8.91329e-06 	3.65074e-11 	4
1123.0 	8.89565e-06 	3.62936e-11 	4
1124.0 	8.87795e-06 	3.60819e-11 	4
1125.0 	8.86025e-06 	3.58723e-11 	4
1126.0 	8.84254e-06 	3.56654e-11 	4
1127.0 	8.82485e-06 	3.54617e-11 	4
1128.0 	8.8071e-06 	3.52606e-11 	4
1129.0 	8.78939e-06 	3.50623e-11 	4
1130.0 	8.77156e-06 	3.48679e-11 	4
1131.0 	8.75381e-06 	3.46764e-11 	4
1132.0 	8.73592e-06 	3.4488e-11 	4
1133.0 	8.71805e-06 	3.43045e-11 	4
1134.0 	8.70017e-06 	3.41268e-11 	4
1135.0 	8.68228e-06 	3.39538e-11 	4
1136.0 	8.66438e-06 	3.37844e-11 	4
1137.0 	8.64643e-06 	3.36187e-11 	4
1138.0 	8.62845e-06 	3.34593e-11 	4
1139.0 	8.61037e-06 	3.33137e-11 	4
1140.0 	8.59227e-06 	3.31775e-11 	4
1141.0 	8.57416e-06 	3.30499e-11 	4
1142.0 	8.55607e-06 	3.29311e-11 	4
1143.0 	8.53788e-06 	3.28189e-11 	4
1144.0 	8.51968e-06 	3.2714e-11 	4
1145.0 	8.50139e-06 	3.26181e-11 	4
1146.0 	8.48303e-06 	3.25327e-11 	4
1147.0 	8.46463e-06 	3.24595e-11 	4
1148.0 	8.44616e-06 	3.23995e-11 	4
1149.0 	8.42767e-06 	3.23539e-11 	4
1150.0 	8.40906e-06 	3.23248e-11 	4
1151.0 	8.39044e-06 	3.23048e-11 	4
1152.0 	8.37167e-06 	3.22887e-11 	4
1153.0 	8.35292e-06 	3.22765e-11 	4
1154.0 	8.33404e-06 	3.2268e-11 	4
1155.0 	8.31508e-06 	3.2264e-11 	4
1156.0 	8.29606e-06 	3.22645e-11 	4
1157.0 	8.27688e-06 	3.22681e-11 	4
1158.0 	8.25767e-06 	3.22731e-11 	4
1159.0 	8.23832e-06 	3.22817e-11 	4
1160.0 	8.21896e-06 	3.22921e-11 	4
1161.0 	8.19941e-06 	3.2304e-11 	4
1162.0 	8.17981e-06 	3.2318e-11 	4
1163.0 	8.16006e-06 	3.23352e-11 	4
1164.0 	8.14025e-06 	3.23563e-11 	4
1165.0 	8.12029e-06 	3.23803e-11 	4
1166.0 	8.10024e-06 	3.24069e-11 	4
1167.0 	8.08008e-06 	3.24347e-11 	4
1168.0 	8.05981e-06 	3.24629e-11 	4
1169.0 	8.0394e-06 	3.24915e-11 	4
1170.0 	8.01888e-06 	3.25221e-11 	4
1171.0 	7.99827e-06 	3.25538e-11 	4
1172.0 	7.97747e-06 	3.25859e-11 	4
1173.0 	7.95666e-06 	3.26179e-11 	4
1174.0 	7.93558e-06 	3.26496e-11 	4
1175.0 	7.91455e-06 	3.26814e-11 	4
1176.0 	7.89325e-06 	3.27127e-11 	4
1177.0 	7.87188e-06 	3.27425e-11 	4
1178.0 	7.85039e-06 	3.27714e-11 	4
1179.0 	7.82875e-06 	3.28001e-11 	4
1180.0 	7.80705e-06 	3.28289e-11 	4
1181.0 	7.78518e-06 	3.2856e-11 	4
1182.0 	7.76318e-06 	3.28806e-11 	4
1183.0 	7.74109e-06 	3.29033e-11 	4
1184.0 	7.71891e-06 	3.29244e-11 	4
1185.0 	7.69659e-06 	3.29418e-11 	4
1186.0 	7.67421e-06 	3.29571e-11 	4
1187.0 	7.65164e-06 	3.2967e-11 	4
1188.0 	7.62906e-06 	3.29729e-11 	4
1189.0 	7.6063e-06 	3.29737e-11 	4
1190.0 	7.58351e-06 	3.29692e-11 	4
1191.0 	7.56056e-06 	3.29589e-11 	4
1192.0 	7.53762e-06 	3.29431e-11 	4
1193.0 	7.51454e-06 	3.2922e-11 	4
1194.0 	7.49146e-06 	3.28953e-11 	4
1195.0 	7.46825e-06 	3.28632e-11 	4
1196.0 	7.44506e-06 	3.28265e-11 	4
1197.0 	7.42175e-06 	3.2784e-11 	4
1198.0 	7.39842e-06 	3.27349e-11 	4
1199.0 	7.37503e-06 	3.26821e-11 	4
1200.0 	7.35169e-06 	3.26246e-11 	4
1201.0 	7.32823e-06 	3.25617e-11 	4
1202.0 	7.30485e-06 	3.24937e-11 	4
1203.0 	7.28137e-06 	3.24203e-11 	4
1204.0 	7.25799e-06 	3.23413e-11 	4
1205.0 	7.23454e-06 	3.22568e-11 	4
1206.0 	7.21117e-06 	3.21668e-11 	4
1207.0 	7.18778e-06 	3.20716e-11 	4
1208.0 	7.16445e-06 	3.19708e-11 	4
1209.0 	7.14109e-06 	3.18651e-11 	4
1210.0 	7.11785e-06 	3.17545e-11 	4
1211.0 	7.09455e-06 	3.16409e-11 	4
1212.0 	7.07143e-06 	3.1524e-11 	4
1213.0 	7.04825e-06 	3.14044e-11 	4
1214.0 	7.02522e-06 	3.1282e-11 	4
1215.0 	7.00224e-06 	3.11579e-11 	4
1216.0 	6.97935e-06 	3.10319e-11 	4
1217.0 	6.95655e-06 	3.09051e-11 	4
1218.0 	6.93382e-06 	3.07789e-11 	4
1219.0 	6.91117e-06 	3.06532e-11 	4
1220.0 	6.88844e-06 	3.05277e-11 	4
1221.0 	6.86585e-06 	3.04018e-11 	4
1222.0 	6.8432e-06 	3.02777e-11 	4
1223.0 	6.82064e-06 	3.01555e-11 	4
1224.0 	6.79803e-06 	3.00333e-11 	4
1225.0 	6.77551e-06 	2.99129e-11 	4
