# time 	Initial 	Final 	Iterations
1.0 	9.9851e-07 	4.2385e-11 	3
2.0 	9.95776e-07 	4.31197e-11 	3
3.0 	9.6506e-07 	4.8174e-11 	3
4.0 	9.18347e-07 	5.30124e-11 	3
5.0 	8.71933e-07 	5.86396e-11 	3
6.0 	8.29641e-07 	6.65769e-11 	3
7.0 	7.91646e-07 	7.63602e-11 	3
8.0 	7.59888e-07 	8.70963e-11 	3
9.0 	7.32245e-07 	4.15801e-12 	4
10.0 	7.07776e-07 	4.39926e-12 	4
11.0 	6.8617e-07 	4.57086e-12 	4
12.0 	6.65942e-07 	4.71345e-12 	4
13.0 	6.4689e-07 	4.84643e-12 	4
14.0 	6.28849e-07 	4.95189e-12 	4
15.0 	6.12367e-07 	5.03567e-12 	4
16.0 	5.97566e-07 	5.09019e-12 	4
17.0 	5.83724e-07 	5.1119e-12 	4
18.0 	5.70622e-07 	5.10787e-12 	4
19.0 	5.58072e-07 	5.07551e-12 	4
20.0 	5.46155e-07 	5.01547e-12 	4
21.0 	5.34664e-07 	4.93381e-12 	4
22.0 	5.23665e-07 	4.84416e-12 	4
23.0 	5.1322e-07 	4.71943e-12 	4
24.0 	5.03218e-07 	4.58668e-12 	4
25.0 	4.93454e-07 	4.46084e-12 	4
26.0 	4.84018e-07 	4.31011e-12 	4
27.0 	4.74888e-07 	4.15302e-12 	4
28.0 	4.66108e-07 	4.01585e-12 	4
29.0 	4.57739e-07 	3.89293e-12 	4
30.0 	4.49682e-07 	3.76479e-12 	4
31.0 	4.41932e-07 	3.67036e-12 	4
32.0 	4.34428e-07 	3.6113e-12 	4
33.0 	4.27118e-07 	3.57797e-12 	4
34.0 	4.1999e-07 	3.58297e-12 	4
35.0 	4.13088e-07 	3.63442e-12 	4
36.0 	4.0648e-07 	3.70349e-12 	4
37.0 	4.00315e-07 	3.90069e-12 	4
38.0 	3.94642e-07 	4.01802e-12 	4
39.0 	3.89271e-07 	4.16255e-12 	4
40.0 	3.84231e-07 	4.31052e-12 	4
41.0 	3.79476e-07 	4.44016e-12 	4
42.0 	3.74957e-07 	4.53665e-12 	4
43.0 	3.70599e-07 	7.63926e-11 	3
44.0 	3.66406e-07 	5.36209e-11 	3
45.0 	3.62416e-07 	3.96088e-11 	3
46.0 	3.58641e-07 	2.96364e-11 	3
47.0 	3.55051e-07 	9.46263e-11 	3
48.0 	3.51646e-07 	8.83185e-11 	3
49.0 	3.48429e-07 	8.09158e-11 	3
50.0 	3.45383e-07 	7.49938e-11 	3
51.0 	3.42505e-07 	7.02973e-11 	3
52.0 	3.39731e-07 	6.64662e-11 	3
53.0 	3.37089e-07 	6.38648e-11 	3
54.0 	3.34535e-07 	6.18307e-11 	3
55.0 	3.32141e-07 	6.01101e-11 	3
56.0 	3.29888e-07 	5.91532e-11 	3
57.0 	3.27789e-07 	5.87993e-11 	3
58.0 	3.25796e-07 	5.90792e-11 	3
59.0 	3.24055e-07 	6.01414e-11 	3
60.0 	3.22452e-07 	6.21062e-11 	3
61.0 	3.20942e-07 	6.51326e-11 	3
62.0 	3.19494e-07 	6.94192e-11 	3
63.0 	3.18094e-07 	7.53792e-11 	3
64.0 	3.1673e-07 	8.35438e-11 	3
65.0 	3.15468e-07 	9.41723e-11 	3
66.0 	3.14249e-07 	3.54789e-11 	3
67.0 	3.13075e-07 	3.61675e-11 	3
68.0 	3.12042e-07 	4.00159e-11 	3
69.0 	3.10933e-07 	4.50724e-11 	3
70.0 	3.09907e-07 	5.0297e-11 	3
71.0 	3.08899e-07 	5.58495e-11 	3
72.0 	3.07943e-07 	6.13398e-11 	3
73.0 	3.06964e-07 	6.58147e-11 	3
74.0 	3.05998e-07 	7.0058e-11 	3
75.0 	3.05062e-07 	7.38317e-11 	3
76.0 	3.0419e-07 	7.62614e-11 	3
77.0 	3.033e-07 	7.78542e-11 	3
78.0 	3.02485e-07 	7.82339e-11 	3
79.0 	3.0173e-07 	7.79536e-11 	3
80.0 	3.00885e-07 	7.68885e-11 	3
81.0 	3.00048e-07 	7.46962e-11 	3
82.0 	2.99166e-07 	7.24456e-11 	3
83.0 	2.98335e-07 	6.93315e-11 	3
84.0 	2.97534e-07 	6.60451e-11 	3
85.0 	2.96792e-07 	6.24782e-11 	3
86.0 	2.96089e-07 	5.86943e-11 	3
87.0 	2.95422e-07 	5.49338e-11 	3
88.0 	2.94881e-07 	5.11705e-11 	3
89.0 	2.94292e-07 	4.92037e-11 	3
90.0 	2.93727e-07 	4.87958e-11 	3
91.0 	2.93211e-07 	4.56915e-11 	3
92.0 	2.92719e-07 	4.24833e-11 	3
93.0 	2.92232e-07 	3.94395e-11 	3
94.0 	2.91766e-07 	3.66391e-11 	3
95.0 	2.91286e-07 	3.40372e-11 	3
96.0 	2.90796e-07 	3.16361e-11 	3
97.0 	2.90303e-07 	2.96276e-11 	3
98.0 	2.89851e-07 	2.76756e-11 	3
99.0 	2.89406e-07 	9.90967e-11 	3
100.0 	2.88916e-07 	2.63967e-11 	3
101.0 	2.88404e-07 	9.23945e-11 	3
102.0 	2.87902e-07 	9.33098e-11 	3
103.0 	2.87396e-07 	9.07892e-11 	3
104.0 	2.8694e-07 	8.76772e-11 	3
105.0 	2.86492e-07 	8.50591e-11 	3
106.0 	2.86012e-07 	8.24754e-11 	3
107.0 	2.85529e-07 	7.99207e-11 	3
108.0 	2.85043e-07 	7.78967e-11 	3
109.0 	2.84587e-07 	7.59487e-11 	3
110.0 	2.84165e-07 	7.40884e-11 	3
111.0 	2.83669e-07 	7.26338e-11 	3
112.0 	2.83175e-07 	7.13019e-11 	3
113.0 	2.82685e-07 	7.01782e-11 	3
114.0 	2.82194e-07 	6.91486e-11 	3
115.0 	2.81698e-07 	6.83334e-11 	3
116.0 	2.81198e-07 	6.75868e-11 	3
117.0 	2.80689e-07 	6.69203e-11 	3
118.0 	2.80178e-07 	6.62548e-11 	3
119.0 	2.79688e-07 	6.57211e-11 	3
120.0 	2.79153e-07 	6.53594e-11 	3
121.0 	2.78618e-07 	6.49719e-11 	3
122.0 	2.78076e-07 	6.45502e-11 	3
123.0 	2.77552e-07 	6.41758e-11 	3
124.0 	2.77e-07 	6.38097e-11 	3
125.0 	2.76409e-07 	6.349e-11 	3
126.0 	2.75811e-07 	6.33095e-11 	3
127.0 	2.75239e-07 	6.31814e-11 	3
128.0 	2.74645e-07 	6.29586e-11 	3
129.0 	2.74035e-07 	6.27556e-11 	3
130.0 	2.73423e-07 	6.25823e-11 	3
131.0 	2.72811e-07 	6.23626e-11 	3
132.0 	2.72173e-07 	6.21825e-11 	3
133.0 	2.71528e-07 	6.20531e-11 	3
134.0 	2.70884e-07 	6.19584e-11 	3
135.0 	2.70206e-07 	6.19177e-11 	3
136.0 	2.69539e-07 	6.19002e-11 	3
137.0 	2.68857e-07 	6.18813e-11 	3
138.0 	2.68145e-07 	6.18077e-11 	3
139.0 	2.67455e-07 	6.1743e-11 	3
140.0 	2.66778e-07 	6.17173e-11 	3
141.0 	2.66026e-07 	6.17147e-11 	3
142.0 	2.65281e-07 	6.1776e-11 	3
143.0 	2.64544e-07 	6.18663e-11 	3
144.0 	2.63766e-07 	6.19473e-11 	3
145.0 	2.62991e-07 	6.20246e-11 	3
146.0 	2.62209e-07 	6.20993e-11 	3
147.0 	2.61396e-07 	6.22169e-11 	3
148.0 	2.60564e-07 	6.23564e-11 	3
149.0 	2.59754e-07 	6.24837e-11 	3
150.0 	2.58935e-07 	6.25417e-11 	3
151.0 	2.58092e-07 	6.25902e-11 	3
152.0 	2.57242e-07 	6.29838e-11 	3
153.0 	2.56375e-07 	6.30914e-11 	3
154.0 	2.55547e-07 	6.3117e-11 	3
155.0 	2.54659e-07 	6.31201e-11 	3
156.0 	2.53756e-07 	6.31029e-11 	3
157.0 	2.5284e-07 	6.29412e-11 	3
158.0 	2.51903e-07 	6.27483e-11 	3
159.0 	2.50965e-07 	6.25762e-11 	3
160.0 	2.50035e-07 	6.23905e-11 	3
161.0 	2.49101e-07 	6.22331e-11 	3
162.0 	2.48153e-07 	6.21185e-11 	3
163.0 	2.47224e-07 	6.19345e-11 	3
164.0 	2.46271e-07 	6.16906e-11 	3
165.0 	2.4532e-07 	6.13993e-11 	3
166.0 	2.44415e-07 	6.10564e-11 	3
167.0 	2.43461e-07 	6.07028e-11 	3
168.0 	2.42513e-07 	6.03305e-11 	3
169.0 	2.41567e-07 	5.99145e-11 	3
170.0 	2.40612e-07 	5.94948e-11 	3
171.0 	2.39648e-07 	5.89582e-11 	3
172.0 	2.38694e-07 	5.83893e-11 	3
173.0 	2.37757e-07 	5.78476e-11 	3
174.0 	2.36807e-07 	5.73594e-11 	3
175.0 	2.35864e-07 	5.69057e-11 	3
176.0 	2.3492e-07 	5.64987e-11 	3
177.0 	2.33986e-07 	5.61135e-11 	3
178.0 	2.3312e-07 	5.57371e-11 	3
179.0 	2.32212e-07 	5.5376e-11 	3
180.0 	2.31306e-07 	5.50134e-11 	3
181.0 	2.30398e-07 	5.46352e-11 	3
182.0 	2.29501e-07 	5.4307e-11 	3
183.0 	2.286e-07 	5.39395e-11 	3
184.0 	2.27706e-07 	5.35525e-11 	3
185.0 	2.26787e-07 	5.31627e-11 	3
186.0 	2.25889e-07 	5.27909e-11 	3
187.0 	2.24978e-07 	5.24308e-11 	3
188.0 	2.24055e-07 	5.20763e-11 	3
189.0 	2.23147e-07 	5.17284e-11 	3
190.0 	2.22247e-07 	5.14013e-11 	3
191.0 	2.21335e-07 	5.10941e-11 	3
192.0 	2.20441e-07 	5.07921e-11 	3
193.0 	2.19524e-07 	5.05155e-11 	3
194.0 	2.18613e-07 	5.02685e-11 	3
195.0 	2.17714e-07 	5.00262e-11 	3
196.0 	2.16799e-07 	4.97889e-11 	3
197.0 	2.15887e-07 	4.95462e-11 	3
198.0 	2.14996e-07 	4.9322e-11 	3
199.0 	2.14093e-07 	4.91312e-11 	3
200.0 	2.13183e-07 	4.89379e-11 	3
201.0 	2.12286e-07 	4.87416e-11 	3
202.0 	2.11405e-07 	4.85674e-11 	3
203.0 	2.10529e-07 	4.84044e-11 	3
204.0 	2.09637e-07 	4.82462e-11 	3
205.0 	2.08752e-07 	4.80882e-11 	3
206.0 	2.07868e-07 	4.79401e-11 	3
207.0 	2.07002e-07 	4.77971e-11 	3
208.0 	2.06145e-07 	4.76476e-11 	3
209.0 	2.05287e-07 	4.75012e-11 	3
210.0 	2.04442e-07 	4.73673e-11 	3
211.0 	2.03598e-07 	4.72268e-11 	3
212.0 	2.0276e-07 	4.70656e-11 	3
213.0 	2.01934e-07 	4.69092e-11 	3
214.0 	2.01115e-07 	4.67626e-11 	3
215.0 	2.00305e-07 	4.66033e-11 	3
216.0 	1.99514e-07 	4.64528e-11 	3
217.0 	1.98719e-07 	4.63207e-11 	3
218.0 	1.97928e-07 	4.61965e-11 	3
219.0 	1.97148e-07 	4.60697e-11 	3
220.0 	1.96383e-07 	4.5926e-11 	3
221.0 	1.95632e-07 	4.57714e-11 	3
222.0 	1.94888e-07 	4.56027e-11 	3
223.0 	1.94137e-07 	4.54419e-11 	3
224.0 	1.93394e-07 	4.52771e-11 	3
225.0 	1.92663e-07 	4.51019e-11 	3
226.0 	1.91933e-07 	4.49311e-11 	3
227.0 	1.91212e-07 	4.47507e-11 	3
228.0 	1.90499e-07 	4.45606e-11 	3
229.0 	1.89796e-07 	4.43665e-11 	3
230.0 	1.89095e-07 	4.41656e-11 	3
231.0 	1.88396e-07 	4.39526e-11 	3
232.0 	1.87713e-07 	4.37304e-11 	3
233.0 	1.87018e-07 	4.35222e-11 	3
234.0 	1.86354e-07 	4.3334e-11 	3
235.0 	1.85702e-07 	4.31605e-11 	3
236.0 	1.85055e-07 	4.29577e-11 	3
237.0 	1.84409e-07 	4.27634e-11 	3
238.0 	1.83794e-07 	4.25888e-11 	3
239.0 	1.83191e-07 	4.24184e-11 	3
240.0 	1.82617e-07 	4.22261e-11 	3
241.0 	1.82049e-07 	4.20415e-11 	3
242.0 	1.81477e-07 	4.18121e-11 	3
243.0 	1.80908e-07 	4.16103e-11 	3
244.0 	1.80362e-07 	4.14259e-11 	3
245.0 	1.79827e-07 	4.12492e-11 	3
246.0 	1.7931e-07 	4.10758e-11 	3
247.0 	1.78798e-07 	4.08985e-11 	3
248.0 	1.78291e-07 	4.07287e-11 	3
249.0 	1.77794e-07 	4.05494e-11 	3
250.0 	1.77311e-07 	4.03592e-11 	3
251.0 	1.76852e-07 	4.01608e-11 	3
252.0 	1.76428e-07 	3.99496e-11 	3
253.0 	1.75994e-07 	3.97847e-11 	3
254.0 	1.75579e-07 	3.96215e-11 	3
255.0 	1.75174e-07 	3.94326e-11 	3
256.0 	1.74786e-07 	3.92437e-11 	3
257.0 	1.7441e-07 	3.9044e-11 	3
258.0 	1.74031e-07 	3.88694e-11 	3
259.0 	1.73648e-07 	3.8778e-11 	3
260.0 	1.73267e-07 	3.86353e-11 	3
261.0 	1.7288e-07 	3.8484e-11 	3
262.0 	1.72492e-07 	3.83172e-11 	3
263.0 	1.72114e-07 	3.8125e-11 	3
264.0 	1.71721e-07 	3.79228e-11 	3
265.0 	1.71331e-07 	3.77208e-11 	3
266.0 	1.70939e-07 	3.733e-11 	3
267.0 	1.70549e-07 	3.6922e-11 	3
268.0 	1.70156e-07 	3.65805e-11 	3
269.0 	1.69766e-07 	3.62831e-11 	3
270.0 	1.69382e-07 	3.60139e-11 	3
271.0 	1.68997e-07 	3.57578e-11 	3
272.0 	1.6861e-07 	3.55117e-11 	3
273.0 	1.6822e-07 	3.56225e-11 	3
274.0 	1.67841e-07 	3.54723e-11 	3
275.0 	1.67447e-07 	3.52428e-11 	3
276.0 	1.67051e-07 	3.49887e-11 	3
277.0 	1.6665e-07 	3.47216e-11 	3
278.0 	1.66245e-07 	3.44496e-11 	3
279.0 	1.65852e-07 	3.41756e-11 	3
280.0 	1.65455e-07 	3.38996e-11 	3
281.0 	1.65068e-07 	3.362e-11 	3
282.0 	1.64663e-07 	3.33482e-11 	3
283.0 	1.64256e-07 	3.30821e-11 	3
284.0 	1.63862e-07 	3.28108e-11 	3
285.0 	1.63472e-07 	3.25406e-11 	3
286.0 	1.63085e-07 	3.2264e-11 	3
287.0 	1.627e-07 	3.1982e-11 	3
288.0 	1.62309e-07 	3.17229e-11 	3
289.0 	1.61928e-07 	3.14495e-11 	3
290.0 	1.61549e-07 	3.11742e-11 	3
291.0 	1.61174e-07 	3.08977e-11 	3
292.0 	1.60798e-07 	3.06483e-11 	3
293.0 	1.60429e-07 	3.04387e-11 	3
294.0 	1.60072e-07 	3.02479e-11 	3
295.0 	1.59719e-07 	3.00664e-11 	3
296.0 	1.59381e-07 	2.98903e-11 	3
297.0 	1.59063e-07 	2.97159e-11 	3
298.0 	1.58768e-07 	2.95552e-11 	3
299.0 	1.58457e-07 	2.93947e-11 	3
300.0 	1.58151e-07 	2.92298e-11 	3
301.0 	1.57845e-07 	2.90682e-11 	3
302.0 	1.57551e-07 	2.89439e-11 	3
303.0 	1.57264e-07 	2.88176e-11 	3
304.0 	1.56969e-07 	2.86867e-11 	3
305.0 	1.56678e-07 	2.85594e-11 	3
306.0 	1.56396e-07 	2.8444e-11 	3
307.0 	1.56125e-07 	2.83289e-11 	3
308.0 	1.55854e-07 	2.82157e-11 	3
309.0 	1.55584e-07 	2.80957e-11 	3
310.0 	1.55339e-07 	2.7977e-11 	3
311.0 	1.55095e-07 	2.78657e-11 	3
312.0 	1.54863e-07 	2.7744e-11 	3
313.0 	1.54631e-07 	2.76307e-11 	3
314.0 	1.54407e-07 	2.75148e-11 	3
315.0 	1.54195e-07 	2.74096e-11 	3
316.0 	1.53995e-07 	2.72974e-11 	3
317.0 	1.5381e-07 	2.71988e-11 	3
318.0 	1.53629e-07 	2.71126e-11 	3
319.0 	1.5345e-07 	2.70342e-11 	3
320.0 	1.53262e-07 	2.69595e-11 	3
321.0 	1.53075e-07 	2.68919e-11 	3
322.0 	1.52882e-07 	2.68276e-11 	3
323.0 	1.52686e-07 	2.67648e-11 	3
324.0 	1.52495e-07 	2.67069e-11 	3
325.0 	1.52303e-07 	2.66594e-11 	3
326.0 	1.52103e-07 	2.66164e-11 	3
327.0 	1.51901e-07 	2.65939e-11 	3
328.0 	1.51701e-07 	2.65969e-11 	3
329.0 	1.51493e-07 	2.6596e-11 	3
330.0 	1.51285e-07 	2.66023e-11 	3
331.0 	1.51069e-07 	2.66189e-11 	3
332.0 	1.50851e-07 	2.66443e-11 	3
333.0 	1.50627e-07 	2.66705e-11 	3
334.0 	1.50402e-07 	2.67176e-11 	3
335.0 	1.50169e-07 	2.67633e-11 	3
336.0 	1.49925e-07 	2.68153e-11 	3
337.0 	1.49689e-07 	2.68878e-11 	3
338.0 	1.49442e-07 	2.69789e-11 	3
339.0 	1.4919e-07 	2.70663e-11 	3
340.0 	1.48936e-07 	2.71566e-11 	3
341.0 	1.48689e-07 	2.72478e-11 	3
342.0 	1.48433e-07 	2.73416e-11 	3
343.0 	1.48174e-07 	2.74389e-11 	3
344.0 	1.47916e-07 	2.75363e-11 	3
345.0 	1.4766e-07 	2.76316e-11 	3
346.0 	1.47398e-07 	2.77358e-11 	3
347.0 	1.47136e-07 	2.78494e-11 	3
348.0 	1.46866e-07 	2.79654e-11 	3
349.0 	1.46593e-07 	2.80776e-11 	3
350.0 	1.46311e-07 	2.8195e-11 	3
351.0 	1.46028e-07 	2.83139e-11 	3
352.0 	1.45741e-07 	2.84448e-11 	3
353.0 	1.45451e-07 	2.85805e-11 	3
354.0 	1.45161e-07 	2.87178e-11 	3
355.0 	1.44861e-07 	2.88671e-11 	3
356.0 	1.44559e-07 	2.93776e-11 	3
357.0 	1.44248e-07 	2.98058e-11 	3
358.0 	1.43935e-07 	9.99201e-11 	2
359.0 	1.43611e-07 	2.88344e-11 	3
360.0 	1.43297e-07 	9.99427e-11 	2
361.0 	1.42971e-07 	2.91353e-11 	3
362.0 	1.42645e-07 	9.97722e-11 	2
363.0 	1.42313e-07 	2.95376e-11 	3
364.0 	1.41983e-07 	9.95525e-11 	2
365.0 	1.4164e-07 	3.00023e-11 	3
366.0 	1.41301e-07 	9.93036e-11 	2
367.0 	1.40952e-07 	9.97633e-11 	2
368.0 	1.40601e-07 	9.97913e-11 	2
369.0 	1.40249e-07 	9.97405e-11 	2
370.0 	1.39893e-07 	9.96383e-11 	2
371.0 	1.39532e-07 	9.9511e-11 	2
372.0 	1.3917e-07 	9.93666e-11 	2
373.0 	1.38807e-07 	9.9212e-11 	2
374.0 	1.38444e-07 	9.90632e-11 	2
375.0 	1.38074e-07 	9.89252e-11 	2
376.0 	1.37709e-07 	9.87862e-11 	2
377.0 	1.37342e-07 	9.86455e-11 	2
378.0 	1.36979e-07 	9.85054e-11 	2
379.0 	1.36618e-07 	9.83748e-11 	2
380.0 	1.36244e-07 	9.82442e-11 	2
381.0 	1.35877e-07 	9.81178e-11 	2
382.0 	1.35506e-07 	9.79945e-11 	2
383.0 	1.35138e-07 	9.7892e-11 	2
384.0 	1.34767e-07 	9.77692e-11 	2
385.0 	1.34394e-07 	9.76458e-11 	2
386.0 	1.34016e-07 	9.75202e-11 	2
387.0 	1.3363e-07 	9.73918e-11 	2
388.0 	1.33243e-07 	9.72653e-11 	2
389.0 	1.32853e-07 	9.71317e-11 	2
390.0 	1.32456e-07 	9.69946e-11 	2
391.0 	1.32056e-07 	9.68543e-11 	2
392.0 	1.31654e-07 	9.67261e-11 	2
393.0 	1.31252e-07 	9.66082e-11 	2
394.0 	1.30842e-07 	9.65307e-11 	2
395.0 	1.30434e-07 	9.64672e-11 	2
396.0 	1.3002e-07 	9.64042e-11 	2
397.0 	1.2961e-07 	9.6327e-11 	2
398.0 	1.29192e-07 	9.62461e-11 	2
399.0 	1.28772e-07 	9.61576e-11 	2
400.0 	1.28338e-07 	9.60688e-11 	2
401.0 	1.27912e-07 	9.59893e-11 	2
402.0 	1.2748e-07 	9.59144e-11 	2
403.0 	1.27045e-07 	9.58333e-11 	2
404.0 	1.26603e-07 	9.57513e-11 	2
405.0 	1.2616e-07 	9.56601e-11 	2
406.0 	1.2572e-07 	9.55577e-11 	2
407.0 	1.2528e-07 	9.54644e-11 	2
408.0 	1.24835e-07 	9.53701e-11 	2
409.0 	1.24384e-07 	9.52832e-11 	2
410.0 	1.23926e-07 	9.5196e-11 	2
411.0 	1.23463e-07 	9.51033e-11 	2
412.0 	1.23001e-07 	9.50114e-11 	2
413.0 	1.22533e-07 	9.4942e-11 	2
414.0 	1.22063e-07 	9.48781e-11 	2
415.0 	1.2159e-07 	9.48163e-11 	2
416.0 	1.21119e-07 	9.4752e-11 	2
417.0 	1.20647e-07 	9.46756e-11 	2
418.0 	1.20169e-07 	9.45838e-11 	2
419.0 	1.19693e-07 	9.448e-11 	2
420.0 	1.19214e-07 	9.43642e-11 	2
421.0 	1.18733e-07 	9.42733e-11 	2
422.0 	1.18244e-07 	9.4182e-11 	2
423.0 	1.17759e-07 	9.40792e-11 	2
424.0 	1.17275e-07 	9.39571e-11 	2
425.0 	1.16788e-07 	9.38154e-11 	2
426.0 	1.16304e-07 	9.36642e-11 	2
427.0 	1.15817e-07 	9.35045e-11 	2
428.0 	1.15327e-07 	9.33346e-11 	2
429.0 	1.14839e-07 	9.31578e-11 	2
430.0 	1.14352e-07 	9.29752e-11 	2
431.0 	1.13858e-07 	9.27718e-11 	2
432.0 	1.1337e-07 	9.25666e-11 	2
433.0 	1.12877e-07 	9.23548e-11 	2
434.0 	1.12379e-07 	9.214e-11 	2
435.0 	1.11882e-07 	9.19181e-11 	2
436.0 	1.11387e-07 	9.16832e-11 	2
437.0 	1.10888e-07 	9.14358e-11 	2
438.0 	1.10391e-07 	9.11791e-11 	2
439.0 	1.09892e-07 	9.09122e-11 	2
440.0 	1.09391e-07 	9.06334e-11 	2
441.0 	1.08885e-07 	9.03518e-11 	2
442.0 	1.08378e-07 	9.00686e-11 	2
443.0 	1.07872e-07 	8.97703e-11 	2
444.0 	1.07363e-07 	8.94628e-11 	2
445.0 	1.06854e-07 	8.91409e-11 	2
446.0 	1.06344e-07 	8.87983e-11 	2
447.0 	1.05834e-07 	8.84316e-11 	2
448.0 	1.05322e-07 	8.80692e-11 	2
449.0 	1.04809e-07 	8.77075e-11 	2
450.0 	1.04295e-07 	8.73439e-11 	2
451.0 	1.03779e-07 	8.6974e-11 	2
452.0 	1.03261e-07 	8.65986e-11 	2
453.0 	1.02743e-07 	8.62103e-11 	2
454.0 	1.02223e-07 	8.58152e-11 	2
455.0 	1.01701e-07 	8.54158e-11 	2
456.0 	1.01179e-07 	8.50117e-11 	2
457.0 	1.00655e-07 	8.46074e-11 	2
458.0 	1.0013e-07 	8.41921e-11 	2
459.0 	9.96032e-08 	8.3771e-11 	2
460.0 	9.90759e-08 	8.33406e-11 	2
461.0 	9.85451e-08 	8.29019e-11 	2
462.0 	9.80139e-08 	8.24612e-11 	2
463.0 	9.74811e-08 	8.20213e-11 	2
464.0 	9.69468e-08 	8.15738e-11 	2
465.0 	9.64086e-08 	8.11212e-11 	2
466.0 	9.5869e-08 	8.06548e-11 	2
467.0 	9.5328e-08 	8.01901e-11 	2
468.0 	9.47867e-08 	7.97112e-11 	2
469.0 	9.42461e-08 	7.92345e-11 	2
470.0 	9.37048e-08 	7.8755e-11 	2
471.0 	9.31615e-08 	7.82713e-11 	2
472.0 	9.26175e-08 	7.77868e-11 	2
473.0 	9.20727e-08 	7.7296e-11 	2
474.0 	9.15275e-08 	7.68028e-11 	2
475.0 	9.09814e-08 	7.63065e-11 	2
476.0 	9.04361e-08 	7.57978e-11 	2
477.0 	8.98893e-08 	7.5294e-11 	2
478.0 	8.93412e-08 	7.47891e-11 	2
479.0 	8.87931e-08 	7.42859e-11 	2
480.0 	8.8244e-08 	7.37816e-11 	2
481.0 	8.76959e-08 	7.32741e-11 	2
482.0 	8.71479e-08 	7.27693e-11 	2
483.0 	8.66008e-08 	7.22594e-11 	2
484.0 	8.60524e-08 	7.1745e-11 	2
485.0 	8.55039e-08 	7.12309e-11 	2
486.0 	8.49561e-08 	7.07208e-11 	2
487.0 	8.44068e-08 	7.02094e-11 	2
488.0 	8.38564e-08 	6.96998e-11 	2
489.0 	8.3306e-08 	6.91918e-11 	2
490.0 	8.27578e-08 	6.8682e-11 	2
491.0 	8.22118e-08 	6.8172e-11 	2
492.0 	8.16688e-08 	6.76611e-11 	2
493.0 	8.11273e-08 	6.7145e-11 	2
494.0 	8.05921e-08 	6.66334e-11 	2
495.0 	8.00587e-08 	6.61327e-11 	2
496.0 	7.95243e-08 	6.56344e-11 	2
497.0 	7.89959e-08 	6.51409e-11 	2
498.0 	7.84708e-08 	6.4644e-11 	2
499.0 	7.79469e-08 	6.41364e-11 	2
500.0 	7.74235e-08 	6.36452e-11 	2
501.0 	7.69022e-08 	6.31577e-11 	2
502.0 	7.63843e-08 	6.26722e-11 	2
503.0 	7.58682e-08 	6.21993e-11 	2
504.0 	7.53515e-08 	6.173e-11 	2
505.0 	7.48334e-08 	6.12723e-11 	2
506.0 	7.43156e-08 	6.08093e-11 	2
507.0 	7.37988e-08 	6.03486e-11 	2
508.0 	7.32837e-08 	5.98865e-11 	2
509.0 	7.27704e-08 	5.94284e-11 	2
510.0 	7.22582e-08 	5.89826e-11 	2
511.0 	7.17538e-08 	5.85417e-11 	2
512.0 	7.12475e-08 	5.81035e-11 	2
513.0 	7.07417e-08 	5.7665e-11 	2
514.0 	7.02366e-08 	5.72364e-11 	2
515.0 	6.97328e-08 	5.68147e-11 	2
516.0 	6.92304e-08 	5.63936e-11 	2
517.0 	6.87298e-08 	5.59668e-11 	2
518.0 	6.82317e-08 	5.55374e-11 	2
519.0 	6.77349e-08 	5.51023e-11 	2
520.0 	6.72385e-08 	5.4661e-11 	2
521.0 	6.6746e-08 	5.42179e-11 	2
522.0 	6.62528e-08 	5.37708e-11 	2
523.0 	6.57629e-08 	5.33275e-11 	2
524.0 	6.52745e-08 	5.28835e-11 	2
525.0 	6.47876e-08 	5.24413e-11 	2
526.0 	6.43051e-08 	5.19959e-11 	2
527.0 	6.38259e-08 	5.15574e-11 	2
528.0 	6.33506e-08 	5.11256e-11 	2
529.0 	6.28754e-08 	5.06908e-11 	2
530.0 	6.24071e-08 	5.02564e-11 	2
531.0 	6.19368e-08 	4.98166e-11 	2
532.0 	6.14674e-08 	4.93705e-11 	2
533.0 	6.10035e-08 	4.89286e-11 	2
534.0 	6.05414e-08 	4.84859e-11 	2
535.0 	6.00798e-08 	4.80394e-11 	2
536.0 	5.96202e-08 	4.75918e-11 	2
537.0 	5.9168e-08 	4.71489e-11 	2
538.0 	5.87161e-08 	4.67023e-11 	2
539.0 	5.82674e-08 	4.62654e-11 	2
540.0 	5.78237e-08 	4.58383e-11 	2
541.0 	5.7381e-08 	4.54099e-11 	2
542.0 	5.69424e-08 	4.49832e-11 	2
543.0 	5.65068e-08 	4.45747e-11 	2
544.0 	5.60752e-08 	4.41715e-11 	2
545.0 	5.56469e-08 	4.37724e-11 	2
546.0 	5.52266e-08 	4.33844e-11 	2
547.0 	5.48069e-08 	4.29977e-11 	2
548.0 	5.43929e-08 	4.26113e-11 	2
549.0 	5.39812e-08 	4.22243e-11 	2
550.0 	5.35741e-08 	4.18397e-11 	2
551.0 	5.31758e-08 	4.14588e-11 	2
552.0 	5.27758e-08 	4.10822e-11 	2
553.0 	5.23796e-08 	4.07092e-11 	2
554.0 	5.19894e-08 	4.03372e-11 	2
555.0 	5.16034e-08 	3.99567e-11 	2
556.0 	5.12225e-08 	3.95827e-11 	2
557.0 	5.08462e-08 	3.92135e-11 	2
558.0 	5.04742e-08 	3.88563e-11 	2
559.0 	5.01057e-08 	3.8509e-11 	2
560.0 	4.97417e-08 	3.81828e-11 	2
561.0 	4.93819e-08 	3.78644e-11 	2
562.0 	4.90268e-08 	3.75485e-11 	2
563.0 	4.86767e-08 	3.72417e-11 	2
564.0 	4.83295e-08 	3.69419e-11 	2
565.0 	4.79857e-08 	3.66411e-11 	2
566.0 	4.76451e-08 	3.63464e-11 	2
567.0 	4.73101e-08 	3.60574e-11 	2
568.0 	4.69796e-08 	3.5771e-11 	2
569.0 	4.66516e-08 	3.54904e-11 	2
570.0 	4.63284e-08 	3.52162e-11 	2
571.0 	4.60102e-08 	3.49439e-11 	2
572.0 	4.56959e-08 	3.46771e-11 	2
573.0 	4.53883e-08 	3.44168e-11 	2
574.0 	4.50839e-08 	3.41596e-11 	2
575.0 	4.47838e-08 	3.3907e-11 	2
576.0 	4.44848e-08 	3.36553e-11 	2
577.0 	4.41927e-08 	3.34088e-11 	2
578.0 	4.39025e-08 	3.31626e-11 	2
579.0 	4.36155e-08 	3.29224e-11 	2
580.0 	4.33315e-08 	3.26857e-11 	2
581.0 	4.30518e-08 	3.24537e-11 	2
582.0 	4.2776e-08 	3.22248e-11 	2
583.0 	4.25058e-08 	3.20017e-11 	2
584.0 	4.22371e-08 	3.17875e-11 	2
585.0 	4.19718e-08 	3.15792e-11 	2
586.0 	4.1712e-08 	3.13731e-11 	2
587.0 	4.14558e-08 	3.1176e-11 	2
588.0 	4.12034e-08 	3.0986e-11 	2
589.0 	4.09528e-08 	3.07984e-11 	2
590.0 	4.07055e-08 	3.06146e-11 	2
591.0 	4.04614e-08 	3.04378e-11 	2
592.0 	4.02203e-08 	3.02693e-11 	2
593.0 	3.99825e-08 	3.01068e-11 	2
594.0 	3.97482e-08 	2.99576e-11 	2
595.0 	3.95167e-08 	2.98191e-11 	2
596.0 	3.929e-08 	2.96958e-11 	2
597.0 	3.9066e-08 	2.95845e-11 	2
598.0 	3.88445e-08 	2.94758e-11 	2
599.0 	3.86275e-08 	2.93717e-11 	2
600.0 	3.84122e-08 	2.92668e-11 	2
601.0 	3.8201e-08 	2.91651e-11 	2
602.0 	3.7995e-08 	2.90661e-11 	2
603.0 	3.77919e-08 	2.8968e-11 	2
604.0 	3.75927e-08 	2.88729e-11 	2
605.0 	3.73995e-08 	2.87792e-11 	2
606.0 	3.72086e-08 	2.86827e-11 	2
607.0 	3.70214e-08 	2.85826e-11 	2
608.0 	3.68374e-08 	2.84806e-11 	2
609.0 	3.66564e-08 	2.83765e-11 	2
610.0 	3.64792e-08 	2.82686e-11 	2
611.0 	3.63038e-08 	2.81555e-11 	2
612.0 	3.61298e-08 	2.80421e-11 	2
613.0 	3.59585e-08 	2.79276e-11 	2
614.0 	3.57878e-08 	2.78114e-11 	2
615.0 	3.56183e-08 	2.76958e-11 	2
616.0 	3.54505e-08 	2.75776e-11 	2
617.0 	3.52827e-08 	2.74566e-11 	2
618.0 	3.51162e-08 	2.73356e-11 	2
619.0 	3.49496e-08 	2.72112e-11 	2
620.0 	3.47868e-08 	2.70869e-11 	2
621.0 	3.46246e-08 	2.69622e-11 	2
622.0 	3.44616e-08 	2.68364e-11 	2
623.0 	3.42988e-08 	2.67098e-11 	2
624.0 	3.41376e-08 	2.65824e-11 	2
625.0 	3.39754e-08 	2.64533e-11 	2
626.0 	3.38134e-08 	2.63235e-11 	2
627.0 	3.36546e-08 	2.61932e-11 	2
628.0 	3.34961e-08 	2.60627e-11 	2
629.0 	3.3337e-08 	2.5931e-11 	2
630.0 	3.31758e-08 	2.57984e-11 	2
631.0 	3.30147e-08 	2.56646e-11 	2
632.0 	3.28553e-08 	2.553e-11 	2
633.0 	3.26967e-08 	2.53948e-11 	2
634.0 	3.25377e-08 	9.97631e-11 	2
635.0 	3.23762e-08 	9.83619e-11 	2
636.0 	3.22174e-08 	9.76333e-11 	2
637.0 	3.20583e-08 	9.70925e-11 	2
638.0 	3.19004e-08 	9.65958e-11 	2
639.0 	3.17423e-08 	9.61174e-11 	2
640.0 	3.15832e-08 	9.56605e-11 	2
641.0 	3.14249e-08 	9.52306e-11 	2
642.0 	3.12668e-08 	9.48065e-11 	2
643.0 	3.11072e-08 	9.4378e-11 	2
644.0 	3.09472e-08 	9.39466e-11 	2
645.0 	3.07876e-08 	9.35157e-11 	2
646.0 	3.06274e-08 	9.30826e-11 	2
647.0 	3.04668e-08 	9.26472e-11 	2
648.0 	3.03069e-08 	9.22117e-11 	2
649.0 	3.01465e-08 	9.17717e-11 	2
650.0 	2.9985e-08 	9.13346e-11 	2
651.0 	2.98234e-08 	9.09076e-11 	2
652.0 	2.96619e-08 	9.0476e-11 	2
653.0 	2.94998e-08 	9.00427e-11 	2
654.0 	2.9338e-08 	8.96105e-11 	2
655.0 	2.91763e-08 	8.91797e-11 	2
656.0 	2.9014e-08 	8.87503e-11 	2
657.0 	2.88522e-08 	8.83244e-11 	2
658.0 	2.86909e-08 	8.7908e-11 	2
659.0 	2.85286e-08 	8.74697e-11 	2
660.0 	2.83676e-08 	8.70546e-11 	2
661.0 	2.82075e-08 	8.66419e-11 	2
662.0 	2.80478e-08 	8.62269e-11 	2
663.0 	2.78888e-08 	8.58088e-11 	2
664.0 	2.77312e-08 	8.53907e-11 	2
665.0 	2.75744e-08 	8.49724e-11 	2
666.0 	2.74192e-08 	8.45514e-11 	2
667.0 	2.72662e-08 	8.41281e-11 	2
668.0 	2.71134e-08 	8.37008e-11 	2
669.0 	2.69627e-08 	8.32812e-11 	2
670.0 	2.68122e-08 	8.28606e-11 	2
671.0 	2.66632e-08 	8.2437e-11 	2
672.0 	2.65153e-08 	8.20573e-11 	2
673.0 	2.63683e-08 	8.16714e-11 	2
674.0 	2.62242e-08 	8.12872e-11 	2
675.0 	2.60826e-08 	8.09005e-11 	2
676.0 	2.59412e-08 	8.05181e-11 	2
677.0 	2.58013e-08 	8.01498e-11 	2
678.0 	2.56613e-08 	7.97852e-11 	2
679.0 	2.55223e-08 	7.94256e-11 	2
680.0 	2.53844e-08 	7.90602e-11 	2
681.0 	2.52479e-08 	7.869e-11 	2
682.0 	2.51138e-08 	7.83148e-11 	2
683.0 	2.49797e-08 	7.79498e-11 	2
684.0 	2.48465e-08 	7.75817e-11 	2
685.0 	2.47151e-08 	7.72169e-11 	2
686.0 	2.45838e-08 	7.68494e-11 	2
687.0 	2.44541e-08 	7.64864e-11 	2
688.0 	2.43259e-08 	7.61228e-11 	2
689.0 	2.41978e-08 	7.57591e-11 	2
690.0 	2.40704e-08 	7.53891e-11 	2
691.0 	2.39441e-08 	7.50173e-11 	2
692.0 	2.38183e-08 	7.4652e-11 	2
693.0 	2.3693e-08 	7.43026e-11 	2
694.0 	2.35693e-08 	7.39531e-11 	2
695.0 	2.3447e-08 	7.36077e-11 	2
696.0 	2.33251e-08 	7.32692e-11 	2
697.0 	2.32031e-08 	7.29412e-11 	2
698.0 	2.3082e-08 	7.26561e-11 	2
699.0 	2.29615e-08 	7.23819e-11 	2
700.0 	2.28423e-08 	7.21086e-11 	2
701.0 	2.27239e-08 	7.18343e-11 	2
702.0 	2.2607e-08 	7.15537e-11 	2
703.0 	2.24913e-08 	7.12689e-11 	2
704.0 	2.23762e-08 	7.0965e-11 	2
705.0 	2.22622e-08 	7.06851e-11 	2
706.0 	2.21491e-08 	7.04097e-11 	2
707.0 	2.20371e-08 	7.01343e-11 	2
708.0 	2.19253e-08 	6.98514e-11 	2
709.0 	2.18159e-08 	6.9567e-11 	2
710.0 	2.1707e-08 	6.92765e-11 	2
711.0 	2.15986e-08 	6.89806e-11 	2
712.0 	2.14916e-08 	6.86871e-11 	2
713.0 	2.1385e-08 	6.83901e-11 	2
714.0 	2.12787e-08 	6.80904e-11 	2
715.0 	2.11732e-08 	6.77917e-11 	2
716.0 	2.10681e-08 	6.74924e-11 	2
717.0 	2.09637e-08 	6.71895e-11 	2
718.0 	2.08605e-08 	6.68817e-11 	2
719.0 	2.07588e-08 	6.65694e-11 	2
720.0 	2.06572e-08 	6.62656e-11 	2
721.0 	2.05565e-08 	6.59734e-11 	2
722.0 	2.04566e-08 	6.56837e-11 	2
723.0 	2.03571e-08 	6.53985e-11 	2
724.0 	2.02592e-08 	6.51139e-11 	2
725.0 	2.01614e-08 	6.48239e-11 	2
726.0 	2.0065e-08 	6.45351e-11 	2
727.0 	1.99687e-08 	6.42552e-11 	2
728.0 	1.98723e-08 	6.39831e-11 	2
729.0 	1.97771e-08 	6.3708e-11 	2
730.0 	1.96824e-08 	6.34317e-11 	2
731.0 	1.95887e-08 	6.31512e-11 	2
732.0 	1.94957e-08 	6.28669e-11 	2
733.0 	1.9403e-08 	6.2588e-11 	2
734.0 	1.93108e-08 	6.2305e-11 	2
735.0 	1.92184e-08 	6.20224e-11 	2
736.0 	1.91274e-08 	6.17502e-11 	2
737.0 	1.90363e-08 	6.14763e-11 	2
738.0 	1.8945e-08 	6.1202e-11 	2
739.0 	1.88546e-08 	6.09269e-11 	2
740.0 	1.87649e-08 	6.06518e-11 	2
741.0 	1.86762e-08 	6.03836e-11 	2
742.0 	1.85867e-08 	6.01193e-11 	2
743.0 	1.84981e-08 	5.98605e-11 	2
744.0 	1.84102e-08 	5.96068e-11 	2
745.0 	1.83227e-08 	5.93613e-11 	2
746.0 	1.82353e-08 	5.91179e-11 	2
747.0 	1.81485e-08 	5.88767e-11 	2
748.0 	1.80618e-08 	5.86485e-11 	2
749.0 	1.79761e-08 	5.84319e-11 	2
750.0 	1.78908e-08 	5.82216e-11 	2
751.0 	1.78068e-08 	5.8025e-11 	2
752.0 	1.77243e-08 	5.78369e-11 	2
753.0 	1.76432e-08 	5.76537e-11 	2
754.0 	1.75622e-08 	5.74727e-11 	2
755.0 	1.74815e-08 	5.72965e-11 	2
756.0 	1.74012e-08 	5.71251e-11 	2
757.0 	1.73212e-08 	5.69643e-11 	2
758.0 	1.72416e-08 	5.68085e-11 	2
759.0 	1.71623e-08 	5.66588e-11 	2
760.0 	1.70836e-08 	5.65218e-11 	2
761.0 	1.70049e-08 	5.63836e-11 	2
762.0 	1.69267e-08 	5.62542e-11 	2
763.0 	1.68483e-08 	5.61068e-11 	2
764.0 	1.67702e-08 	5.59647e-11 	2
765.0 	1.66927e-08 	5.58371e-11 	2
766.0 	1.66153e-08 	5.57128e-11 	2
767.0 	1.65381e-08 	5.55883e-11 	2
768.0 	1.64614e-08 	5.54577e-11 	2
769.0 	1.6385e-08 	5.53216e-11 	2
770.0 	1.63091e-08 	5.51846e-11 	2
771.0 	1.6233e-08 	5.50431e-11 	2
772.0 	1.61574e-08 	5.48945e-11 	2
773.0 	1.60817e-08 	5.47405e-11 	2
774.0 	1.6006e-08 	5.45808e-11 	2
775.0 	1.5931e-08 	5.44167e-11 	2
776.0 	1.58558e-08 	5.42465e-11 	2
777.0 	1.57806e-08 	5.40734e-11 	2
778.0 	1.57053e-08 	5.38947e-11 	2
779.0 	1.56296e-08 	5.37123e-11 	2
780.0 	1.55538e-08 	5.35262e-11 	2
781.0 	1.54781e-08 	5.33392e-11 	2
782.0 	1.54026e-08 	5.31464e-11 	2
783.0 	1.53271e-08 	5.29479e-11 	2
784.0 	1.52523e-08 	5.27418e-11 	2
785.0 	1.51776e-08 	5.25368e-11 	2
786.0 	1.51032e-08 	5.234e-11 	2
787.0 	1.50286e-08 	5.21392e-11 	2
788.0 	1.4955e-08 	5.19368e-11 	2
789.0 	1.48816e-08 	5.17373e-11 	2
790.0 	1.48084e-08 	5.15344e-11 	2
791.0 	1.47362e-08 	5.13283e-11 	2
792.0 	1.4664e-08 	5.11228e-11 	2
793.0 	1.45923e-08 	5.09173e-11 	2
794.0 	1.45212e-08 	5.07119e-11 	2
795.0 	1.44502e-08 	5.05058e-11 	2
796.0 	1.43787e-08 	5.02953e-11 	2
797.0 	1.43083e-08 	5.00805e-11 	2
798.0 	1.42379e-08 	4.98626e-11 	2
799.0 	1.41676e-08 	4.96407e-11 	2
800.0 	1.40982e-08 	4.94214e-11 	2
801.0 	1.40292e-08 	4.92009e-11 	2
802.0 	1.39608e-08 	4.89871e-11 	2
803.0 	1.38929e-08 	4.87754e-11 	2
804.0 	1.38249e-08 	4.85687e-11 	2
805.0 	1.37574e-08 	4.83711e-11 	2
806.0 	1.36906e-08 	4.81801e-11 	2
807.0 	1.36243e-08 	4.79946e-11 	2
808.0 	1.35585e-08 	4.78096e-11 	2
809.0 	1.34928e-08 	4.76268e-11 	2
810.0 	1.34283e-08 	4.74465e-11 	2
811.0 	1.33644e-08 	4.72691e-11 	2
812.0 	1.33006e-08 	4.70925e-11 	2
813.0 	1.3237e-08 	4.69136e-11 	2
814.0 	1.31736e-08 	4.67397e-11 	2
815.0 	1.31108e-08 	4.65669e-11 	2
816.0 	1.30486e-08 	4.63923e-11 	2
817.0 	1.29866e-08 	4.62282e-11 	2
818.0 	1.29258e-08 	4.60673e-11 	2
819.0 	1.28653e-08 	4.59102e-11 	2
820.0 	1.28045e-08 	4.57519e-11 	2
821.0 	1.27442e-08 	4.55894e-11 	2
822.0 	1.26847e-08 	4.54195e-11 	2
823.0 	1.26256e-08 	4.52473e-11 	2
824.0 	1.25674e-08 	4.50747e-11 	2
825.0 	1.25096e-08 	4.49012e-11 	2
826.0 	1.24524e-08 	4.47248e-11 	2
827.0 	1.23957e-08 	4.45485e-11 	2
828.0 	1.23391e-08 	4.43707e-11 	2
829.0 	1.2283e-08 	4.41903e-11 	2
830.0 	1.22278e-08 	4.40088e-11 	2
831.0 	1.21738e-08 	4.38362e-11 	2
832.0 	1.21208e-08 	4.36643e-11 	2
833.0 	1.20684e-08 	4.34998e-11 	2
834.0 	1.20159e-08 	4.33243e-11 	2
835.0 	1.19642e-08 	4.31531e-11 	2
836.0 	1.19126e-08 	4.298e-11 	2
837.0 	1.18621e-08 	4.28055e-11 	2
838.0 	1.18119e-08 	4.26333e-11 	2
839.0 	1.17623e-08 	4.24639e-11 	2
840.0 	1.17133e-08 	4.22927e-11 	2
841.0 	1.16652e-08 	4.21197e-11 	2
842.0 	1.16184e-08 	4.19463e-11 	2
843.0 	1.15723e-08 	4.17738e-11 	2
844.0 	1.15267e-08 	4.16025e-11 	2
845.0 	1.14816e-08 	4.14325e-11 	2
846.0 	1.14373e-08 	4.12651e-11 	2
847.0 	1.13937e-08 	4.10984e-11 	2
848.0 	1.13507e-08 	4.09338e-11 	2
849.0 	1.13081e-08 	4.0775e-11 	2
850.0 	1.12656e-08 	4.06196e-11 	2
851.0 	1.12238e-08 	4.04695e-11 	2
852.0 	1.11821e-08 	4.03192e-11 	2
853.0 	1.1141e-08 	4.01787e-11 	2
854.0 	1.11006e-08 	4.00502e-11 	2
855.0 	1.10613e-08 	3.99268e-11 	2
856.0 	1.10224e-08 	3.98069e-11 	2
857.0 	1.09839e-08 	3.96911e-11 	2
858.0 	1.09462e-08 	3.95819e-11 	2
859.0 	1.09088e-08 	3.94851e-11 	2
860.0 	1.08719e-08 	3.93935e-11 	2
861.0 	1.08356e-08 	3.93074e-11 	2
862.0 	1.08003e-08 	3.92374e-11 	2
863.0 	1.07654e-08 	3.91724e-11 	2
864.0 	1.07307e-08 	3.91206e-11 	2
865.0 	1.06965e-08 	3.90801e-11 	2
866.0 	1.06631e-08 	3.90432e-11 	2
867.0 	1.06303e-08 	3.90095e-11 	2
868.0 	1.05979e-08 	3.89817e-11 	2
869.0 	1.05657e-08 	3.89585e-11 	2
870.0 	1.05345e-08 	3.89391e-11 	2
871.0 	1.05035e-08 	3.89249e-11 	2
872.0 	1.0473e-08 	3.89169e-11 	2
873.0 	1.04427e-08 	3.89141e-11 	2
874.0 	1.04129e-08 	3.8917e-11 	2
875.0 	1.03834e-08 	3.89256e-11 	2
876.0 	1.03539e-08 	3.89382e-11 	2
877.0 	1.03248e-08 	3.89555e-11 	2
878.0 	1.02963e-08 	3.8979e-11 	2
879.0 	1.02682e-08 	3.90069e-11 	2
880.0 	1.02403e-08 	3.90405e-11 	2
881.0 	1.02126e-08 	3.90746e-11 	2
882.0 	1.01854e-08 	3.91133e-11 	2
883.0 	1.01583e-08 	3.91534e-11 	2
884.0 	1.01316e-08 	3.91961e-11 	2
885.0 	1.01052e-08 	3.92482e-11 	2
886.0 	1.0079e-08 	3.93163e-11 	2
887.0 	1.00529e-08 	3.93895e-11 	2
888.0 	1.00268e-08 	3.94734e-11 	2
889.0 	1.0001e-08 	3.95604e-11 	2
890.0 	9.97571e-09 	3.9651e-11 	2
891.0 	9.9497e-09 	3.97351e-11 	2
892.0 	9.92509e-09 	3.98285e-11 	2
893.0 	9.89948e-09 	3.99137e-11 	2
894.0 	9.87554e-09 	4.00112e-11 	2
895.0 	9.85088e-09 	4.01012e-11 	2
896.0 	9.82745e-09 	4.02024e-11 	2
897.0 	9.80318e-09 	4.02974e-11 	2
898.0 	9.77974e-09 	4.04001e-11 	2
899.0 	9.7562e-09 	4.05005e-11 	2
900.0 	9.73271e-09 	4.05993e-11 	2
901.0 	9.70932e-09 	4.06976e-11 	2
902.0 	9.68616e-09 	4.07943e-11 	2
903.0 	9.6633e-09 	4.08922e-11 	2
904.0 	9.64039e-09 	4.09921e-11 	2
905.0 	9.61746e-09 	4.10985e-11 	2
906.0 	9.59446e-09 	4.12042e-11 	2
907.0 	9.57183e-09 	4.13128e-11 	2
908.0 	9.54924e-09 	4.14206e-11 	2
909.0 	9.52666e-09 	4.15296e-11 	2
910.0 	9.5042e-09 	4.1645e-11 	2
911.0 	9.48176e-09 	4.17624e-11 	2
912.0 	9.4593e-09 	4.18791e-11 	2
913.0 	9.43697e-09 	4.19949e-11 	2
914.0 	9.41482e-09 	4.21067e-11 	2
915.0 	9.39282e-09 	4.22175e-11 	2
916.0 	9.37097e-09 	4.23231e-11 	2
917.0 	9.34923e-09 	4.24244e-11 	2
918.0 	9.32739e-09 	4.25199e-11 	2
919.0 	9.30552e-09 	4.26108e-11 	2
920.0 	9.28343e-09 	4.26987e-11 	2
921.0 	9.26111e-09 	4.27821e-11 	2
922.0 	9.23857e-09 	4.2861e-11 	2
923.0 	9.21574e-09 	4.29388e-11 	2
924.0 	9.19273e-09 	4.30144e-11 	2
925.0 	9.16965e-09 	4.30838e-11 	2
926.0 	9.14638e-09 	4.31466e-11 	2
927.0 	9.12289e-09 	4.3203e-11 	2
928.0 	9.09946e-09 	4.32518e-11 	2
929.0 	9.0759e-09 	4.32955e-11 	2
930.0 	9.05213e-09 	4.33343e-11 	2
931.0 	9.02826e-09 	4.33662e-11 	2
932.0 	9.00411e-09 	4.33941e-11 	2
933.0 	8.97969e-09 	4.34136e-11 	2
934.0 	8.95507e-09 	4.34258e-11 	2
935.0 	8.93019e-09 	4.3431e-11 	2
936.0 	8.90507e-09 	4.34294e-11 	2
937.0 	8.87973e-09 	4.34227e-11 	2
938.0 	8.85424e-09 	4.34151e-11 	2
939.0 	8.82859e-09 	4.34105e-11 	2
940.0 	8.80278e-09 	4.33988e-11 	2
941.0 	8.77696e-09 	4.33808e-11 	2
942.0 	8.75064e-09 	4.33543e-11 	2
943.0 	8.72455e-09 	4.33172e-11 	2
944.0 	8.69825e-09 	4.32745e-11 	2
945.0 	8.67179e-09 	4.32249e-11 	2
946.0 	8.64506e-09 	4.31692e-11 	2
947.0 	8.61807e-09 	4.31058e-11 	2
948.0 	8.59093e-09 	4.30341e-11 	2
949.0 	8.5636e-09 	4.2957e-11 	2
950.0 	8.5361e-09 	4.28802e-11 	2
951.0 	8.5084e-09 	4.2798e-11 	2
952.0 	8.48055e-09 	4.27097e-11 	2
953.0 	8.45257e-09 	4.26164e-11 	2
954.0 	8.42452e-09 	4.25188e-11 	2
955.0 	8.39623e-09 	4.24153e-11 	2
956.0 	8.36778e-09 	4.23072e-11 	2
957.0 	8.33937e-09 	4.21977e-11 	2
958.0 	8.31094e-09 	4.20839e-11 	2
959.0 	8.28237e-09 	4.19667e-11 	2
960.0 	8.25394e-09 	4.18456e-11 	2
961.0 	8.22523e-09 	4.17222e-11 	2
962.0 	8.1964e-09 	4.15976e-11 	2
963.0 	8.16768e-09 	4.14692e-11 	2
964.0 	8.13895e-09 	4.1342e-11 	2
965.0 	8.11031e-09 	4.12182e-11 	2
966.0 	8.0821e-09 	4.1097e-11 	2
967.0 	8.05414e-09 	4.0983e-11 	2
968.0 	8.02634e-09 	4.08666e-11 	2
969.0 	7.99886e-09 	4.07475e-11 	2
970.0 	7.97154e-09 	4.06281e-11 	2
971.0 	7.94463e-09 	4.05125e-11 	2
972.0 	7.91803e-09 	4.03969e-11 	2
973.0 	7.89159e-09 	4.02817e-11 	2
974.0 	7.86526e-09 	4.01687e-11 	2
975.0 	7.83924e-09 	4.00563e-11 	2
976.0 	7.81322e-09 	3.9946e-11 	2
977.0 	7.7874e-09 	3.98352e-11 	2
978.0 	7.76166e-09 	3.97246e-11 	2
979.0 	7.73599e-09 	3.96123e-11 	2
980.0 	7.71039e-09 	3.95001e-11 	2
981.0 	7.68444e-09 	3.93834e-11 	2
982.0 	7.65892e-09 	3.92703e-11 	2
983.0 	7.63312e-09 	3.91522e-11 	2
984.0 	7.60785e-09 	3.9039e-11 	2
985.0 	7.58226e-09 	3.89202e-11 	2
986.0 	7.55711e-09 	3.88048e-11 	2
987.0 	7.53187e-09 	3.86814e-11 	2
988.0 	7.50708e-09 	3.85631e-11 	2
989.0 	7.48206e-09 	3.84392e-11 	2
990.0 	7.45762e-09 	3.832e-11 	2
991.0 	7.43303e-09 	3.81964e-11 	2
992.0 	7.40855e-09 	3.80771e-11 	2
993.0 	7.38425e-09 	3.79625e-11 	2
994.0 	7.36008e-09 	3.78466e-11 	2
995.0 	7.33602e-09 	3.77297e-11 	2
996.0 	7.31212e-09 	3.76124e-11 	2
997.0 	7.28848e-09 	3.74978e-11 	2
998.0 	7.26504e-09 	3.73827e-11 	2
999.0 	7.24205e-09 	3.72676e-11 	2
1000.0 	7.2195e-09 	3.71588e-11 	2
1001.0 	7.19714e-09 	3.70512e-11 	2
1002.0 	7.1748e-09 	3.69434e-11 	2
1003.0 	7.15275e-09 	3.68335e-11 	2
1004.0 	7.13077e-09 	3.67263e-11 	2
1005.0 	7.10906e-09 	3.66172e-11 	2
1006.0 	7.08744e-09 	3.65072e-11 	2
1007.0 	7.0659e-09 	3.63962e-11 	2
1008.0 	7.0444e-09 	3.62843e-11 	2
1009.0 	7.02281e-09 	3.61723e-11 	2
1010.0 	7.00107e-09 	3.60596e-11 	2
1011.0 	6.97944e-09 	3.5946e-11 	2
1012.0 	6.95796e-09 	3.58303e-11 	2
1013.0 	6.93684e-09 	3.5715e-11 	2
1014.0 	6.91559e-09 	3.56e-11 	2
1015.0 	6.89436e-09 	3.54848e-11 	2
1016.0 	6.87316e-09 	3.5371e-11 	2
1017.0 	6.85195e-09 	3.52561e-11 	2
1018.0 	6.83086e-09 	3.51391e-11 	2
1019.0 	6.80984e-09 	3.50201e-11 	2
1020.0 	6.78909e-09 	3.49011e-11 	2
1021.0 	6.76832e-09 	3.47815e-11 	2
1022.0 	6.74754e-09 	3.46599e-11 	2
1023.0 	6.72701e-09 	3.45377e-11 	2
1024.0 	6.7064e-09 	3.44144e-11 	2
1025.0 	6.68578e-09 	3.42907e-11 	2
1026.0 	6.66534e-09 	3.41671e-11 	2
1027.0 	6.64502e-09 	3.40442e-11 	2
1028.0 	6.62478e-09 	3.39201e-11 	2
1029.0 	6.60467e-09 	3.37946e-11 	2
1030.0 	6.58473e-09 	3.36661e-11 	2
1031.0 	6.5648e-09 	3.35371e-11 	2
1032.0 	6.54481e-09 	3.34077e-11 	2
1033.0 	6.52492e-09 	3.32786e-11 	2
1034.0 	6.50522e-09 	3.31518e-11 	2
1035.0 	6.48565e-09 	3.30228e-11 	2
1036.0 	6.46622e-09 	3.28912e-11 	2
1037.0 	6.44693e-09 	3.27591e-11 	2
1038.0 	6.42776e-09 	3.26287e-11 	2
1039.0 	6.40874e-09 	3.25029e-11 	2
1040.0 	6.3898e-09 	3.23763e-11 	2
1041.0 	6.37088e-09 	3.22489e-11 	2
1042.0 	6.35217e-09 	3.21206e-11 	2
1043.0 	6.33357e-09 	3.19964e-11 	2
1044.0 	6.3151e-09 	3.18742e-11 	2
1045.0 	6.29666e-09 	3.17524e-11 	2
1046.0 	6.27835e-09 	3.16336e-11 	2
1047.0 	6.26014e-09 	3.15152e-11 	2
1048.0 	6.24206e-09 	3.13959e-11 	2
1049.0 	6.224e-09 	3.12766e-11 	2
1050.0 	6.20619e-09 	3.11573e-11 	2
1051.0 	6.18849e-09 	3.10371e-11 	2
1052.0 	6.17084e-09 	3.09151e-11 	2
1053.0 	6.15337e-09 	3.07919e-11 	2
1054.0 	6.13591e-09 	3.06672e-11 	2
1055.0 	6.11854e-09 	3.05409e-11 	2
1056.0 	6.10139e-09 	3.04136e-11 	2
1057.0 	6.08429e-09 	3.02835e-11 	2
1058.0 	6.06735e-09 	3.01536e-11 	2
1059.0 	6.05049e-09 	3.00231e-11 	2
1060.0 	6.03374e-09 	2.98909e-11 	2
1061.0 	6.01694e-09 	2.97585e-11 	2
1062.0 	6.00019e-09 	2.96267e-11 	2
1063.0 	5.98348e-09 	2.94949e-11 	2
1064.0 	5.96683e-09 	2.93627e-11 	2
1065.0 	5.95033e-09 	2.92297e-11 	2
1066.0 	5.93394e-09 	2.90959e-11 	2
1067.0 	5.91757e-09 	2.89614e-11 	2
1068.0 	5.90107e-09 	2.88262e-11 	2
1069.0 	5.88459e-09 	2.86918e-11 	2
1070.0 	5.86835e-09 	2.8557e-11 	2
1071.0 	5.85203e-09 	2.84201e-11 	2
1072.0 	5.83566e-09 	9.98689e-11 	1
1073.0 	5.83159e-09 	9.72861e-11 	1
1074.0 	5.81438e-09 	9.58616e-11 	1
1075.0 	5.79851e-09 	9.50766e-11 	1
1076.0 	5.7826e-09 	9.45897e-11 	1
1077.0 	5.76687e-09 	9.42192e-11 	1
1078.0 	5.75111e-09 	9.38895e-11 	1
1079.0 	5.73543e-09 	9.35719e-11 	1
1080.0 	5.71974e-09 	9.32497e-11 	1
1081.0 	5.70412e-09 	9.29189e-11 	1
1082.0 	5.68853e-09 	9.25846e-11 	1
1083.0 	5.67285e-09 	9.22419e-11 	1
1084.0 	5.65722e-09 	9.18909e-11 	1
1085.0 	5.64175e-09 	9.1538e-11 	1
1086.0 	5.62615e-09 	9.11811e-11 	1
1087.0 	5.61055e-09 	9.082e-11 	1
1088.0 	5.59497e-09 	9.04603e-11 	1
1089.0 	5.57926e-09 	9.00953e-11 	1
1090.0 	5.56346e-09 	8.97352e-11 	1
1091.0 	5.54768e-09 	8.93789e-11 	1
1092.0 	5.53173e-09 	8.90187e-11 	1
1093.0 	5.5157e-09 	8.86571e-11 	1
1094.0 	5.49969e-09 	8.82985e-11 	1
1095.0 	5.48344e-09 	8.79401e-11 	1
1096.0 	5.46704e-09 	8.75825e-11 	1
1097.0 	5.45072e-09 	8.72255e-11 	1
1098.0 	5.43424e-09 	8.68692e-11 	1
1099.0 	5.41771e-09 	8.65131e-11 	1
1100.0 	5.40124e-09 	8.61614e-11 	1
1101.0 	5.38478e-09 	8.5811e-11 	1
1102.0 	5.36816e-09 	8.54594e-11 	1
1103.0 	5.35154e-09 	8.51121e-11 	1
1104.0 	5.33472e-09 	8.47659e-11 	1
1105.0 	5.31768e-09 	8.44176e-11 	1
1106.0 	5.30065e-09 	8.40737e-11 	1
1107.0 	5.28371e-09 	8.3731e-11 	1
1108.0 	5.26643e-09 	8.33875e-11 	1
1109.0 	5.24905e-09 	8.30451e-11 	1
1110.0 	5.23161e-09 	8.27001e-11 	1
1111.0 	5.21408e-09 	8.23527e-11 	1
1112.0 	5.19656e-09 	8.20107e-11 	1
1113.0 	5.17891e-09 	8.16696e-11 	1
1114.0 	5.16117e-09 	8.13316e-11 	1
1115.0 	5.14314e-09 	8.09869e-11 	1
1116.0 	5.1254e-09 	8.0653e-11 	1
1117.0 	5.10744e-09 	8.03152e-11 	1
1118.0 	5.08953e-09 	7.99849e-11 	1
1119.0 	5.07156e-09 	7.96602e-11 	1
1120.0 	5.0535e-09 	7.93368e-11 	1
1121.0 	5.03535e-09 	7.90149e-11 	1
1122.0 	5.01719e-09 	7.86982e-11 	1
1123.0 	4.99888e-09 	7.83813e-11 	1
1124.0 	4.98045e-09 	7.80644e-11 	1
1125.0 	4.96195e-09 	7.77505e-11 	1
1126.0 	4.94334e-09 	7.74403e-11 	1
1127.0 	4.92471e-09 	7.71314e-11 	1
1128.0 	4.90621e-09 	7.682e-11 	1
1129.0 	4.88758e-09 	7.65065e-11 	1
1130.0 	4.86885e-09 	7.61926e-11 	1
1131.0 	4.84999e-09 	7.58753e-11 	1
1132.0 	4.83117e-09 	7.55586e-11 	1
1133.0 	4.81223e-09 	7.52399e-11 	1
1134.0 	4.79317e-09 	7.49191e-11 	1
1135.0 	4.77393e-09 	7.45972e-11 	1
1136.0 	4.75454e-09 	7.42745e-11 	1
1137.0 	4.73523e-09 	7.3951e-11 	1
1138.0 	4.71586e-09 	7.3624e-11 	1
1139.0 	4.69632e-09 	7.32935e-11 	1
1140.0 	4.67674e-09 	7.29612e-11 	1
1141.0 	4.65712e-09 	7.26278e-11 	1
1142.0 	4.63753e-09 	7.22893e-11 	1
1143.0 	4.61782e-09 	7.19475e-11 	1
1144.0 	4.59803e-09 	7.1606e-11 	1
1145.0 	4.57814e-09 	7.12643e-11 	1
1146.0 	4.55822e-09 	7.09209e-11 	1
1147.0 	4.53846e-09 	7.05802e-11 	1
1148.0 	4.51868e-09 	7.02372e-11 	1
1149.0 	4.49886e-09 	6.98933e-11 	1
1150.0 	4.47914e-09 	6.95517e-11 	1
1151.0 	4.45941e-09 	6.92099e-11 	1
1152.0 	4.43959e-09 	6.88697e-11 	1
1153.0 	4.41963e-09 	6.8528e-11 	1
1154.0 	4.39966e-09 	6.81855e-11 	1
1155.0 	4.37955e-09 	6.78396e-11 	1
1156.0 	4.35934e-09 	6.74888e-11 	1
1157.0 	4.33928e-09 	6.71379e-11 	1
1158.0 	4.31918e-09 	6.67814e-11 	1
1159.0 	4.29903e-09 	6.64309e-11 	1
1160.0 	4.2789e-09 	6.60778e-11 	1
1161.0 	4.25871e-09 	6.57234e-11 	1
1162.0 	4.23843e-09 	6.53692e-11 	1
1163.0 	4.21818e-09 	6.50107e-11 	1
1164.0 	4.19776e-09 	6.46476e-11 	1
1165.0 	4.17727e-09 	6.42799e-11 	1
1166.0 	4.15678e-09 	6.39094e-11 	1
1167.0 	4.1363e-09 	6.35397e-11 	1
1168.0 	4.11588e-09 	6.3166e-11 	1
1169.0 	4.09542e-09 	6.27886e-11 	1
1170.0 	4.07486e-09 	6.2408e-11 	1
1171.0 	4.05436e-09 	6.20256e-11 	1
1172.0 	4.03395e-09 	6.16428e-11 	1
1173.0 	4.01344e-09 	6.12574e-11 	1
1174.0 	3.9929e-09 	6.08716e-11 	1
1175.0 	3.97238e-09 	6.04837e-11 	1
1176.0 	3.9519e-09 	6.00974e-11 	1
1177.0 	3.93135e-09 	5.97097e-11 	1
1178.0 	3.91084e-09 	5.93248e-11 	1
1179.0 	3.89037e-09 	5.89402e-11 	1
1180.0 	3.86983e-09 	5.85537e-11 	1
1181.0 	3.84937e-09 	5.81657e-11 	1
1182.0 	3.829e-09 	5.7776e-11 	1
1183.0 	3.80858e-09 	5.73842e-11 	1
1184.0 	3.78819e-09 	5.69931e-11 	1
1185.0 	3.76788e-09 	5.66038e-11 	1
1186.0 	3.74768e-09 	5.62153e-11 	1
1187.0 	3.72739e-09 	5.58271e-11 	1
1188.0 	3.70717e-09 	5.54422e-11 	1
1189.0 	3.68699e-09 	5.50594e-11 	1
1190.0 	3.66678e-09 	5.46743e-11 	1
1191.0 	3.64663e-09 	5.42881e-11 	1
1192.0 	3.6265e-09 	5.39007e-11 	1
1193.0 	3.60638e-09 	5.35133e-11 	1
1194.0 	3.58634e-09 	5.31267e-11 	1
1195.0 	3.5664e-09 	5.27402e-11 	1
1196.0 	3.54654e-09 	5.23535e-11 	1
1197.0 	3.52674e-09 	5.19669e-11 	1
1198.0 	3.5071e-09 	5.15802e-11 	1
1199.0 	3.48766e-09 	5.11959e-11 	1
1200.0 	3.46831e-09 	5.08114e-11 	1
1201.0 	3.44899e-09 	5.04287e-11 	1
1202.0 	3.4298e-09 	5.00475e-11 	1
1203.0 	3.4107e-09 	4.96672e-11 	1
1204.0 	3.39163e-09 	4.92893e-11 	1
1205.0 	3.37274e-09 	4.89141e-11 	1
1206.0 	3.35391e-09 	4.85393e-11 	1
1207.0 	3.33524e-09 	4.81664e-11 	1
1208.0 	3.31676e-09 	4.77936e-11 	1
1209.0 	3.29832e-09 	4.74223e-11 	1
1210.0 	3.28002e-09 	4.70526e-11 	1
1211.0 	3.26188e-09 	4.66849e-11 	1
1212.0 	3.24383e-09 	4.63232e-11 	1
1213.0 	3.22596e-09 	4.59656e-11 	1
1214.0 	3.20823e-09 	4.56095e-11 	1
1215.0 	3.1907e-09 	4.52572e-11 	1
1216.0 	3.17329e-09 	4.49078e-11 	1
1217.0 	3.15599e-09 	4.45595e-11 	1
1218.0 	3.13896e-09 	4.42145e-11 	1
1219.0 	3.12202e-09 	4.38731e-11 	1
1220.0 	3.10526e-09 	4.3535e-11 	1
1221.0 	3.08869e-09 	4.32e-11 	1
1222.0 	3.07226e-09 	4.28673e-11 	1
1223.0 	3.05601e-09 	4.25375e-11 	1
1224.0 	3.03995e-09 	4.22129e-11 	1
1225.0 	3.024e-09 	4.18937e-11 	1
