# time 	Initial 	Final 	Iterations
1.0 	9.46316e-05 	9.17088e-11 	5
2.0 	9.26243e-05 	7.22467e-11 	5
3.0 	9.08034e-05 	1.84559e-11 	5
4.0 	9.10658e-05 	4.73606e-11 	5
5.0 	9.16842e-05 	6.52492e-12 	6
6.0 	9.14696e-05 	5.89163e-12 	6
7.0 	9.09315e-05 	5.28913e-12 	6
8.0 	9.06778e-05 	8.09455e-11 	5
9.0 	9.06854e-05 	7.08538e-11 	5
10.0 	9.06893e-05 	6.64295e-11 	5
11.0 	9.06282e-05 	6.15198e-11 	5
12.0 	9.05649e-05 	6.09484e-11 	5
13.0 	9.055e-05 	6.08547e-11 	5
14.0 	9.05711e-05 	6.01046e-11 	5
15.0 	9.06069e-05 	5.85102e-11 	5
16.0 	9.065e-05 	5.72712e-11 	5
17.0 	9.07144e-05 	5.60988e-11 	5
18.0 	9.07987e-05 	5.49478e-11 	5
19.0 	9.08863e-05 	5.52734e-11 	5
20.0 	9.10001e-05 	5.6746e-11 	5
21.0 	9.11151e-05 	5.68082e-11 	5
22.0 	9.12412e-05 	5.65978e-11 	5
23.0 	9.13819e-05 	5.66457e-11 	5
24.0 	9.15386e-05 	5.67205e-11 	5
25.0 	9.16995e-05 	5.7094e-11 	5
26.0 	9.18679e-05 	5.86892e-11 	5
27.0 	9.20486e-05 	6.41801e-11 	5
28.0 	9.22401e-05 	7.46142e-11 	5
29.0 	9.24325e-05 	9.0518e-11 	5
30.0 	9.26379e-05 	4.60856e-12 	6
31.0 	9.28612e-05 	4.92656e-12 	6
32.0 	9.30835e-05 	5.26815e-12 	6
33.0 	9.33028e-05 	5.59084e-12 	6
34.0 	9.35533e-05 	5.90414e-12 	6
35.0 	9.38121e-05 	6.21518e-12 	6
36.0 	9.40773e-05 	6.55208e-12 	6
37.0 	9.43403e-05 	6.8984e-12 	6
38.0 	9.46207e-05 	7.1786e-12 	6
39.0 	9.491e-05 	7.50929e-12 	6
40.0 	9.51976e-05 	7.89517e-12 	6
41.0 	9.54969e-05 	8.36514e-12 	6
42.0 	9.58171e-05 	8.82938e-12 	6
43.0 	9.61307e-05 	9.19833e-12 	6
44.0 	9.64504e-05 	9.54229e-12 	6
45.0 	9.6772e-05 	9.93153e-12 	6
46.0 	9.71007e-05 	1.05293e-11 	6
47.0 	9.74393e-05 	1.10265e-11 	6
48.0 	9.77809e-05 	9.94028e-11 	5
49.0 	9.81249e-05 	8.72334e-11 	5
50.0 	9.84819e-05 	8.1411e-11 	5
51.0 	9.88208e-05 	7.96932e-11 	5
52.0 	9.91775e-05 	7.77382e-11 	5
53.0 	9.95421e-05 	7.25869e-11 	5
54.0 	9.99155e-05 	6.64823e-11 	5
55.0 	0.000100285 	6.00146e-11 	5
56.0 	0.000100657 	5.34791e-11 	5
57.0 	0.00010103 	4.81469e-11 	5
58.0 	0.000101401 	4.34752e-11 	5
59.0 	0.000101773 	3.94841e-11 	5
60.0 	0.000102155 	3.64771e-11 	5
61.0 	0.00010253 	3.40099e-11 	5
62.0 	0.000102902 	3.17343e-11 	5
63.0 	0.000103272 	2.96393e-11 	5
64.0 	0.000103641 	2.81306e-11 	5
65.0 	0.000104014 	2.7014e-11 	5
66.0 	0.000104381 	2.62177e-11 	5
67.0 	0.000104746 	2.56123e-11 	5
68.0 	0.000105105 	2.51851e-11 	5
69.0 	0.000105458 	2.4904e-11 	5
70.0 	0.00010582 	2.48294e-11 	5
71.0 	0.000106175 	2.48523e-11 	5
72.0 	0.000106526 	2.49547e-11 	5
73.0 	0.000106876 	2.51746e-11 	5
74.0 	0.000107229 	2.54461e-11 	5
75.0 	0.000107576 	2.5752e-11 	5
76.0 	0.000107918 	2.61159e-11 	5
77.0 	0.00010826 	2.64829e-11 	5
78.0 	0.000108604 	2.68646e-11 	5
79.0 	0.00010894 	2.73175e-11 	5
80.0 	0.000109289 	2.7821e-11 	5
81.0 	0.000109618 	2.82873e-11 	5
82.0 	0.000109959 	2.87732e-11 	5
83.0 	0.000110296 	2.92973e-11 	5
84.0 	0.000110632 	2.98474e-11 	5
85.0 	0.000110962 	3.03985e-11 	5
86.0 	0.000111293 	3.09378e-11 	5
87.0 	0.000111626 	3.145e-11 	5
88.0 	0.00011196 	3.19407e-11 	5
89.0 	0.00011229 	3.2485e-11 	5
90.0 	0.000112626 	3.29821e-11 	5
91.0 	0.00011296 	3.34512e-11 	5
92.0 	0.000113293 	3.39056e-11 	5
93.0 	0.000113631 	3.43229e-11 	5
94.0 	0.000113972 	3.47233e-11 	5
95.0 	0.000114317 	3.52299e-11 	5
96.0 	0.000114668 	3.57713e-11 	5
97.0 	0.000115024 	3.62305e-11 	5
98.0 	0.000115382 	3.66581e-11 	5
99.0 	0.000115741 	3.7021e-11 	5
100.0 	0.000116114 	3.74697e-11 	5
101.0 	0.000116494 	3.79072e-11 	5
102.0 	0.000116881 	3.80234e-11 	5
103.0 	0.000117272 	3.80708e-11 	5
104.0 	0.000117667 	3.82239e-11 	5
105.0 	0.000118073 	3.84609e-11 	5
106.0 	0.000118486 	3.86298e-11 	5
107.0 	0.000118895 	3.87636e-11 	5
108.0 	0.000119306 	3.92223e-11 	5
109.0 	0.000119719 	4.03935e-11 	5
110.0 	0.00012013 	4.14231e-11 	5
111.0 	0.000120548 	4.25499e-11 	5
112.0 	0.000120973 	4.38715e-11 	5
113.0 	0.000121388 	4.53306e-11 	5
114.0 	0.000121803 	4.69339e-11 	5
115.0 	0.00012223 	4.86011e-11 	5
116.0 	0.000122656 	5.02599e-11 	5
117.0 	0.000123074 	5.18243e-11 	5
118.0 	0.000123495 	5.30654e-11 	5
119.0 	0.000123916 	5.36414e-11 	5
120.0 	0.00012434 	5.32006e-11 	5
121.0 	0.000124758 	5.11643e-11 	5
122.0 	0.000125171 	4.71371e-11 	5
123.0 	0.000125593 	4.20205e-11 	5
124.0 	0.00012601 	3.95099e-11 	5
125.0 	0.000126422 	4.80625e-11 	5
126.0 	0.00012683 	6.01271e-11 	5
127.0 	0.00012724 	6.23875e-11 	5
128.0 	0.000127641 	6.07057e-11 	5
129.0 	0.000128038 	6.01088e-11 	5
130.0 	0.000128436 	5.96217e-11 	5
131.0 	0.000128834 	6.01431e-11 	5
132.0 	0.000129224 	6.07499e-11 	5
133.0 	0.000129612 	6.10313e-11 	5
134.0 	0.000129985 	6.00935e-11 	5
135.0 	0.000130356 	5.62576e-11 	5
136.0 	0.000130726 	4.77468e-11 	5
137.0 	0.000131084 	3.78056e-11 	5
138.0 	0.000131444 	3.39632e-11 	5
139.0 	0.000131796 	3.36708e-11 	5
140.0 	0.000132131 	3.65217e-11 	5
141.0 	0.000132466 	3.93053e-11 	5
142.0 	0.000132795 	4.08127e-11 	5
143.0 	0.000133111 	4.22105e-11 	5
144.0 	0.000133415 	4.27199e-11 	5
145.0 	0.000133723 	4.23708e-11 	5
146.0 	0.00013402 	4.11759e-11 	5
147.0 	0.000134305 	3.95093e-11 	5
148.0 	0.000134581 	3.75479e-11 	5
149.0 	0.000134842 	3.56339e-11 	5
150.0 	0.000135088 	3.378e-11 	5
151.0 	0.000135333 	3.19213e-11 	5
152.0 	0.000135569 	3.00817e-11 	5
153.0 	0.000135788 	2.84359e-11 	5
154.0 	0.000135992 	2.69624e-11 	5
155.0 	0.000136188 	2.5618e-11 	5
156.0 	0.000136372 	2.4409e-11 	5
157.0 	0.000136541 	2.3653e-11 	5
158.0 	0.000136693 	2.28919e-11 	5
159.0 	0.000136832 	2.20942e-11 	5
160.0 	0.000136967 	2.1333e-11 	5
161.0 	0.000137086 	2.06031e-11 	5
162.0 	0.000137188 	1.99717e-11 	5
163.0 	0.000137278 	1.93953e-11 	5
164.0 	0.000137351 	1.8911e-11 	5
165.0 	0.00013741 	1.8507e-11 	5
166.0 	0.000137457 	1.81294e-11 	5
167.0 	0.000137494 	1.77995e-11 	5
168.0 	0.000137515 	1.75468e-11 	5
169.0 	0.000137517 	1.73142e-11 	5
170.0 	0.000137511 	1.71117e-11 	5
171.0 	0.000137491 	1.69403e-11 	5
172.0 	0.000137452 	1.67822e-11 	5
173.0 	0.000137398 	1.66298e-11 	5
174.0 	0.000137337 	1.64917e-11 	5
175.0 	0.000137268 	1.63663e-11 	5
176.0 	0.000137178 	1.62513e-11 	5
177.0 	0.000137069 	1.61416e-11 	5
178.0 	0.000136954 	1.60329e-11 	5
179.0 	0.000136825 	1.59168e-11 	5
180.0 	0.00013668 	1.57924e-11 	5
181.0 	0.00013652 	1.57043e-11 	5
182.0 	0.00013636 	1.57712e-11 	5
183.0 	0.00013618 	1.60004e-11 	5
184.0 	0.000135983 	1.63307e-11 	5
185.0 	0.00013578 	1.67916e-11 	5
186.0 	0.000135563 	1.78342e-11 	5
187.0 	0.000135334 	9.64967e-11 	5
188.0 	0.000135091 	9.02902e-11 	5
189.0 	0.000134842 	8.35501e-11 	5
190.0 	0.00013458 	7.82055e-11 	5
191.0 	0.000134303 	7.57338e-11 	5
192.0 	0.000134017 	8.4009e-11 	5
193.0 	0.000133721 	2.86395e-11 	5
194.0 	0.000133414 	3.81678e-11 	5
195.0 	0.000133093 	4.8371e-11 	5
196.0 	0.000132759 	3.2437e-11 	5
197.0 	0.000132417 	8.24977e-11 	5
198.0 	0.000132072 	8.62078e-11 	5
199.0 	0.000131717 	8.23128e-11 	5
200.0 	0.000131349 	7.71996e-11 	5
201.0 	0.000130966 	7.17704e-11 	5
202.0 	0.000130575 	6.90768e-11 	5
203.0 	0.000130185 	6.87612e-11 	5
204.0 	0.000129782 	7.03668e-11 	5
205.0 	0.000129368 	7.22191e-11 	5
206.0 	0.000128945 	7.44494e-11 	5
207.0 	0.000128514 	7.69493e-11 	5
208.0 	0.000128076 	7.89969e-11 	5
209.0 	0.000127633 	8.08627e-11 	5
210.0 	0.000127179 	8.25789e-11 	5
211.0 	0.000126717 	8.41575e-11 	5
212.0 	0.000126242 	8.56164e-11 	5
213.0 	0.000125758 	8.69767e-11 	5
214.0 	0.000125263 	8.90091e-11 	5
215.0 	0.000124772 	9.05317e-11 	5
216.0 	0.000124283 	9.16439e-11 	5
217.0 	0.000123781 	9.24369e-11 	5
218.0 	0.000123271 	9.32215e-11 	5
219.0 	0.000122753 	9.40051e-11 	5
220.0 	0.000122221 	9.42521e-11 	5
221.0 	0.000121679 	9.4716e-11 	5
222.0 	0.000121136 	9.50936e-11 	5
223.0 	0.000120584 	9.56531e-11 	5
224.0 	0.000120027 	9.64254e-11 	5
225.0 	0.000119464 	9.72784e-11 	5
226.0 	0.000118901 	9.81498e-11 	5
227.0 	0.000118335 	9.90566e-11 	5
228.0 	0.000117766 	9.99858e-11 	5
229.0 	0.000117189 	2.14719e-11 	5
230.0 	0.000116605 	2.15458e-11 	5
231.0 	0.000116017 	2.16086e-11 	5
232.0 	0.000115425 	2.16605e-11 	5
233.0 	0.000114825 	2.17132e-11 	5
234.0 	0.000114222 	2.17808e-11 	5
235.0 	0.000113621 	2.17826e-11 	5
236.0 	0.000113018 	2.18508e-11 	5
237.0 	0.000112415 	2.1945e-11 	5
238.0 	0.000111811 	2.20427e-11 	5
239.0 	0.000111215 	2.2143e-11 	5
240.0 	0.000110621 	2.21967e-11 	5
241.0 	0.000110029 	2.22713e-11 	5
242.0 	0.00010944 	2.23993e-11 	5
243.0 	0.000108852 	2.25085e-11 	5
244.0 	0.000108268 	2.26019e-11 	5
245.0 	0.000107681 	2.27006e-11 	5
246.0 	0.000107098 	2.27769e-11 	5
247.0 	0.000106516 	2.29023e-11 	5
248.0 	0.000105937 	2.30673e-11 	5
249.0 	0.000105357 	2.3129e-11 	5
250.0 	0.000104785 	2.31617e-11 	5
251.0 	0.000104213 	2.32184e-11 	5
252.0 	0.000103642 	2.31755e-11 	5
253.0 	0.000103078 	2.31433e-11 	5
254.0 	0.00010252 	2.31843e-11 	5
255.0 	0.000101968 	2.33367e-11 	5
256.0 	0.000101414 	2.36153e-11 	5
257.0 	0.000100871 	2.37743e-11 	5
258.0 	0.000100335 	2.38941e-11 	5
259.0 	9.98155e-05 	2.4022e-11 	5
260.0 	9.93018e-05 	2.41576e-11 	5
261.0 	9.88017e-05 	2.42493e-11 	5
262.0 	9.83036e-05 	2.43167e-11 	5
263.0 	9.78106e-05 	2.43728e-11 	5
264.0 	9.73247e-05 	2.44222e-11 	5
265.0 	9.68447e-05 	2.44663e-11 	5
266.0 	9.63676e-05 	2.45117e-11 	5
267.0 	9.58979e-05 	2.45622e-11 	5
268.0 	9.54263e-05 	2.46069e-11 	5
269.0 	9.49631e-05 	2.46431e-11 	5
270.0 	9.45037e-05 	2.46759e-11 	5
271.0 	9.40503e-05 	2.47068e-11 	5
272.0 	9.35999e-05 	2.47369e-11 	5
273.0 	9.31603e-05 	2.47392e-11 	5
274.0 	9.27274e-05 	2.47557e-11 	5
275.0 	9.23065e-05 	2.47796e-11 	5
276.0 	9.1893e-05 	2.48027e-11 	5
277.0 	9.14818e-05 	2.48232e-11 	5
278.0 	9.10761e-05 	2.48412e-11 	5
279.0 	9.06716e-05 	2.48526e-11 	5
280.0 	9.02725e-05 	2.48566e-11 	5
281.0 	8.98763e-05 	2.48551e-11 	5
282.0 	8.94842e-05 	2.48372e-11 	5
283.0 	8.91014e-05 	2.48388e-11 	5
284.0 	8.87206e-05 	2.4822e-11 	5
285.0 	8.83472e-05 	2.47886e-11 	5
286.0 	8.79702e-05 	2.4741e-11 	5
287.0 	8.76051e-05 	2.46801e-11 	5
288.0 	8.7244e-05 	2.45974e-11 	5
289.0 	8.68925e-05 	2.45035e-11 	5
290.0 	8.65483e-05 	2.43893e-11 	5
291.0 	8.62086e-05 	2.42567e-11 	5
292.0 	8.58717e-05 	2.41027e-11 	5
293.0 	8.55422e-05 	2.39246e-11 	5
294.0 	8.52175e-05 	2.37219e-11 	5
295.0 	8.48937e-05 	2.3485e-11 	5
296.0 	8.45717e-05 	2.32104e-11 	5
297.0 	8.42505e-05 	2.29002e-11 	5
298.0 	8.39379e-05 	9.79924e-11 	5
299.0 	8.3627e-05 	9.54742e-11 	5
300.0 	8.33172e-05 	9.2911e-11 	5
301.0 	8.30124e-05 	9.03154e-11 	5
302.0 	8.27072e-05 	8.76681e-11 	5
303.0 	8.24035e-05 	8.50052e-11 	5
304.0 	8.21066e-05 	8.19702e-11 	5
305.0 	8.18143e-05 	7.82069e-11 	5
306.0 	8.15202e-05 	7.48158e-11 	5
307.0 	8.12272e-05 	7.16675e-11 	5
308.0 	8.0937e-05 	6.93387e-11 	5
309.0 	8.06467e-05 	6.85152e-11 	5
310.0 	8.03581e-05 	6.9252e-11 	5
311.0 	8.00681e-05 	7.14418e-11 	5
312.0 	7.97792e-05 	7.6612e-11 	5
313.0 	7.94904e-05 	8.40193e-11 	5
314.0 	7.92043e-05 	9.37299e-11 	5
315.0 	7.89161e-05 	2.41445e-11 	5
316.0 	7.8628e-05 	2.69127e-11 	5
317.0 	7.834e-05 	2.99721e-11 	5
318.0 	7.80557e-05 	3.34559e-11 	5
319.0 	7.77768e-05 	3.7436e-11 	5
320.0 	7.74933e-05 	4.17986e-11 	5
321.0 	7.72094e-05 	4.70661e-11 	5
322.0 	7.6928e-05 	5.35648e-11 	5
323.0 	7.66454e-05 	6.10051e-11 	5
324.0 	7.63614e-05 	6.98281e-11 	5
325.0 	7.60749e-05 	8.05525e-11 	5
326.0 	7.57924e-05 	9.37431e-11 	5
327.0 	7.55079e-05 	9.71895e-12 	6
328.0 	7.52207e-05 	9.25142e-12 	6
329.0 	7.49337e-05 	8.57336e-12 	6
330.0 	7.46487e-05 	7.5074e-12 	6
331.0 	7.43657e-05 	5.91715e-12 	6
332.0 	7.4083e-05 	5.11725e-12 	6
333.0 	7.38004e-05 	9.63183e-12 	6
334.0 	7.35172e-05 	5.50921e-12 	6
335.0 	7.32338e-05 	7.25264e-12 	6
336.0 	7.29494e-05 	8.725e-12 	6
337.0 	7.26635e-05 	9.59103e-12 	6
338.0 	7.23771e-05 	9.96202e-12 	6
339.0 	7.20909e-05 	9.96109e-12 	6
340.0 	7.18046e-05 	9.87142e-12 	6
341.0 	7.15177e-05 	9.75687e-12 	6
342.0 	7.12291e-05 	9.6362e-12 	6
343.0 	7.09431e-05 	9.51628e-12 	6
344.0 	7.06574e-05 	9.64154e-11 	5
345.0 	7.0372e-05 	8.95562e-11 	5
346.0 	7.00866e-05 	8.38105e-11 	5
347.0 	6.98008e-05 	7.87691e-11 	5
348.0 	6.95142e-05 	7.43231e-11 	5
349.0 	6.92292e-05 	7.06742e-11 	5
350.0 	6.89425e-05 	6.74806e-11 	5
351.0 	6.8655e-05 	6.49938e-11 	5
352.0 	6.83688e-05 	6.24967e-11 	5
353.0 	6.80823e-05 	6.04774e-11 	5
354.0 	6.7797e-05 	5.87753e-11 	5
355.0 	6.75105e-05 	5.71818e-11 	5
356.0 	6.72248e-05 	5.61047e-11 	5
357.0 	6.69389e-05 	5.55208e-11 	5
358.0 	6.66537e-05 	5.46085e-11 	5
359.0 	6.63678e-05 	5.34855e-11 	5
360.0 	6.60827e-05 	5.2436e-11 	5
361.0 	6.57989e-05 	5.15684e-11 	5
362.0 	6.55141e-05 	5.07494e-11 	5
363.0 	6.52278e-05 	5.00976e-11 	5
364.0 	6.49438e-05 	4.94923e-11 	5
365.0 	6.46592e-05 	4.90588e-11 	5
366.0 	6.43759e-05 	4.86752e-11 	5
367.0 	6.40933e-05 	4.84624e-11 	5
368.0 	6.38113e-05 	4.83343e-11 	5
369.0 	6.35317e-05 	4.78015e-11 	5
370.0 	6.32539e-05 	4.77808e-11 	5
371.0 	6.29777e-05 	4.83135e-11 	5
372.0 	6.27027e-05 	4.91634e-11 	5
373.0 	6.2428e-05 	5.01342e-11 	5
374.0 	6.21556e-05 	5.12079e-11 	5
375.0 	6.1884e-05 	5.24071e-11 	5
376.0 	6.16121e-05 	5.37613e-11 	5
377.0 	6.13402e-05 	5.52701e-11 	5
378.0 	6.10696e-05 	5.69383e-11 	5
379.0 	6.07988e-05 	5.87164e-11 	5
380.0 	6.05268e-05 	6.03294e-11 	5
381.0 	6.02563e-05 	6.12042e-11 	5
382.0 	5.99843e-05 	6.00481e-11 	5
383.0 	5.97125e-05 	5.48306e-11 	5
384.0 	5.94413e-05 	5.16902e-11 	5
385.0 	5.91705e-05 	7.20767e-11 	5
386.0 	5.89003e-05 	6.37722e-12 	6
387.0 	5.86302e-05 	4.41384e-12 	6
388.0 	5.83584e-05 	5.11635e-12 	6
389.0 	5.80868e-05 	5.27704e-12 	6
390.0 	5.78152e-05 	6.78191e-11 	5
391.0 	5.75426e-05 	4.85239e-11 	5
392.0 	5.72719e-05 	3.59507e-11 	5
393.0 	5.70028e-05 	2.60178e-11 	5
394.0 	5.67325e-05 	8.56096e-11 	5
395.0 	5.64624e-05 	6.63086e-11 	5
396.0 	5.61921e-05 	5.17982e-11 	5
397.0 	5.59212e-05 	4.28836e-11 	5
398.0 	5.56507e-05 	3.92331e-11 	5
399.0 	5.53803e-05 	3.92029e-11 	5
400.0 	5.51103e-05 	4.11085e-11 	5
401.0 	5.48415e-05 	4.32823e-11 	5
402.0 	5.45729e-05 	4.52287e-11 	5
403.0 	5.43046e-05 	4.69392e-11 	5
404.0 	5.40362e-05 	4.86149e-11 	5
405.0 	5.37663e-05 	5.00804e-11 	5
406.0 	5.34967e-05 	5.11957e-11 	5
407.0 	5.3229e-05 	5.21012e-11 	5
408.0 	5.29607e-05 	5.28853e-11 	5
409.0 	5.2693e-05 	5.41749e-11 	5
410.0 	5.24261e-05 	5.4892e-11 	5
411.0 	5.21586e-05 	5.53514e-11 	5
412.0 	5.18909e-05 	5.56579e-11 	5
413.0 	5.16249e-05 	5.5853e-11 	5
414.0 	5.13593e-05 	5.59578e-11 	5
415.0 	5.10934e-05 	5.59938e-11 	5
416.0 	5.08283e-05 	5.5968e-11 	5
417.0 	5.05641e-05 	5.58857e-11 	5
418.0 	5.02977e-05 	5.57539e-11 	5
419.0 	5.00331e-05 	5.55813e-11 	5
420.0 	4.97683e-05 	5.53613e-11 	5
421.0 	4.95047e-05 	5.53503e-11 	5
422.0 	4.92418e-05 	5.51253e-11 	5
423.0 	4.89795e-05 	5.47957e-11 	5
424.0 	4.87165e-05 	5.44226e-11 	5
425.0 	4.84534e-05 	5.40245e-11 	5
426.0 	4.81913e-05 	5.36095e-11 	5
427.0 	4.79298e-05 	5.31793e-11 	5
428.0 	4.76686e-05 	5.27344e-11 	5
429.0 	4.74079e-05 	5.22771e-11 	5
430.0 	4.71481e-05 	5.18102e-11 	5
431.0 	4.68875e-05 	5.13329e-11 	5
432.0 	4.66282e-05 	5.0845e-11 	5
433.0 	4.63696e-05 	5.03473e-11 	5
434.0 	4.61101e-05 	4.98399e-11 	5
435.0 	4.58525e-05 	4.9329e-11 	5
436.0 	4.55964e-05 	4.88182e-11 	5
437.0 	4.53414e-05 	4.83076e-11 	5
438.0 	4.50862e-05 	4.77994e-11 	5
439.0 	4.48314e-05 	4.72902e-11 	5
440.0 	4.45765e-05 	4.67851e-11 	5
441.0 	4.43226e-05 	4.6283e-11 	5
442.0 	4.40705e-05 	4.57869e-11 	5
443.0 	4.38197e-05 	4.52581e-11 	5
444.0 	4.35699e-05 	4.47356e-11 	5
445.0 	4.33193e-05 	4.42363e-11 	5
446.0 	4.30692e-05 	4.37295e-11 	5
447.0 	4.28199e-05 	4.32451e-11 	5
448.0 	4.25713e-05 	4.28211e-11 	5
449.0 	4.23227e-05 	4.24136e-11 	5
450.0 	4.2074e-05 	4.19469e-11 	5
451.0 	4.18273e-05 	4.14295e-11 	5
452.0 	4.15809e-05 	4.09678e-11 	5
453.0 	4.1335e-05 	4.05385e-11 	5
454.0 	4.109e-05 	4.01326e-11 	5
455.0 	4.08453e-05 	3.97448e-11 	5
456.0 	4.05998e-05 	3.93727e-11 	5
457.0 	4.03549e-05 	3.90194e-11 	5
458.0 	4.01102e-05 	3.86825e-11 	5
459.0 	3.98665e-05 	3.83593e-11 	5
460.0 	3.96237e-05 	3.80463e-11 	5
461.0 	3.93818e-05 	3.77432e-11 	5
462.0 	3.91405e-05 	3.74488e-11 	5
463.0 	3.88999e-05 	3.71683e-11 	5
464.0 	3.86599e-05 	3.68959e-11 	5
465.0 	3.84191e-05 	3.66308e-11 	5
466.0 	3.81785e-05 	3.63765e-11 	5
467.0 	3.79384e-05 	3.62047e-11 	5
468.0 	3.76986e-05 	3.59946e-11 	5
469.0 	3.74596e-05 	3.57743e-11 	5
470.0 	3.72206e-05 	3.55619e-11 	5
471.0 	3.69813e-05 	3.53546e-11 	5
472.0 	3.67436e-05 	3.51539e-11 	5
473.0 	3.65044e-05 	3.49524e-11 	5
474.0 	3.62667e-05 	3.47515e-11 	5
475.0 	3.60296e-05 	3.45526e-11 	5
476.0 	3.57931e-05 	3.43536e-11 	5
477.0 	3.55567e-05 	3.41558e-11 	5
478.0 	3.53198e-05 	3.39606e-11 	5
479.0 	3.50821e-05 	3.37707e-11 	5
480.0 	3.48454e-05 	3.35836e-11 	5
481.0 	3.46097e-05 	3.33996e-11 	5
482.0 	3.43743e-05 	3.32188e-11 	5
483.0 	3.41391e-05 	3.30417e-11 	5
484.0 	3.39045e-05 	3.2875e-11 	5
485.0 	3.36694e-05 	3.27105e-11 	5
486.0 	3.34345e-05 	3.25505e-11 	5
487.0 	3.32006e-05 	3.2401e-11 	5
488.0 	3.29668e-05 	3.22743e-11 	5
489.0 	3.27345e-05 	3.21714e-11 	5
490.0 	3.25021e-05 	3.20893e-11 	5
491.0 	3.22697e-05 	3.20242e-11 	5
492.0 	3.20383e-05 	3.19744e-11 	5
493.0 	3.18066e-05 	3.19306e-11 	5
494.0 	3.15765e-05 	3.19066e-11 	5
495.0 	3.13477e-05 	3.18992e-11 	5
496.0 	3.11194e-05 	3.19017e-11 	5
497.0 	3.08927e-05 	3.19204e-11 	5
498.0 	3.06663e-05 	3.19513e-11 	5
499.0 	3.04399e-05 	3.19917e-11 	5
500.0 	3.0214e-05 	3.20402e-11 	5
501.0 	2.99898e-05 	3.21012e-11 	5
502.0 	2.97662e-05 	3.21667e-11 	5
503.0 	2.95432e-05 	3.2237e-11 	5
504.0 	2.93211e-05 	3.23116e-11 	5
505.0 	2.90995e-05 	3.23908e-11 	5
506.0 	2.88785e-05 	3.24785e-11 	5
507.0 	2.8659e-05 	3.25689e-11 	5
508.0 	2.84414e-05 	3.26598e-11 	5
509.0 	2.82244e-05 	3.2751e-11 	5
510.0 	2.8008e-05 	3.28441e-11 	5
511.0 	2.77931e-05 	3.29422e-11 	5
512.0 	2.7578e-05 	3.30368e-11 	5
513.0 	2.7365e-05 	3.31414e-11 	5
514.0 	2.71538e-05 	3.3247e-11 	5
515.0 	2.69439e-05 	3.33467e-11 	5
516.0 	2.67342e-05 	3.34374e-11 	5
517.0 	2.6525e-05 	3.35245e-11 	5
518.0 	2.63177e-05 	3.36012e-11 	5
519.0 	2.61126e-05 	3.36614e-11 	5
520.0 	2.59088e-05 	3.37236e-11 	5
521.0 	2.57062e-05 	3.37841e-11 	5
522.0 	2.55051e-05 	3.38488e-11 	5
523.0 	2.53047e-05 	3.39145e-11 	5
524.0 	2.51047e-05 	3.39714e-11 	5
525.0 	2.49058e-05 	3.40238e-11 	5
526.0 	2.47085e-05 	3.40708e-11 	5
527.0 	2.45113e-05 	3.41156e-11 	5
528.0 	2.43151e-05 	3.41565e-11 	5
529.0 	2.41195e-05 	3.41922e-11 	5
530.0 	2.39273e-05 	3.42483e-11 	5
531.0 	2.37315e-05 	3.42884e-11 	5
532.0 	2.35388e-05 	3.43198e-11 	5
533.0 	2.33468e-05 	3.43391e-11 	5
534.0 	2.31557e-05 	3.43514e-11 	5
535.0 	2.29648e-05 	3.43517e-11 	5
536.0 	2.27763e-05 	3.43397e-11 	5
537.0 	2.25894e-05 	3.43222e-11 	5
538.0 	2.24007e-05 	3.42886e-11 	5
539.0 	2.22148e-05 	3.42514e-11 	5
540.0 	2.20305e-05 	3.42094e-11 	5
541.0 	2.18455e-05 	3.41522e-11 	5
542.0 	2.16617e-05 	3.40823e-11 	5
543.0 	2.14795e-05 	3.40001e-11 	5
544.0 	2.12998e-05 	3.39052e-11 	5
545.0 	2.112e-05 	3.3793e-11 	5
546.0 	2.0942e-05 	3.36648e-11 	5
547.0 	2.07636e-05 	3.35155e-11 	5
548.0 	2.05883e-05 	3.33605e-11 	5
549.0 	2.04139e-05 	3.31882e-11 	5
550.0 	2.02409e-05 	3.30004e-11 	5
551.0 	2.00686e-05 	3.28024e-11 	5
552.0 	1.98978e-05 	3.2589e-11 	5
553.0 	1.97295e-05 	3.23573e-11 	5
554.0 	1.95623e-05 	3.21075e-11 	5
555.0 	1.93962e-05 	3.18418e-11 	5
556.0 	1.92316e-05 	3.15629e-11 	5
557.0 	1.90689e-05 	9.97847e-11 	4
558.0 	1.89068e-05 	9.90368e-11 	4
559.0 	1.87474e-05 	9.82748e-11 	4
560.0 	1.85898e-05 	9.75161e-11 	4
561.0 	1.8434e-05 	9.67859e-11 	4
562.0 	1.82803e-05 	9.60373e-11 	4
563.0 	1.81283e-05 	9.52701e-11 	4
564.0 	1.79783e-05 	9.44797e-11 	4
565.0 	1.78296e-05 	9.36753e-11 	4
566.0 	1.76817e-05 	9.28577e-11 	4
567.0 	1.75352e-05 	9.2027e-11 	4
568.0 	1.73901e-05 	9.11828e-11 	4
569.0 	1.72471e-05 	9.02035e-11 	4
570.0 	1.71052e-05 	8.92761e-11 	4
571.0 	1.69645e-05 	8.83836e-11 	4
572.0 	1.68253e-05 	8.75007e-11 	4
573.0 	1.66877e-05 	8.66228e-11 	4
574.0 	1.65514e-05 	8.57447e-11 	4
575.0 	1.64169e-05 	8.48744e-11 	4
576.0 	1.6284e-05 	8.39945e-11 	4
577.0 	1.6154e-05 	8.31099e-11 	4
578.0 	1.6023e-05 	8.22285e-11 	4
579.0 	1.58947e-05 	8.1362e-11 	4
580.0 	1.57675e-05 	8.05102e-11 	4
581.0 	1.56418e-05 	7.96626e-11 	4
582.0 	1.55179e-05 	7.88219e-11 	4
583.0 	1.53956e-05 	7.79846e-11 	4
584.0 	1.52749e-05 	7.7136e-11 	4
585.0 	1.51552e-05 	7.62845e-11 	4
586.0 	1.50371e-05 	7.54554e-11 	4
587.0 	1.49197e-05 	7.46359e-11 	4
588.0 	1.48039e-05 	7.3828e-11 	4
589.0 	1.46894e-05 	7.3026e-11 	4
590.0 	1.45764e-05 	7.22343e-11 	4
591.0 	1.44649e-05 	7.14573e-11 	4
592.0 	1.43546e-05 	7.06957e-11 	4
593.0 	1.42462e-05 	6.99471e-11 	4
594.0 	1.41389e-05 	6.92094e-11 	4
595.0 	1.40334e-05 	6.84798e-11 	4
596.0 	1.39296e-05 	6.77589e-11 	4
597.0 	1.38274e-05 	6.70504e-11 	4
598.0 	1.37268e-05 	6.63538e-11 	4
599.0 	1.36276e-05 	6.56708e-11 	4
600.0 	1.35295e-05 	6.50009e-11 	4
601.0 	1.34331e-05 	6.43132e-11 	4
602.0 	1.33378e-05 	6.36546e-11 	4
603.0 	1.32443e-05 	6.30224e-11 	4
604.0 	1.31518e-05 	6.2409e-11 	4
605.0 	1.30603e-05 	6.18128e-11 	4
606.0 	1.29703e-05 	6.12401e-11 	4
607.0 	1.28815e-05 	6.07008e-11 	4
608.0 	1.27935e-05 	6.01922e-11 	4
609.0 	1.2707e-05 	5.97404e-11 	4
610.0 	1.26217e-05 	5.93554e-11 	4
611.0 	1.2538e-05 	5.90588e-11 	4
612.0 	1.24557e-05 	5.8873e-11 	4
613.0 	1.23746e-05 	5.88538e-11 	4
614.0 	1.22947e-05 	5.90608e-11 	4
615.0 	1.22155e-05 	5.96084e-11 	4
616.0 	1.21375e-05 	6.07955e-11 	4
617.0 	1.20609e-05 	6.37891e-11 	4
618.0 	1.19853e-05 	7.86695e-11 	4
619.0 	1.19106e-05 	1.28163e-12 	6
620.0 	1.18368e-05 	3.06832e-11 	4
621.0 	1.17645e-05 	8.61264e-11 	4
622.0 	1.1693e-05 	2.67274e-11 	4
623.0 	1.16225e-05 	3.26994e-11 	4
624.0 	1.15531e-05 	3.57145e-11 	4
625.0 	1.14848e-05 	3.72473e-11 	4
626.0 	1.14184e-05 	3.80768e-11 	4
627.0 	1.1353e-05 	3.85399e-11 	4
628.0 	1.12886e-05 	3.88025e-11 	4
629.0 	1.12251e-05 	3.89472e-11 	4
630.0 	1.11627e-05 	3.89836e-11 	4
631.0 	1.11014e-05 	3.89484e-11 	4
632.0 	1.10412e-05 	3.88771e-11 	4
633.0 	1.09826e-05 	3.87828e-11 	4
634.0 	1.09253e-05 	3.8671e-11 	4
635.0 	1.08688e-05 	3.85434e-11 	4
636.0 	1.08136e-05 	3.84085e-11 	4
637.0 	1.076e-05 	3.82626e-11 	4
638.0 	1.07076e-05 	3.81096e-11 	4
639.0 	1.06567e-05 	3.79567e-11 	4
640.0 	1.06077e-05 	3.7804e-11 	4
641.0 	1.05607e-05 	3.76556e-11 	4
642.0 	1.05154e-05 	3.75107e-11 	4
643.0 	1.04722e-05 	3.73677e-11 	4
644.0 	1.04307e-05 	3.72277e-11 	4
645.0 	1.03909e-05 	3.70925e-11 	4
646.0 	1.03521e-05 	3.69634e-11 	4
647.0 	1.03146e-05 	3.68368e-11 	4
648.0 	1.02785e-05 	3.67142e-11 	4
649.0 	1.02433e-05 	3.65945e-11 	4
650.0 	1.02091e-05 	3.64791e-11 	4
651.0 	1.01758e-05 	3.63693e-11 	4
652.0 	1.01435e-05 	3.62737e-11 	4
653.0 	1.01119e-05 	3.61864e-11 	4
654.0 	1.0081e-05 	3.61039e-11 	4
655.0 	1.00504e-05 	3.60292e-11 	4
656.0 	1.00204e-05 	3.59597e-11 	4
657.0 	9.99065e-06 	3.58961e-11 	4
658.0 	9.9614e-06 	3.58373e-11 	4
659.0 	9.93242e-06 	3.57873e-11 	4
660.0 	9.90381e-06 	3.57376e-11 	4
661.0 	9.87549e-06 	3.5685e-11 	4
662.0 	9.84723e-06 	3.56357e-11 	4
663.0 	9.81949e-06 	3.55845e-11 	4
664.0 	9.79206e-06 	3.55341e-11 	4
665.0 	9.76483e-06 	3.54841e-11 	4
666.0 	9.73802e-06 	3.54328e-11 	4
667.0 	9.71131e-06 	3.5383e-11 	4
668.0 	9.6848e-06 	3.53319e-11 	4
669.0 	9.65842e-06 	3.52814e-11 	4
670.0 	9.63227e-06 	3.52288e-11 	4
671.0 	9.60626e-06 	3.51744e-11 	4
672.0 	9.58054e-06 	3.51176e-11 	4
673.0 	9.55498e-06 	3.50563e-11 	4
674.0 	9.52965e-06 	3.49954e-11 	4
675.0 	9.50467e-06 	3.49297e-11 	4
676.0 	9.47998e-06 	3.48604e-11 	4
677.0 	9.45528e-06 	3.47862e-11 	4
678.0 	9.43072e-06 	3.47027e-11 	4
679.0 	9.40616e-06 	3.46094e-11 	4
680.0 	9.38161e-06 	3.45013e-11 	4
681.0 	9.35724e-06 	3.43813e-11 	4
682.0 	9.3331e-06 	3.42451e-11 	4
683.0 	9.30889e-06 	3.40774e-11 	4
684.0 	9.28485e-06 	3.38745e-11 	4
685.0 	9.26081e-06 	3.36284e-11 	4
686.0 	9.23692e-06 	3.3315e-11 	4
687.0 	9.21264e-06 	3.29162e-11 	4
688.0 	9.18873e-06 	3.24035e-11 	4
689.0 	9.16473e-06 	3.17078e-11 	4
690.0 	9.14044e-06 	3.07176e-11 	4
691.0 	9.11669e-06 	2.92301e-11 	4
692.0 	9.09282e-06 	2.67485e-11 	4
693.0 	9.0689e-06 	2.223e-11 	4
694.0 	9.04526e-06 	7.76053e-11 	4
695.0 	9.02153e-06 	9.74522e-11 	4
696.0 	8.99779e-06 	8.84864e-13 	6
697.0 	8.97403e-06 	5.62008e-11 	4
698.0 	8.95048e-06 	4.62327e-11 	4
699.0 	8.92693e-06 	4.38444e-11 	4
700.0 	8.90365e-06 	4.25815e-11 	4
701.0 	8.88041e-06 	4.17134e-11 	4
702.0 	8.85728e-06 	4.10818e-11 	4
703.0 	8.83425e-06 	4.06236e-11 	4
704.0 	8.81124e-06 	4.02443e-11 	4
705.0 	8.78858e-06 	3.99372e-11 	4
706.0 	8.76608e-06 	3.96779e-11 	4
707.0 	8.7436e-06 	3.94561e-11 	4
708.0 	8.72123e-06 	3.92567e-11 	4
709.0 	8.69868e-06 	3.90732e-11 	4
710.0 	8.67624e-06 	3.89011e-11 	4
711.0 	8.65369e-06 	3.87301e-11 	4
712.0 	8.63093e-06 	3.85646e-11 	4
713.0 	8.60789e-06 	3.84067e-11 	4
714.0 	8.58481e-06 	3.825e-11 	4
715.0 	8.56159e-06 	3.80908e-11 	4
716.0 	8.53824e-06 	3.79271e-11 	4
717.0 	8.51506e-06 	3.776e-11 	4
718.0 	8.49152e-06 	3.75941e-11 	4
719.0 	8.46787e-06 	3.74258e-11 	4
720.0 	8.44385e-06 	3.72507e-11 	4
721.0 	8.41972e-06 	3.70721e-11 	4
722.0 	8.39568e-06 	3.68893e-11 	4
723.0 	8.37147e-06 	3.67003e-11 	4
724.0 	8.34707e-06 	3.6505e-11 	4
725.0 	8.32273e-06 	3.63076e-11 	4
726.0 	8.2981e-06 	3.61069e-11 	4
727.0 	8.27331e-06 	3.59004e-11 	4
728.0 	8.24865e-06 	3.56868e-11 	4
729.0 	8.22397e-06 	3.54818e-11 	4
730.0 	8.19913e-06 	3.52882e-11 	4
731.0 	8.17432e-06 	3.50982e-11 	4
732.0 	8.14941e-06 	3.49144e-11 	4
733.0 	8.1248e-06 	3.47392e-11 	4
734.0 	8.10009e-06 	3.45688e-11 	4
735.0 	8.07545e-06 	3.44006e-11 	4
736.0 	8.05108e-06 	3.42392e-11 	4
737.0 	8.02693e-06 	3.40841e-11 	4
738.0 	8.00276e-06 	3.39292e-11 	4
739.0 	7.97901e-06 	3.37779e-11 	4
740.0 	7.95561e-06 	3.36259e-11 	4
741.0 	7.93236e-06 	3.34736e-11 	4
742.0 	7.90948e-06 	3.33272e-11 	4
743.0 	7.88691e-06 	3.31947e-11 	4
744.0 	7.86436e-06 	3.30686e-11 	4
745.0 	7.84191e-06 	3.29524e-11 	4
746.0 	7.81992e-06 	3.28388e-11 	4
747.0 	7.79798e-06 	3.2727e-11 	4
748.0 	7.77624e-06 	3.26168e-11 	4
749.0 	7.75479e-06 	3.25106e-11 	4
750.0 	7.73353e-06 	3.24053e-11 	4
751.0 	7.71206e-06 	3.23029e-11 	4
752.0 	7.6907e-06 	3.22035e-11 	4
753.0 	7.66964e-06 	3.21044e-11 	4
754.0 	7.64853e-06 	3.2007e-11 	4
755.0 	7.62743e-06 	3.19075e-11 	4
756.0 	7.60637e-06 	3.18127e-11 	4
757.0 	7.58526e-06 	3.17192e-11 	4
758.0 	7.56422e-06 	3.16235e-11 	4
759.0 	7.54304e-06 	3.15281e-11 	4
760.0 	7.52183e-06 	3.14366e-11 	4
761.0 	7.50065e-06 	3.13436e-11 	4
762.0 	7.47944e-06 	3.1251e-11 	4
763.0 	7.45792e-06 	3.11531e-11 	4
764.0 	7.43659e-06 	3.10523e-11 	4
765.0 	7.41534e-06 	3.09489e-11 	4
766.0 	7.39368e-06 	3.08413e-11 	4
767.0 	7.37199e-06 	3.07309e-11 	4
768.0 	7.35027e-06 	3.0616e-11 	4
769.0 	7.32842e-06 	3.04944e-11 	4
770.0 	7.30652e-06 	3.03676e-11 	4
771.0 	7.2845e-06 	3.02377e-11 	4
772.0 	7.26244e-06 	3.01036e-11 	4
773.0 	7.24026e-06 	2.9966e-11 	4
774.0 	7.21794e-06 	2.98261e-11 	4
775.0 	7.19547e-06 	2.96817e-11 	4
776.0 	7.17315e-06 	2.95333e-11 	4
777.0 	7.1505e-06 	2.93833e-11 	4
778.0 	7.12769e-06 	2.92313e-11 	4
779.0 	7.1049e-06 	2.90747e-11 	4
780.0 	7.08196e-06 	2.89178e-11 	4
781.0 	7.05876e-06 	2.8757e-11 	4
782.0 	7.0354e-06 	2.85944e-11 	4
783.0 	7.01189e-06 	2.84298e-11 	4
784.0 	6.98806e-06 	2.82648e-11 	4
785.0 	6.96402e-06 	2.80959e-11 	4
786.0 	6.93995e-06 	2.79257e-11 	4
787.0 	6.91567e-06 	2.7755e-11 	4
788.0 	6.89114e-06 	2.75812e-11 	4
789.0 	6.86626e-06 	2.74046e-11 	4
790.0 	6.84146e-06 	2.72275e-11 	4
791.0 	6.81636e-06 	2.70495e-11 	4
792.0 	6.79091e-06 	2.68729e-11 	4
793.0 	6.76537e-06 	2.66985e-11 	4
794.0 	6.7398e-06 	2.65243e-11 	4
795.0 	6.71389e-06 	2.635e-11 	4
796.0 	6.68787e-06 	9.95612e-11 	4
797.0 	6.66138e-06 	9.90593e-11 	4
798.0 	6.635e-06 	9.85749e-11 	4
799.0 	6.60855e-06 	9.81202e-11 	4
800.0 	6.58209e-06 	9.7669e-11 	4
801.0 	6.55553e-06 	9.72302e-11 	4
802.0 	6.52889e-06 	9.6804e-11 	4
803.0 	6.50205e-06 	9.63809e-11 	4
804.0 	6.47504e-06 	9.59633e-11 	4
805.0 	6.44806e-06 	9.55363e-11 	4
806.0 	6.42081e-06 	9.51111e-11 	4
807.0 	6.39319e-06 	9.46905e-11 	4
808.0 	6.36552e-06 	9.42695e-11 	4
809.0 	6.33783e-06 	9.38477e-11 	4
810.0 	6.31027e-06 	9.34202e-11 	4
811.0 	6.28269e-06 	9.29828e-11 	4
812.0 	6.25491e-06 	9.25636e-11 	4
813.0 	6.22704e-06 	9.21511e-11 	4
814.0 	6.19896e-06 	9.17324e-11 	4
815.0 	6.17091e-06 	9.13248e-11 	4
816.0 	6.14292e-06 	9.09083e-11 	4
817.0 	6.11474e-06 	9.04879e-11 	4
818.0 	6.0865e-06 	9.00657e-11 	4
819.0 	6.05818e-06 	8.96444e-11 	4
820.0 	6.02987e-06 	8.92243e-11 	4
821.0 	6.00145e-06 	8.8802e-11 	4
822.0 	5.97305e-06 	8.83733e-11 	4
823.0 	5.94462e-06 	8.7945e-11 	4
824.0 	5.91649e-06 	8.75163e-11 	4
825.0 	5.88815e-06 	8.70905e-11 	4
826.0 	5.85975e-06 	8.66624e-11 	4
827.0 	5.8313e-06 	8.62297e-11 	4
828.0 	5.80284e-06 	8.58026e-11 	4
829.0 	5.77451e-06 	8.52623e-11 	4
830.0 	5.74601e-06 	8.47201e-11 	4
831.0 	5.71739e-06 	8.42591e-11 	4
832.0 	5.68887e-06 	8.38281e-11 	4
833.0 	5.66052e-06 	8.34025e-11 	4
834.0 	5.63226e-06 	8.29863e-11 	4
835.0 	5.60405e-06 	8.25771e-11 	4
836.0 	5.57591e-06 	8.21741e-11 	4
837.0 	5.54768e-06 	8.17814e-11 	4
838.0 	5.51962e-06 	8.14493e-11 	4
839.0 	5.4915e-06 	8.1201e-11 	4
840.0 	5.4633e-06 	8.08636e-11 	4
841.0 	5.4353e-06 	8.05043e-11 	4
842.0 	5.4075e-06 	8.01422e-11 	4
843.0 	5.37993e-06 	7.97748e-11 	4
844.0 	5.35251e-06 	7.94191e-11 	4
845.0 	5.32504e-06 	7.9065e-11 	4
846.0 	5.29768e-06 	7.87141e-11 	4
847.0 	5.27051e-06 	7.83674e-11 	4
848.0 	5.24343e-06 	7.80169e-11 	4
849.0 	5.21639e-06 	7.76634e-11 	4
850.0 	5.18958e-06 	7.73291e-11 	4
851.0 	5.16301e-06 	7.70112e-11 	4
852.0 	5.1365e-06 	7.67e-11 	4
853.0 	5.11033e-06 	7.64061e-11 	4
854.0 	5.08433e-06 	7.61082e-11 	4
855.0 	5.05852e-06 	7.58164e-11 	4
856.0 	5.0329e-06 	7.55289e-11 	4
857.0 	5.0075e-06 	7.52376e-11 	4
858.0 	4.98213e-06 	7.49483e-11 	4
859.0 	4.95706e-06 	7.4668e-11 	4
860.0 	4.93211e-06 	7.44111e-11 	4
861.0 	4.90726e-06 	7.41654e-11 	4
862.0 	4.88234e-06 	7.39109e-11 	4
863.0 	4.85762e-06 	7.36576e-11 	4
864.0 	4.83322e-06 	7.34043e-11 	4
865.0 	4.80911e-06 	7.31482e-11 	4
866.0 	4.78504e-06 	7.28881e-11 	4
867.0 	4.76107e-06 	7.26248e-11 	4
868.0 	4.73719e-06 	7.23641e-11 	4
869.0 	4.71354e-06 	7.2102e-11 	4
870.0 	4.68996e-06 	7.18327e-11 	4
871.0 	4.66667e-06 	7.15594e-11 	4
872.0 	4.64351e-06 	7.12837e-11 	4
873.0 	4.62028e-06 	7.1002e-11 	4
874.0 	4.59734e-06 	7.07155e-11 	4
875.0 	4.5745e-06 	7.04208e-11 	4
876.0 	4.55188e-06 	7.01297e-11 	4
877.0 	4.52938e-06 	6.98359e-11 	4
878.0 	4.50696e-06 	6.95394e-11 	4
879.0 	4.48469e-06 	6.92413e-11 	4
880.0 	4.46247e-06 	6.89485e-11 	4
881.0 	4.44044e-06 	6.86466e-11 	4
882.0 	4.41838e-06 	6.83387e-11 	4
883.0 	4.39659e-06 	6.80254e-11 	4
884.0 	4.37484e-06 	6.77092e-11 	4
885.0 	4.35332e-06 	6.73863e-11 	4
886.0 	4.33198e-06 	6.70616e-11 	4
887.0 	4.31072e-06 	6.67347e-11 	4
888.0 	4.28956e-06 	6.64045e-11 	4
889.0 	4.26871e-06 	6.6069e-11 	4
890.0 	4.24811e-06 	6.57312e-11 	4
891.0 	4.22753e-06 	6.53929e-11 	4
892.0 	4.20706e-06 	6.50466e-11 	4
893.0 	4.18672e-06 	6.4706e-11 	4
894.0 	4.16656e-06 	6.43684e-11 	4
895.0 	4.14658e-06 	6.40434e-11 	4
896.0 	4.12663e-06 	6.37273e-11 	4
897.0 	4.10695e-06 	6.34168e-11 	4
898.0 	4.08726e-06 	6.31007e-11 	4
899.0 	4.06788e-06 	6.27821e-11 	4
900.0 	4.04854e-06 	6.24628e-11 	4
901.0 	4.0294e-06 	6.21395e-11 	4
902.0 	4.01036e-06 	6.18092e-11 	4
903.0 	3.99159e-06 	6.14904e-11 	4
904.0 	3.97294e-06 	6.11818e-11 	4
905.0 	3.95439e-06 	6.08725e-11 	4
906.0 	3.93608e-06 	6.05649e-11 	4
907.0 	3.91769e-06 	6.02602e-11 	4
908.0 	3.89962e-06 	5.99581e-11 	4
909.0 	3.88166e-06 	5.96512e-11 	4
910.0 	3.86395e-06 	5.93428e-11 	4
911.0 	3.8464e-06 	5.90355e-11 	4
912.0 	3.82902e-06 	5.87246e-11 	4
913.0 	3.81181e-06 	5.84186e-11 	4
914.0 	3.79472e-06 	5.8109e-11 	4
915.0 	3.77779e-06 	5.78035e-11 	4
916.0 	3.76103e-06 	5.75069e-11 	4
917.0 	3.74437e-06 	5.7211e-11 	4
918.0 	3.72789e-06 	5.69243e-11 	4
919.0 	3.71157e-06 	5.66571e-11 	4
920.0 	3.69547e-06 	5.64096e-11 	4
921.0 	3.67948e-06 	5.61882e-11 	4
922.0 	3.66357e-06 	5.59858e-11 	4
923.0 	3.64783e-06 	5.58169e-11 	4
924.0 	3.6324e-06 	5.56765e-11 	4
925.0 	3.61702e-06 	5.55719e-11 	4
926.0 	3.60169e-06 	5.55198e-11 	4
927.0 	3.58674e-06 	5.55336e-11 	4
928.0 	3.57185e-06 	5.56338e-11 	4
929.0 	3.5572e-06 	5.58482e-11 	4
930.0 	3.54251e-06 	5.62315e-11 	4
931.0 	3.52803e-06 	5.68556e-11 	4
932.0 	3.51377e-06 	5.78461e-11 	4
933.0 	3.49971e-06 	5.94484e-11 	4
934.0 	3.48585e-06 	6.21935e-11 	4
935.0 	3.47206e-06 	6.74701e-11 	4
936.0 	3.45847e-06 	8.01932e-11 	4
937.0 	3.44503e-06 	3.28805e-11 	4
938.0 	3.43185e-06 	7.80711e-11 	4
939.0 	3.41886e-06 	2.49404e-11 	4
940.0 	3.40596e-06 	2.75453e-11 	4
941.0 	3.39318e-06 	3.13744e-11 	4
942.0 	3.38053e-06 	3.37742e-11 	4
943.0 	3.36814e-06 	3.52074e-11 	4
944.0 	3.35581e-06 	3.61385e-11 	4
945.0 	3.34359e-06 	3.67192e-11 	4
946.0 	3.33145e-06 	3.70958e-11 	4
947.0 	3.31936e-06 	3.73485e-11 	4
948.0 	3.3073e-06 	3.74929e-11 	4
949.0 	3.29548e-06 	3.75483e-11 	4
950.0 	3.2837e-06 	3.75377e-11 	4
951.0 	3.272e-06 	3.74887e-11 	4
952.0 	3.2604e-06 	3.74033e-11 	4
953.0 	3.2489e-06 	3.7295e-11 	4
954.0 	3.23744e-06 	3.71644e-11 	4
955.0 	3.2259e-06 	3.70096e-11 	4
956.0 	3.21444e-06 	3.68385e-11 	4
957.0 	3.2031e-06 	3.66441e-11 	4
958.0 	3.19174e-06 	3.64347e-11 	4
959.0 	3.18034e-06 	3.6217e-11 	4
960.0 	3.16921e-06 	3.59773e-11 	4
961.0 	3.15791e-06 	3.5754e-11 	4
962.0 	3.14672e-06 	3.5495e-11 	4
963.0 	3.13551e-06 	3.52529e-11 	4
964.0 	3.1243e-06 	3.50223e-11 	4
965.0 	3.11318e-06 	3.47888e-11 	4
966.0 	3.10203e-06 	3.45456e-11 	4
967.0 	3.09096e-06 	3.4293e-11 	4
968.0 	3.07992e-06 	3.40374e-11 	4
969.0 	3.06889e-06 	3.37757e-11 	4
970.0 	3.05785e-06 	3.35028e-11 	4
971.0 	3.04693e-06 	3.32191e-11 	4
972.0 	3.03608e-06 	3.29268e-11 	4
973.0 	3.02523e-06 	3.26309e-11 	4
974.0 	3.01443e-06 	3.23147e-11 	4
975.0 	3.00362e-06 	3.19769e-11 	4
976.0 	2.99291e-06 	3.16131e-11 	4
977.0 	2.98226e-06 	3.12198e-11 	4
978.0 	2.9717e-06 	3.08125e-11 	4
979.0 	2.96112e-06 	3.03762e-11 	4
980.0 	2.95064e-06 	2.99038e-11 	4
981.0 	2.94019e-06 	2.93771e-11 	4
982.0 	2.92988e-06 	2.88293e-11 	4
983.0 	2.91942e-06 	2.81988e-11 	4
984.0 	2.90923e-06 	2.75407e-11 	4
985.0 	2.89892e-06 	2.6769e-11 	4
986.0 	2.88882e-06 	2.59644e-11 	4
987.0 	2.87858e-06 	2.50079e-11 	4
988.0 	2.8685e-06 	2.40027e-11 	4
989.0 	2.85834e-06 	2.28143e-11 	4
990.0 	2.84845e-06 	2.16081e-11 	4
991.0 	2.83853e-06 	2.02756e-11 	4
992.0 	2.82879e-06 	1.91359e-11 	4
993.0 	2.819e-06 	1.80843e-11 	4
994.0 	2.80931e-06 	1.77413e-11 	4
995.0 	2.79965e-06 	1.88288e-11 	4
996.0 	2.79002e-06 	2.14187e-11 	4
997.0 	2.78051e-06 	2.59785e-11 	4
998.0 	2.77111e-06 	3.36482e-11 	4
999.0 	2.76174e-06 	4.72152e-11 	4
1000.0 	2.75241e-06 	7.22264e-11 	4
1001.0 	2.74319e-06 	2.29338e-11 	4
1002.0 	2.73402e-06 	6.07784e-11 	4
1003.0 	2.72489e-06 	1.61859e-12 	5
1004.0 	2.71575e-06 	9.98855e-11 	3
1005.0 	2.70675e-06 	9.97775e-11 	3
1006.0 	2.69779e-06 	9.96557e-11 	3
1007.0 	2.68887e-06 	9.95225e-11 	3
1008.0 	2.68003e-06 	9.93785e-11 	3
1009.0 	2.67135e-06 	9.92204e-11 	3
1010.0 	2.66272e-06 	9.90563e-11 	3
1011.0 	2.65413e-06 	9.88857e-11 	3
1012.0 	2.64562e-06 	9.87047e-11 	3
1013.0 	2.63726e-06 	9.85148e-11 	3
1014.0 	2.62881e-06 	9.83132e-11 	3
1015.0 	2.62058e-06 	9.81062e-11 	3
1016.0 	2.61244e-06 	9.78939e-11 	3
1017.0 	2.60433e-06 	9.76865e-11 	3
1018.0 	2.59632e-06 	9.74834e-11 	3
1019.0 	2.58848e-06 	9.72832e-11 	3
1020.0 	2.58079e-06 	9.70864e-11 	3
1021.0 	2.57317e-06 	9.68758e-11 	3
1022.0 	2.56563e-06 	9.66543e-11 	3
1023.0 	2.55815e-06 	9.6424e-11 	3
1024.0 	2.55071e-06 	9.61904e-11 	3
1025.0 	2.54334e-06 	9.59451e-11 	3
1026.0 	2.53607e-06 	9.56944e-11 	3
1027.0 	2.5288e-06 	9.54408e-11 	3
1028.0 	2.5216e-06 	9.51823e-11 	3
1029.0 	2.51444e-06 	9.49212e-11 	3
1030.0 	2.50731e-06 	9.46526e-11 	3
1031.0 	2.50021e-06 	9.43778e-11 	3
1032.0 	2.49322e-06 	9.4099e-11 	3
1033.0 	2.48633e-06 	9.38131e-11 	3
1034.0 	2.47952e-06 	9.35198e-11 	3
1035.0 	2.47278e-06 	9.32222e-11 	3
1036.0 	2.46606e-06 	9.29184e-11 	3
1037.0 	2.45934e-06 	9.26121e-11 	3
1038.0 	2.45262e-06 	9.22976e-11 	3
1039.0 	2.44607e-06 	9.19821e-11 	3
1040.0 	2.43948e-06 	9.16617e-11 	3
1041.0 	2.43288e-06 	9.13393e-11 	3
1042.0 	2.42636e-06 	9.1017e-11 	3
1043.0 	2.41985e-06 	9.06951e-11 	3
1044.0 	2.41341e-06 	9.03734e-11 	3
1045.0 	2.40699e-06 	9.00485e-11 	3
1046.0 	2.40064e-06 	8.9721e-11 	3
1047.0 	2.39439e-06 	8.93897e-11 	3
1048.0 	2.38814e-06 	8.90536e-11 	3
1049.0 	2.38191e-06 	8.87152e-11 	3
1050.0 	2.3757e-06 	8.8375e-11 	3
1051.0 	2.36949e-06 	8.8037e-11 	3
1052.0 	2.3633e-06 	8.77009e-11 	3
1053.0 	2.35713e-06 	8.73608e-11 	3
1054.0 	2.35095e-06 	8.70247e-11 	3
1055.0 	2.34478e-06 	8.66885e-11 	3
1056.0 	2.3387e-06 	8.63527e-11 	3
1057.0 	2.33263e-06 	8.60157e-11 	3
1058.0 	2.3265e-06 	8.56784e-11 	3
1059.0 	2.32039e-06 	8.53458e-11 	3
1060.0 	2.31431e-06 	8.50174e-11 	3
1061.0 	2.30826e-06 	8.46892e-11 	3
1062.0 	2.30224e-06 	8.43567e-11 	3
1063.0 	2.29627e-06 	8.40205e-11 	3
1064.0 	2.29032e-06 	8.36842e-11 	3
1065.0 	2.28437e-06 	8.33471e-11 	3
1066.0 	2.27844e-06 	8.30088e-11 	3
1067.0 	2.27249e-06 	8.26703e-11 	3
1068.0 	2.26656e-06 	8.23313e-11 	3
1069.0 	2.26063e-06 	8.19913e-11 	3
1070.0 	2.2547e-06 	8.16505e-11 	3
1071.0 	2.24876e-06 	8.13082e-11 	3
1072.0 	2.24281e-06 	8.0965e-11 	3
1073.0 	2.23687e-06 	8.05863e-11 	3
1074.0 	2.23094e-06 	8.02343e-11 	3
1075.0 	2.22498e-06 	7.98922e-11 	3
1076.0 	2.21901e-06 	7.95528e-11 	3
1077.0 	2.21304e-06 	7.92125e-11 	3
1078.0 	2.2071e-06 	7.88725e-11 	3
1079.0 	2.20116e-06 	7.85361e-11 	3
1080.0 	2.19524e-06 	7.81985e-11 	3
1081.0 	2.18935e-06 	7.7863e-11 	3
1082.0 	2.18343e-06 	7.75291e-11 	3
1083.0 	2.1775e-06 	7.71971e-11 	3
1084.0 	2.17155e-06 	7.68644e-11 	3
1085.0 	2.16558e-06 	7.65332e-11 	3
1086.0 	2.15962e-06 	7.62011e-11 	3
1087.0 	2.15362e-06 	7.58697e-11 	3
1088.0 	2.14761e-06 	7.55361e-11 	3
1089.0 	2.14155e-06 	7.5203e-11 	3
1090.0 	2.13548e-06 	7.48693e-11 	3
1091.0 	2.12942e-06 	7.45368e-11 	3
1092.0 	2.12333e-06 	7.42069e-11 	3
1093.0 	2.11722e-06 	7.38799e-11 	3
1094.0 	2.1111e-06 	7.35602e-11 	3
1095.0 	2.10494e-06 	7.3244e-11 	3
1096.0 	2.09878e-06 	7.29307e-11 	3
1097.0 	2.09263e-06 	7.26214e-11 	3
1098.0 	2.08645e-06 	7.23142e-11 	3
1099.0 	2.08027e-06 	7.20127e-11 	3
1100.0 	2.07405e-06 	7.17136e-11 	3
1101.0 	2.06779e-06 	7.1418e-11 	3
1102.0 	2.06154e-06 	7.1125e-11 	3
1103.0 	2.05525e-06 	7.08345e-11 	3
1104.0 	2.04893e-06 	7.0547e-11 	3
1105.0 	2.04259e-06 	7.02626e-11 	3
1106.0 	2.03624e-06 	6.99797e-11 	3
1107.0 	2.02987e-06 	6.9701e-11 	3
1108.0 	2.02349e-06 	6.94328e-11 	3
1109.0 	2.01709e-06 	6.91731e-11 	3
1110.0 	2.01068e-06 	6.8924e-11 	3
1111.0 	2.00427e-06 	6.86836e-11 	3
1112.0 	1.99782e-06 	6.84614e-11 	3
1113.0 	1.99135e-06 	6.82673e-11 	3
1114.0 	1.98491e-06 	6.80784e-11 	3
1115.0 	1.97848e-06 	6.78915e-11 	3
1116.0 	1.97193e-06 	6.7705e-11 	3
1117.0 	1.96547e-06 	6.75237e-11 	3
1118.0 	1.95895e-06 	6.73421e-11 	3
1119.0 	1.9524e-06 	6.71672e-11 	3
1120.0 	1.94587e-06 	6.69963e-11 	3
1121.0 	1.93931e-06 	6.68321e-11 	3
1122.0 	1.93273e-06 	6.66693e-11 	3
1123.0 	1.92614e-06 	6.65101e-11 	3
1124.0 	1.91954e-06 	6.63514e-11 	3
1125.0 	1.91293e-06 	6.61942e-11 	3
1126.0 	1.90636e-06 	6.60399e-11 	3
1127.0 	1.89977e-06 	6.58888e-11 	3
1128.0 	1.89314e-06 	6.574e-11 	3
1129.0 	1.8865e-06 	6.55917e-11 	3
1130.0 	1.87984e-06 	6.54492e-11 	3
1131.0 	1.87316e-06 	6.53085e-11 	3
1132.0 	1.86648e-06 	6.51721e-11 	3
1133.0 	1.85979e-06 	6.50394e-11 	3
1134.0 	1.85309e-06 	6.49092e-11 	3
1135.0 	1.84635e-06 	6.47831e-11 	3
1136.0 	1.83962e-06 	6.46619e-11 	3
1137.0 	1.83288e-06 	6.45424e-11 	3
1138.0 	1.82611e-06 	6.44267e-11 	3
1139.0 	1.81935e-06 	6.4314e-11 	3
1140.0 	1.8126e-06 	6.42057e-11 	3
1141.0 	1.80583e-06 	6.40995e-11 	3
1142.0 	1.79904e-06 	6.4e-11 	3
1143.0 	1.79226e-06 	6.39044e-11 	3
1144.0 	1.78548e-06 	6.38129e-11 	3
1145.0 	1.77868e-06 	6.37259e-11 	3
1146.0 	1.77187e-06 	6.36423e-11 	3
1147.0 	1.76505e-06 	6.3562e-11 	3
1148.0 	1.75822e-06 	6.34848e-11 	3
1149.0 	1.75138e-06 	6.3411e-11 	3
1150.0 	1.74456e-06 	6.33399e-11 	3
1151.0 	1.73767e-06 	6.32712e-11 	3
1152.0 	1.73094e-06 	6.32077e-11 	3
1153.0 	1.72403e-06 	6.31514e-11 	3
1154.0 	1.71731e-06 	6.30989e-11 	3
1155.0 	1.71039e-06 	6.30539e-11 	3
1156.0 	1.70366e-06 	6.30114e-11 	3
1157.0 	1.69674e-06 	6.29738e-11 	3
1158.0 	1.68997e-06 	6.29381e-11 	3
1159.0 	1.6832e-06 	6.29067e-11 	3
1160.0 	1.67642e-06 	6.28793e-11 	3
1161.0 	1.66964e-06 	6.28558e-11 	3
1162.0 	1.66292e-06 	6.28361e-11 	3
1163.0 	1.65619e-06 	6.28212e-11 	3
1164.0 	1.6495e-06 	6.28114e-11 	3
1165.0 	1.64283e-06 	6.28078e-11 	3
1166.0 	1.63617e-06 	6.28108e-11 	3
1167.0 	1.62952e-06 	6.28161e-11 	3
1168.0 	1.6229e-06 	6.28243e-11 	3
1169.0 	1.61629e-06 	6.28357e-11 	3
1170.0 	1.60969e-06 	6.28476e-11 	3
1171.0 	1.60313e-06 	6.28611e-11 	3
1172.0 	1.59659e-06 	6.28752e-11 	3
1173.0 	1.59005e-06 	6.28923e-11 	3
1174.0 	1.58354e-06 	6.29086e-11 	3
1175.0 	1.57705e-06 	6.29245e-11 	3
1176.0 	1.57058e-06 	6.29407e-11 	3
1177.0 	1.56413e-06 	6.2956e-11 	3
1178.0 	1.55768e-06 	6.29725e-11 	3
1179.0 	1.55127e-06 	6.29896e-11 	3
1180.0 	1.54489e-06 	6.30072e-11 	3
1181.0 	1.53853e-06 	6.30237e-11 	3
1182.0 	1.53218e-06 	6.30394e-11 	3
1183.0 	1.52585e-06 	6.30534e-11 	3
1184.0 	1.51954e-06 	6.30656e-11 	3
1185.0 	1.51327e-06 	6.30759e-11 	3
1186.0 	1.50702e-06 	6.30833e-11 	3
1187.0 	1.50079e-06 	6.30885e-11 	3
1188.0 	1.4946e-06 	6.30916e-11 	3
1189.0 	1.48842e-06 	6.30922e-11 	3
1190.0 	1.48226e-06 	6.30907e-11 	3
1191.0 	1.47613e-06 	6.30855e-11 	3
1192.0 	1.47006e-06 	6.30785e-11 	3
1193.0 	1.46401e-06 	6.30685e-11 	3
1194.0 	1.45798e-06 	6.30543e-11 	3
1195.0 	1.45199e-06 	6.30368e-11 	3
1196.0 	1.44602e-06 	6.30153e-11 	3
1197.0 	1.44008e-06 	6.29903e-11 	3
1198.0 	1.43417e-06 	6.29615e-11 	3
1199.0 	1.4283e-06 	6.2929e-11 	3
1200.0 	1.42244e-06 	6.28914e-11 	3
1201.0 	1.41665e-06 	6.28507e-11 	3
1202.0 	1.41083e-06 	6.28055e-11 	3
1203.0 	1.40506e-06 	6.27554e-11 	3
1204.0 	1.39936e-06 	6.27007e-11 	3
1205.0 	1.39366e-06 	6.26405e-11 	3
1206.0 	1.38798e-06 	6.25745e-11 	3
1207.0 	1.38234e-06 	6.25019e-11 	3
1208.0 	1.37672e-06 	6.24262e-11 	3
1209.0 	1.37112e-06 	6.23448e-11 	3
1210.0 	1.36558e-06 	6.22559e-11 	3
1211.0 	1.36006e-06 	6.2162e-11 	3
1212.0 	1.35457e-06 	6.20643e-11 	3
1213.0 	1.34911e-06 	6.19615e-11 	3
1214.0 	1.34368e-06 	6.18548e-11 	3
1215.0 	1.33829e-06 	6.17454e-11 	3
1216.0 	1.33293e-06 	6.16339e-11 	3
1217.0 	1.3276e-06 	6.15169e-11 	3
1218.0 	1.32231e-06 	6.13936e-11 	3
1219.0 	1.31704e-06 	6.12661e-11 	3
1220.0 	1.31179e-06 	6.11362e-11 	3
1221.0 	1.30658e-06 	6.10016e-11 	3
1222.0 	1.3014e-06 	6.08618e-11 	3
1223.0 	1.29627e-06 	6.07185e-11 	3
1224.0 	1.29116e-06 	6.05722e-11 	3
1225.0 	1.2861e-06 	6.04222e-11 	3
