# time 	Initial 	Final 	Iterations
1.0 	0.0555532 	0.00189594 	3
2.0 	0.0213088 	0.000729202 	2
3.0 	0.0133874 	0.000445766 	1
4.0 	0.00978234 	0.000458394 	1
5.0 	0.00743893 	0.000215962 	2
6.0 	0.00604188 	0.000185701 	2
7.0 	0.00519706 	0.000178385 	2
8.0 	0.00466815 	0.000167028 	2
9.0 	0.00433037 	0.000157723 	2
10.0 	0.00407897 	0.000156266 	2
11.0 	0.00389809 	0.000153769 	2
12.0 	0.00371927 	0.000151633 	2
13.0 	0.00352413 	0.000149961 	2
14.0 	0.00338619 	0.000148598 	2
15.0 	0.00328329 	0.000148101 	2
16.0 	0.0031669 	0.000148439 	2
17.0 	0.00307933 	0.000149091 	2
18.0 	0.00300081 	8.17499e-05 	3
19.0 	0.00294317 	8.46819e-05 	3
20.0 	0.00288886 	8.48316e-05 	3
21.0 	0.00282415 	8.62211e-05 	3
22.0 	0.00275951 	8.7775e-05 	3
23.0 	0.0026953 	8.9163e-05 	3
24.0 	0.00263894 	9.04771e-05 	3
25.0 	0.00258991 	9.17466e-05 	3
26.0 	0.00254551 	9.29652e-05 	3
27.0 	0.00251212 	9.40942e-05 	3
28.0 	0.0024812 	9.52229e-05 	3
29.0 	0.00244895 	9.62572e-05 	3
30.0 	0.0024215 	9.7276e-05 	3
31.0 	0.00239516 	9.83759e-05 	3
32.0 	0.00237682 	9.9676e-05 	3
33.0 	0.00235218 	0.000103257 	3
34.0 	0.00232949 	0.00010364 	3
35.0 	0.00230552 	0.00010473 	3
36.0 	0.00227886 	0.000105844 	3
37.0 	0.00225972 	0.000106672 	3
38.0 	0.0022534 	0.00010719 	3
39.0 	0.00224484 	0.000107359 	3
40.0 	0.00223859 	0.000107142 	3
41.0 	0.00223449 	0.000107028 	3
42.0 	0.00223492 	0.000105704 	3
43.0 	0.00222718 	0.00010635 	3
44.0 	0.00222679 	0.000106681 	3
45.0 	0.00222456 	0.000106556 	3
46.0 	0.00222464 	0.000106112 	3
47.0 	0.00222848 	0.000105184 	3
48.0 	0.00222712 	0.000105299 	3
49.0 	0.0022296 	0.000105869 	3
50.0 	0.00223341 	0.000102111 	3
51.0 	0.00222607 	0.000102493 	3
52.0 	0.0022267 	0.000101348 	3
53.0 	0.00221949 	0.00010079 	3
54.0 	0.00222436 	9.99259e-05 	3
55.0 	0.002222 	9.96653e-05 	3
56.0 	0.00222979 	9.8956e-05 	3
57.0 	0.00223946 	9.89935e-05 	3
58.0 	0.0022435 	9.90589e-05 	3
59.0 	0.00224767 	0.00010009 	3
60.0 	0.00224425 	9.95339e-05 	3
61.0 	0.00224236 	9.95896e-05 	3
62.0 	0.00224179 	9.96735e-05 	3
63.0 	0.00224294 	9.96904e-05 	3
64.0 	0.00224996 	9.99566e-05 	3
65.0 	0.00224791 	9.93563e-05 	3
66.0 	0.00224587 	9.98279e-05 	3
67.0 	0.00224343 	0.000100157 	3
68.0 	0.00224583 	0.000100567 	3
69.0 	0.00223965 	0.000100982 	3
70.0 	0.00223858 	0.000101412 	3
71.0 	0.00223495 	0.000101917 	3
72.0 	0.00223332 	0.000102474 	3
73.0 	0.00223709 	0.000103049 	3
74.0 	0.00222401 	0.000103924 	3
75.0 	0.00221963 	0.000105007 	3
76.0 	0.00222042 	0.000106151 	3
77.0 	0.0022077 	0.000107631 	3
78.0 	0.00219984 	0.000108472 	3
79.0 	0.00220202 	5.27976e-05 	4
80.0 	0.00219089 	5.31745e-05 	4
81.0 	0.00217856 	5.4051e-05 	4
82.0 	0.00217335 	5.47469e-05 	4
83.0 	0.0021622 	5.57076e-05 	4
84.0 	0.00214799 	5.64614e-05 	4
85.0 	0.00214011 	5.71351e-05 	4
86.0 	0.00213468 	5.77826e-05 	4
87.0 	0.00211956 	5.84644e-05 	4
88.0 	0.0021078 	5.88979e-05 	4
89.0 	0.00209674 	5.94941e-05 	4
90.0 	0.00208296 	5.98949e-05 	4
91.0 	0.00206882 	6.01842e-05 	4
92.0 	0.00205995 	6.04795e-05 	4
93.0 	0.00205245 	6.06916e-05 	4
94.0 	0.00203513 	6.08606e-05 	4
95.0 	0.00202183 	6.09708e-05 	4
96.0 	0.00200523 	6.10343e-05 	4
97.0 	0.00198679 	6.10799e-05 	4
98.0 	0.00196461 	6.26543e-05 	4
99.0 	0.00195151 	6.21117e-05 	4
100.0 	0.00193831 	6.22189e-05 	4
101.0 	0.00192452 	6.28751e-05 	4
102.0 	0.00190765 	6.34088e-05 	4
103.0 	0.00188843 	6.38872e-05 	4
104.0 	0.00187215 	6.4377e-05 	4
105.0 	0.00186064 	6.48524e-05 	4
106.0 	0.001848 	6.47371e-05 	4
107.0 	0.00183484 	6.5147e-05 	4
108.0 	0.00182612 	6.55073e-05 	4
109.0 	0.00181632 	6.57244e-05 	4
110.0 	0.00180226 	6.57997e-05 	4
111.0 	0.00179141 	6.57642e-05 	4
112.0 	0.0017819 	6.56608e-05 	4
113.0 	0.00177168 	6.53555e-05 	4
114.0 	0.0017588 	6.51112e-05 	4
115.0 	0.00175095 	6.475e-05 	4
116.0 	0.00174152 	6.43709e-05 	4
117.0 	0.00173115 	6.40042e-05 	4
118.0 	0.00171816 	6.36396e-05 	4
119.0 	0.001709 	6.33242e-05 	4
120.0 	0.00170123 	6.30304e-05 	4
121.0 	0.0016926 	6.26735e-05 	4
122.0 	0.00168433 	6.44956e-05 	4
123.0 	0.00167578 	6.38987e-05 	4
124.0 	0.00167179 	6.34088e-05 	4
125.0 	0.00166822 	6.29329e-05 	4
126.0 	0.00166498 	6.2546e-05 	4
127.0 	0.001659 	5.36737e-05 	4
128.0 	0.00164904 	5.30464e-05 	4
129.0 	0.00164693 	5.26146e-05 	4
130.0 	0.00164318 	5.98736e-05 	4
131.0 	0.00164167 	6.10783e-05 	4
132.0 	0.00164069 	6.20449e-05 	4
133.0 	0.0016404 	6.29986e-05 	4
134.0 	0.00163866 	6.4029e-05 	4
135.0 	0.00163699 	6.5171e-05 	4
136.0 	0.00163647 	6.63774e-05 	4
137.0 	0.00163723 	6.76081e-05 	4
138.0 	0.0016393 	6.88528e-05 	4
139.0 	0.00163963 	7.01471e-05 	4
140.0 	0.00163719 	7.08842e-05 	4
141.0 	0.00163365 	7.20393e-05 	4
142.0 	0.00163128 	7.32444e-05 	4
143.0 	0.0016295 	7.50416e-05 	4
144.0 	0.00163129 	7.60023e-05 	4
145.0 	0.00163557 	7.68594e-05 	4
146.0 	0.00163778 	7.76938e-05 	4
147.0 	0.00163861 	7.85007e-05 	4
148.0 	0.00163691 	7.92468e-05 	4
149.0 	0.00163203 	7.99318e-05 	4
150.0 	0.00163047 	8.03035e-05 	4
151.0 	0.00162959 	8.09334e-05 	4
152.0 	0.00162859 	8.13934e-05 	4
153.0 	0.00162324 	4.31399e-05 	5
154.0 	0.00161874 	4.30693e-05 	5
155.0 	0.001618 	4.3286e-05 	5
156.0 	0.00161676 	4.34149e-05 	5
157.0 	0.00161296 	4.35619e-05 	5
158.0 	0.00160806 	4.36328e-05 	5
159.0 	0.00160612 	4.36782e-05 	5
160.0 	0.00160178 	4.38716e-05 	5
161.0 	0.00159642 	4.37157e-05 	5
162.0 	0.00159066 	4.35224e-05 	5
163.0 	0.00158221 	4.35718e-05 	5
164.0 	0.00157556 	4.34622e-05 	5
165.0 	0.00156925 	4.32805e-05 	5
166.0 	0.00156646 	4.3087e-05 	5
167.0 	0.00156305 	4.28511e-05 	5
168.0 	0.00155578 	4.26108e-05 	5
169.0 	0.00154738 	4.2346e-05 	5
170.0 	0.00154004 	4.20641e-05 	5
171.0 	0.00153325 	4.17642e-05 	5
172.0 	0.00152618 	4.14375e-05 	5
173.0 	0.00151974 	4.11094e-05 	5
174.0 	0.00151276 	4.07321e-05 	5
175.0 	0.0015066 	4.03408e-05 	5
176.0 	0.00149926 	3.99407e-05 	5
177.0 	0.00148954 	3.95535e-05 	5
178.0 	0.00147974 	3.91331e-05 	5
179.0 	0.00147042 	3.89876e-05 	5
180.0 	0.00146272 	3.85772e-05 	5
181.0 	0.00145717 	7.23384e-05 	4
182.0 	0.00145391 	7.18302e-05 	4
183.0 	0.00144569 	7.11602e-05 	4
184.0 	0.00143966 	7.04199e-05 	4
185.0 	0.00143458 	6.97045e-05 	4
186.0 	0.00143004 	6.89994e-05 	4
187.0 	0.00142667 	6.82845e-05 	4
188.0 	0.00142165 	6.75861e-05 	4
189.0 	0.00141591 	6.69342e-05 	4
190.0 	0.0014107 	6.60381e-05 	4
191.0 	0.00140557 	6.54569e-05 	4
192.0 	0.0013989 	6.49328e-05 	4
193.0 	0.00139415 	6.44561e-05 	4
194.0 	0.00138919 	6.40286e-05 	4
195.0 	0.00138512 	6.36544e-05 	4
196.0 	0.0013818 	6.33068e-05 	4
197.0 	0.00137592 	6.29704e-05 	4
198.0 	0.00136989 	6.26809e-05 	4
199.0 	0.00136259 	6.23965e-05 	4
200.0 	0.00135494 	6.21167e-05 	4
201.0 	0.00134882 	6.18444e-05 	4
202.0 	0.00134313 	6.17443e-05 	4
203.0 	0.00133504 	6.15869e-05 	4
204.0 	0.00132649 	6.1334e-05 	4
205.0 	0.00131991 	6.10852e-05 	4
206.0 	0.00131141 	6.08309e-05 	4
207.0 	0.00130314 	6.05718e-05 	4
208.0 	0.0012978 	6.03219e-05 	4
209.0 	0.00129193 	6.00082e-05 	4
210.0 	0.00128705 	5.97517e-05 	4
211.0 	0.00127948 	5.94992e-05 	4
212.0 	0.00127393 	5.92555e-05 	4
213.0 	0.00126753 	5.90014e-05 	4
214.0 	0.00126108 	5.87295e-05 	4
215.0 	0.00125337 	5.8448e-05 	4
216.0 	0.00124583 	5.81366e-05 	4
217.0 	0.00123888 	5.78068e-05 	4
218.0 	0.00123373 	5.7463e-05 	4
219.0 	0.00122819 	5.70964e-05 	4
220.0 	0.00122096 	5.67408e-05 	4
221.0 	0.00121359 	5.63816e-05 	4
222.0 	0.00120706 	5.60247e-05 	4
223.0 	0.00119877 	5.61535e-05 	4
224.0 	0.00118987 	5.57303e-05 	4
225.0 	0.00118422 	5.52792e-05 	4
226.0 	0.00117728 	5.48329e-05 	4
227.0 	0.00117076 	4.25146e-05 	4
228.0 	0.00116157 	4.26341e-05 	4
229.0 	0.00115635 	4.28827e-05 	4
230.0 	0.00115152 	4.31847e-05 	4
231.0 	0.00114394 	4.34598e-05 	4
232.0 	0.00113489 	4.37207e-05 	4
233.0 	0.00112895 	4.58129e-05 	4
234.0 	0.00112406 	4.58231e-05 	4
235.0 	0.00111981 	4.588e-05 	4
236.0 	0.00111544 	4.59516e-05 	4
237.0 	0.00111038 	4.59726e-05 	4
238.0 	0.0011012 	4.59712e-05 	4
239.0 	0.00109504 	4.59638e-05 	4
240.0 	0.00108696 	4.59302e-05 	4
241.0 	0.00107403 	4.58816e-05 	4
242.0 	0.00106081 	4.58495e-05 	4
243.0 	0.00105176 	4.57829e-05 	4
244.0 	0.00104509 	4.56874e-05 	4
245.0 	0.00103818 	4.55431e-05 	4
246.0 	0.00103135 	3.78985e-05 	4
247.0 	0.0010206 	3.57816e-05 	4
248.0 	0.00101642 	3.55709e-05 	4
249.0 	0.00100954 	3.51927e-05 	4
250.0 	0.000998199 	3.43057e-05 	4
251.0 	0.000988017 	3.7503e-05 	4
252.0 	0.000978791 	3.91519e-05 	4
253.0 	0.000970407 	4.06398e-05 	4
254.0 	0.000955977 	4.19354e-05 	4
255.0 	0.000938652 	4.42883e-05 	4
256.0 	0.000925592 	4.52133e-05 	4
257.0 	0.000910726 	2.4673e-05 	5
258.0 	0.000900024 	2.43219e-05 	5
259.0 	0.000887082 	2.51621e-05 	5
260.0 	0.000875811 	2.60578e-05 	5
261.0 	0.000866941 	2.6802e-05 	5
262.0 	0.000858904 	2.74093e-05 	5
263.0 	0.000849552 	2.79627e-05 	5
264.0 	0.000839977 	2.84775e-05 	5
265.0 	0.000832824 	2.89266e-05 	5
266.0 	0.000825452 	2.90783e-05 	5
267.0 	0.000816661 	2.93758e-05 	5
268.0 	0.000809703 	2.96281e-05 	5
269.0 	0.000803515 	2.97951e-05 	5
270.0 	0.000797054 	2.98734e-05 	5
271.0 	0.000790649 	2.9905e-05 	5
272.0 	0.000784004 	2.99013e-05 	5
273.0 	0.00077369 	2.98351e-05 	5
274.0 	0.000763429 	2.97328e-05 	5
275.0 	0.000756454 	2.96167e-05 	5
276.0 	0.000750165 	2.95019e-05 	5
277.0 	0.000744004 	2.93765e-05 	5
278.0 	0.000737711 	2.92277e-05 	5
279.0 	0.000732087 	2.90792e-05 	5
280.0 	0.000726106 	2.89083e-05 	5
281.0 	0.00072019 	2.87155e-05 	5
282.0 	0.000713418 	2.8509e-05 	5
283.0 	0.000706665 	3.05784e-05 	5
284.0 	0.000702378 	2.29853e-05 	5
285.0 	0.000700099 	2.32573e-05 	5
286.0 	0.000696064 	2.31109e-05 	5
287.0 	0.000691094 	2.2641e-05 	5
288.0 	0.000688418 	2.27374e-05 	5
289.0 	0.000685154 	2.23172e-05 	5
290.0 	0.000681337 	2.21673e-05 	5
291.0 	0.00067753 	2.19769e-05 	5
292.0 	0.000674393 	2.17809e-05 	5
293.0 	0.000671115 	2.15917e-05 	5
294.0 	0.000668077 	2.14017e-05 	5
295.0 	0.000664598 	2.12123e-05 	5
296.0 	0.000661439 	2.1023e-05 	5
297.0 	0.000656473 	2.08141e-05 	5
298.0 	0.000651979 	2.06097e-05 	5
299.0 	0.00064851 	2.04186e-05 	5
300.0 	0.000645166 	2.02351e-05 	5
301.0 	0.000642084 	2.00591e-05 	5
302.0 	0.000638347 	1.98798e-05 	5
303.0 	0.000633724 	1.96995e-05 	5
304.0 	0.000630139 	1.95103e-05 	5
305.0 	0.000627404 	1.93945e-05 	5
306.0 	0.000624909 	1.94718e-05 	5
307.0 	0.000623248 	1.93024e-05 	5
308.0 	0.000621795 	1.91522e-05 	5
309.0 	0.000620159 	2.32196e-05 	5
310.0 	0.000617968 	1.87391e-05 	5
311.0 	0.000616608 	2.29094e-05 	5
312.0 	0.000614181 	1.84736e-05 	5
313.0 	0.000611866 	2.2602e-05 	5
314.0 	0.000608626 	2.25657e-05 	5
315.0 	0.000606784 	2.24384e-05 	5
316.0 	0.00060435 	2.22837e-05 	5
317.0 	0.000602054 	2.21297e-05 	5
318.0 	0.00059996 	2.19814e-05 	5
319.0 	0.000599095 	2.18403e-05 	5
320.0 	0.000598092 	2.16998e-05 	5
321.0 	0.000596683 	2.15503e-05 	5
322.0 	0.000595085 	2.13994e-05 	5
323.0 	0.000593527 	2.12346e-05 	5
324.0 	0.000591421 	2.10721e-05 	5
325.0 	0.000589454 	2.09096e-05 	5
326.0 	0.00058871 	2.07484e-05 	5
327.0 	0.000588494 	2.05864e-05 	5
328.0 	0.000587696 	2.04218e-05 	5
329.0 	0.000586337 	2.0249e-05 	5
330.0 	0.000585801 	2.00697e-05 	5
331.0 	0.000585319 	1.98846e-05 	5
332.0 	0.000584853 	1.96962e-05 	5
333.0 	0.000584221 	1.95018e-05 	5
334.0 	0.000583517 	1.93038e-05 	5
335.0 	0.000582592 	1.91067e-05 	5
336.0 	0.000580502 	1.89022e-05 	5
337.0 	0.000579627 	1.86364e-05 	5
338.0 	0.000577491 	1.83547e-05 	5
339.0 	0.000575938 	1.81509e-05 	5
340.0 	0.000572426 	1.79511e-05 	5
341.0 	0.000568734 	1.7752e-05 	5
342.0 	0.000566147 	1.75466e-05 	5
343.0 	0.000563961 	1.73374e-05 	5
344.0 	0.000562089 	1.71284e-05 	5
345.0 	0.000560713 	1.69247e-05 	5
346.0 	0.000559289 	1.67301e-05 	5
347.0 	0.000557436 	1.65542e-05 	5
348.0 	0.000555641 	1.63776e-05 	5
349.0 	0.000554752 	1.61923e-05 	5
350.0 	0.000553504 	1.63116e-05 	5
351.0 	0.000553007 	2.75604e-05 	4
352.0 	0.000553001 	2.76416e-05 	4
353.0 	0.000552386 	2.7445e-05 	4
354.0 	0.000551042 	2.67957e-05 	4
355.0 	0.000550011 	2.7005e-05 	4
356.0 	0.000548646 	2.66055e-05 	4
357.0 	0.000547677 	2.63158e-05 	4
358.0 	0.000547087 	2.60558e-05 	4
359.0 	0.00054604 	2.58108e-05 	4
360.0 	0.000544212 	2.55648e-05 	4
361.0 	0.000543482 	2.53171e-05 	4
362.0 	0.000542799 	2.50706e-05 	4
363.0 	0.000542198 	2.48315e-05 	4
364.0 	0.000541088 	2.45981e-05 	4
365.0 	0.000540035 	2.42713e-05 	4
366.0 	0.000539134 	2.40395e-05 	4
367.0 	0.000538094 	2.38326e-05 	4
368.0 	0.00053691 	2.36126e-05 	4
369.0 	0.000534334 	2.34257e-05 	4
370.0 	0.000532628 	2.32453e-05 	4
371.0 	0.000532341 	2.3301e-05 	4
372.0 	0.000530573 	2.30229e-05 	4
373.0 	0.000527723 	2.28033e-05 	4
374.0 	0.000526746 	2.26032e-05 	4
375.0 	0.000525974 	2.24099e-05 	4
376.0 	0.000524981 	2.2244e-05 	4
377.0 	0.000523564 	2.20527e-05 	4
378.0 	0.000521584 	2.18376e-05 	4
379.0 	0.000519645 	2.1646e-05 	4
380.0 	0.00051805 	2.14691e-05 	4
381.0 	0.000516254 	2.12775e-05 	4
382.0 	0.000514783 	2.10897e-05 	4
383.0 	0.00051296 	2.08148e-05 	4
384.0 	0.000510782 	2.03425e-05 	4
385.0 	0.000508686 	2.01185e-05 	4
386.0 	0.000506843 	1.99095e-05 	4
387.0 	0.000504542 	1.97016e-05 	4
388.0 	0.00050134 	1.94971e-05 	4
389.0 	0.000498013 	1.93027e-05 	4
390.0 	0.000496454 	1.91186e-05 	4
391.0 	0.000494898 	1.89416e-05 	4
392.0 	0.000492907 	1.8771e-05 	4
393.0 	0.000490102 	1.86149e-05 	4
394.0 	0.000486503 	1.84907e-05 	4
395.0 	0.000483896 	1.83772e-05 	4
396.0 	0.000481614 	1.82654e-05 	4
397.0 	0.00047941 	1.81506e-05 	4
398.0 	0.000477105 	1.80369e-05 	4
399.0 	0.000474489 	1.79269e-05 	4
400.0 	0.000471741 	1.78225e-05 	4
401.0 	0.000468446 	1.77286e-05 	4
402.0 	0.000465094 	1.76444e-05 	4
403.0 	0.000461442 	1.75598e-05 	4
404.0 	0.00045771 	1.74763e-05 	4
405.0 	0.0004545 	1.74139e-05 	4
406.0 	0.000451377 	1.73057e-05 	4
407.0 	0.00044902 	1.72642e-05 	4
408.0 	0.000446836 	1.72052e-05 	4
409.0 	0.000443823 	1.74055e-05 	4
410.0 	0.000440552 	1.74336e-05 	4
411.0 	0.000436746 	1.73061e-05 	4
412.0 	0.000433647 	1.72066e-05 	4
413.0 	0.000430947 	1.71592e-05 	4
414.0 	0.000427912 	1.71268e-05 	4
415.0 	0.000424881 	1.70934e-05 	4
416.0 	0.000421743 	1.70571e-05 	4
417.0 	0.000418847 	1.70256e-05 	4
418.0 	0.00041598 	1.69997e-05 	4
419.0 	0.000413249 	1.68887e-05 	4
420.0 	0.000410715 	1.68014e-05 	4
421.0 	0.000407427 	1.68176e-05 	4
422.0 	0.000405067 	1.68258e-05 	4
423.0 	0.000402897 	1.68121e-05 	4
424.0 	0.000400562 	1.6796e-05 	4
425.0 	0.000397953 	1.67839e-05 	4
426.0 	0.000394642 	1.67756e-05 	4
427.0 	0.000391281 	1.67515e-05 	4
428.0 	0.000388694 	1.67277e-05 	4
429.0 	0.000386938 	1.67064e-05 	4
430.0 	0.000385166 	1.66864e-05 	4
431.0 	0.000383578 	1.66664e-05 	4
432.0 	0.000381792 	1.6645e-05 	4
433.0 	0.000380159 	1.66227e-05 	4
434.0 	0.000378561 	1.65991e-05 	4
435.0 	0.000377713 	1.65692e-05 	4
436.0 	0.000376883 	1.65348e-05 	4
437.0 	0.000375763 	1.64979e-05 	4
438.0 	0.000374727 	1.6458e-05 	4
439.0 	0.000374868 	1.64145e-05 	4
440.0 	0.000375345 	1.6371e-05 	4
441.0 	0.000375564 	1.63259e-05 	4
442.0 	0.000375225 	1.62782e-05 	4
443.0 	0.000374909 	1.62184e-05 	4
444.0 	0.000375242 	1.61661e-05 	4
445.0 	0.00037555 	1.61156e-05 	4
446.0 	0.000375198 	1.60507e-05 	4
447.0 	0.000374437 	1.59765e-05 	4
448.0 	0.000373683 	1.59077e-05 	4
449.0 	0.000373398 	1.58478e-05 	4
450.0 	0.000373154 	1.57884e-05 	4
451.0 	0.000371944 	1.57263e-05 	4
452.0 	0.000370567 	1.56644e-05 	4
453.0 	0.000369267 	1.5605e-05 	4
454.0 	0.000368148 	1.55442e-05 	4
455.0 	0.000367348 	1.54843e-05 	4
456.0 	0.000366802 	1.54284e-05 	4
457.0 	0.000366686 	1.53725e-05 	4
458.0 	0.000366599 	1.5316e-05 	4
459.0 	0.000366499 	1.52587e-05 	4
460.0 	0.000366072 	1.52e-05 	4
461.0 	0.000365565 	1.51404e-05 	4
462.0 	0.00036454 	1.51593e-05 	4
463.0 	0.000363599 	1.50823e-05 	4
464.0 	0.000362824 	1.50033e-05 	4
465.0 	0.00036209 	1.49351e-05 	4
466.0 	0.000360884 	1.48719e-05 	4
467.0 	0.000359643 	1.4814e-05 	4
468.0 	0.000358688 	1.47443e-05 	4
469.0 	0.000358228 	1.46805e-05 	4
470.0 	0.000357678 	1.46186e-05 	4
471.0 	0.000357001 	1.45614e-05 	4
472.0 	0.000355931 	1.45017e-05 	4
473.0 	0.000355129 	1.44295e-05 	4
474.0 	0.000354245 	1.43601e-05 	4
475.0 	0.000353016 	1.42895e-05 	4
476.0 	0.000352032 	1.42213e-05 	4
477.0 	0.000351207 	1.416e-05 	4
478.0 	0.000349813 	1.40942e-05 	4
479.0 	0.000348248 	1.40253e-05 	4
480.0 	0.000345913 	1.39516e-05 	4
481.0 	0.000343714 	1.38751e-05 	4
482.0 	0.00034306 	1.38005e-05 	4
483.0 	0.000342547 	1.37239e-05 	4
484.0 	0.000341885 	1.36467e-05 	4
485.0 	0.000341447 	1.357e-05 	4
486.0 	0.0003406 	1.3491e-05 	4
487.0 	0.000339574 	1.341e-05 	4
488.0 	0.000338423 	1.33264e-05 	4
489.0 	0.00033727 	1.32412e-05 	4
490.0 	0.000335705 	1.31523e-05 	4
491.0 	0.000333997 	1.30617e-05 	4
492.0 	0.00033175 	1.2968e-05 	4
493.0 	0.000329625 	1.28749e-05 	4
494.0 	0.000326446 	1.27808e-05 	4
495.0 	0.000323367 	1.26877e-05 	4
496.0 	0.000320227 	1.2589e-05 	4
497.0 	0.000317224 	1.24864e-05 	4
498.0 	0.00031499 	1.23825e-05 	4
499.0 	0.000313171 	1.2276e-05 	4
500.0 	0.000311716 	1.22738e-05 	4
501.0 	0.000310301 	1.21467e-05 	4
502.0 	0.000308833 	1.20017e-05 	4
503.0 	0.00030727 	1.1887e-05 	4
504.0 	0.000305655 	1.17798e-05 	4
505.0 	0.000303969 	1.16621e-05 	4
506.0 	0.000301599 	1.15407e-05 	4
507.0 	0.000299476 	1.14154e-05 	4
508.0 	0.00029753 	1.12856e-05 	4
509.0 	0.000295678 	1.1151e-05 	4
510.0 	0.000293763 	1.14638e-05 	4
511.0 	0.00029099 	1.4097e-05 	3
512.0 	0.000288734 	1.40271e-05 	3
513.0 	0.000286804 	1.39228e-05 	3
514.0 	0.000284983 	1.38353e-05 	3
515.0 	0.000283053 	1.37574e-05 	3
516.0 	0.000280838 	1.36815e-05 	3
517.0 	0.000278813 	1.36015e-05 	3
518.0 	0.000276642 	1.35233e-05 	3
519.0 	0.000274126 	1.34259e-05 	3
520.0 	0.000271788 	1.33455e-05 	3
521.0 	0.000269698 	1.32673e-05 	3
522.0 	0.000267761 	1.31904e-05 	3
523.0 	0.000265688 	1.31156e-05 	3
524.0 	0.000263594 	1.30408e-05 	3
525.0 	0.000261515 	1.29682e-05 	3
526.0 	0.000259433 	1.28953e-05 	3
527.0 	0.000256912 	1.2825e-05 	3
528.0 	0.000254525 	7.97728e-06 	4
529.0 	0.000252597 	1.2501e-05 	3
530.0 	0.000249954 	7.89464e-06 	4
531.0 	0.00024864 	1.23929e-05 	3
532.0 	0.000246721 	7.75635e-06 	4
533.0 	0.000244817 	7.6719e-06 	4
534.0 	0.000242993 	7.63948e-06 	4
535.0 	0.000240847 	7.90729e-06 	4
536.0 	0.000237813 	1.0758e-05 	3
537.0 	0.000235252 	1.06583e-05 	3
538.0 	0.000233404 	1.05024e-05 	3
539.0 	0.000231061 	1.04369e-05 	3
540.0 	0.000228647 	1.06232e-05 	3
541.0 	0.000226495 	1.06762e-05 	3
542.0 	0.000224418 	1.06527e-05 	3
543.0 	0.000223264 	1.04719e-05 	3
544.0 	0.000220927 	1.06133e-05 	3
545.0 	0.000218834 	1.07592e-05 	3
546.0 	0.000216528 	6.81846e-06 	4
547.0 	0.00021388 	6.8704e-06 	4
548.0 	0.000211369 	7.13064e-06 	4
549.0 	0.000209253 	7.2279e-06 	4
550.0 	0.000207112 	7.32165e-06 	4
551.0 	0.000204935 	7.37931e-06 	4
552.0 	0.000202937 	7.44349e-06 	4
553.0 	0.000201036 	7.51222e-06 	4
554.0 	0.000199155 	7.57679e-06 	4
555.0 	0.000197216 	7.6284e-06 	4
556.0 	0.000195311 	7.66873e-06 	4
557.0 	0.000193391 	7.77473e-06 	4
558.0 	0.000191519 	7.80822e-06 	4
559.0 	0.00018971 	7.81515e-06 	4
560.0 	0.00018791 	7.81853e-06 	4
561.0 	0.000186098 	7.82697e-06 	4
562.0 	0.000184431 	7.83315e-06 	4
563.0 	0.000182822 	7.83087e-06 	4
564.0 	0.000181242 	7.82098e-06 	4
565.0 	0.000179593 	7.80678e-06 	4
566.0 	0.000178172 	7.78878e-06 	4
567.0 	0.000176989 	7.76837e-06 	4
568.0 	0.000175893 	7.74669e-06 	4
569.0 	0.000174349 	7.71805e-06 	4
570.0 	0.000172658 	7.68557e-06 	4
571.0 	0.000170689 	7.65005e-06 	4
572.0 	0.000168573 	7.61132e-06 	4
573.0 	0.000166826 	7.56971e-06 	4
574.0 	0.000165038 	7.52424e-06 	4
575.0 	0.000163388 	7.47723e-06 	4
576.0 	0.000162116 	7.28369e-06 	4
577.0 	0.000159968 	7.38643e-06 	4
578.0 	0.000159103 	7.22266e-06 	4
579.0 	0.000157449 	7.17275e-06 	4
580.0 	0.00015602 	7.13826e-06 	4
581.0 	0.000154678 	7.10557e-06 	4
582.0 	0.000153331 	7.06402e-06 	4
583.0 	0.000152023 	7.01653e-06 	4
584.0 	0.000150861 	6.94617e-06 	4
585.0 	0.000149668 	6.91846e-06 	4
586.0 	0.000148243 	6.93481e-06 	4
587.0 	0.000146904 	6.87888e-06 	4
588.0 	0.000145565 	6.81966e-06 	4
589.0 	0.000144228 	6.76721e-06 	4
590.0 	0.000143043 	6.72203e-06 	4
591.0 	0.000141997 	6.67599e-06 	4
592.0 	0.000140932 	6.62648e-06 	4
593.0 	0.000139868 	6.58037e-06 	4
594.0 	0.00013879 	6.53226e-06 	4
595.0 	0.000137745 	6.48495e-06 	4
596.0 	0.000136742 	6.43842e-06 	4
597.0 	0.000135743 	6.39231e-06 	4
598.0 	0.000134736 	6.34676e-06 	4
599.0 	0.000133705 	6.30307e-06 	4
600.0 	0.000132701 	6.28538e-06 	4
601.0 	0.000131748 	6.23976e-06 	4
602.0 	0.000130885 	6.19665e-06 	4
603.0 	0.000129836 	6.15476e-06 	4
604.0 	0.000128879 	6.11145e-06 	4
605.0 	0.000128021 	6.07402e-06 	4
606.0 	0.000127333 	6.03747e-06 	4
607.0 	0.000126532 	5.99811e-06 	4
608.0 	0.000125789 	5.95961e-06 	4
609.0 	0.000125092 	5.92457e-06 	4
610.0 	0.000124251 	5.89161e-06 	4
611.0 	0.000123476 	5.86084e-06 	4
612.0 	0.000122746 	5.83199e-06 	4
613.0 	0.000122027 	5.80501e-06 	4
614.0 	0.00012115 	5.77775e-06 	4
615.0 	0.000120373 	5.75312e-06 	4
616.0 	0.000119558 	5.73176e-06 	4
617.0 	0.000118525 	5.71415e-06 	4
618.0 	0.000117651 	5.70053e-06 	4
619.0 	0.000116926 	5.6566e-06 	4
620.0 	0.000116306 	4.71028e-06 	4
621.0 	0.00011561 	4.72612e-06 	4
622.0 	0.000115038 	4.69521e-06 	4
623.0 	0.000114503 	4.67903e-06 	4
624.0 	0.000113966 	4.6672e-06 	4
625.0 	0.000113348 	4.65465e-06 	4
626.0 	0.000112691 	4.64183e-06 	4
627.0 	0.000112036 	4.62999e-06 	4
628.0 	0.000111391 	4.61892e-06 	4
629.0 	0.00011073 	4.60816e-06 	4
630.0 	0.00011014 	4.59779e-06 	4
631.0 	0.000109586 	4.58836e-06 	4
632.0 	0.000108809 	4.58063e-06 	4
633.0 	0.000108181 	4.57201e-06 	4
634.0 	0.000107615 	4.5628e-06 	4
635.0 	0.000107087 	4.5532e-06 	4
636.0 	0.000106583 	4.54305e-06 	4
637.0 	0.000106133 	3.32864e-06 	5
638.0 	0.000105576 	3.28774e-06 	5
639.0 	0.000105085 	3.28166e-06 	5
640.0 	0.000104594 	3.26514e-06 	5
641.0 	0.000104099 	3.24753e-06 	5
642.0 	0.000103423 	3.22882e-06 	5
643.0 	0.000102784 	3.21004e-06 	5
644.0 	0.000102207 	3.19163e-06 	5
645.0 	0.000101632 	3.17324e-06 	5
646.0 	0.000101067 	3.15479e-06 	5
647.0 	0.000100502 	3.13626e-06 	5
648.0 	9.99372e-05 	3.11764e-06 	5
649.0 	9.9336e-05 	3.09878e-06 	5
650.0 	9.86911e-05 	3.07867e-06 	5
651.0 	9.8261e-05 	3.05978e-06 	5
652.0 	9.78471e-05 	3.04058e-06 	5
653.0 	9.73743e-05 	3.02124e-06 	5
654.0 	9.66648e-05 	3.00114e-06 	5
655.0 	9.58759e-05 	2.98093e-06 	5
656.0 	9.517e-05 	2.96067e-06 	5
657.0 	9.46777e-05 	2.94005e-06 	5
658.0 	9.41621e-05 	2.91911e-06 	5
659.0 	9.36324e-05 	2.89842e-06 	5
660.0 	9.32127e-05 	2.87691e-06 	5
661.0 	9.27534e-05 	2.85451e-06 	5
662.0 	9.22644e-05 	2.83222e-06 	5
663.0 	9.17464e-05 	2.80956e-06 	5
664.0 	9.11677e-05 	2.78593e-06 	5
665.0 	9.0596e-05 	2.76271e-06 	5
666.0 	9.0024e-05 	2.73967e-06 	5
667.0 	8.94269e-05 	2.71638e-06 	5
668.0 	8.88174e-05 	2.69296e-06 	5
669.0 	8.82244e-05 	2.66934e-06 	5
670.0 	8.76286e-05 	2.64325e-06 	5
671.0 	8.70361e-05 	2.61973e-06 	5
672.0 	8.64467e-05 	2.59609e-06 	5
673.0 	8.58583e-05 	2.57321e-06 	5
674.0 	8.5265e-05 	2.55099e-06 	5
675.0 	8.46633e-05 	2.52884e-06 	5
676.0 	8.40597e-05 	2.50693e-06 	5
677.0 	8.3531e-05 	2.48507e-06 	5
678.0 	8.28428e-05 	2.4633e-06 	5
679.0 	8.22828e-05 	2.44193e-06 	5
680.0 	8.16476e-05 	2.42074e-06 	5
681.0 	8.10696e-05 	2.39922e-06 	5
682.0 	8.05373e-05 	4.01878e-06 	4
683.0 	7.99715e-05 	2.40131e-06 	5
684.0 	7.92825e-05 	3.94856e-06 	4
685.0 	7.84541e-05 	2.35391e-06 	5
686.0 	7.74675e-05 	2.28086e-06 	5
687.0 	7.66597e-05 	2.27396e-06 	5
688.0 	7.60528e-05 	2.24959e-06 	5
689.0 	7.54554e-05 	2.22957e-06 	5
690.0 	7.48016e-05 	2.19894e-06 	5
691.0 	7.40808e-05 	2.14481e-06 	5
692.0 	7.34309e-05 	2.12667e-06 	5
693.0 	7.28736e-05 	2.10719e-06 	5
694.0 	7.21911e-05 	2.08704e-06 	5
695.0 	7.15647e-05 	2.06688e-06 	5
696.0 	7.10319e-05 	2.0465e-06 	5
697.0 	7.02757e-05 	2.02635e-06 	5
698.0 	6.95274e-05 	2.00632e-06 	5
699.0 	6.89678e-05 	1.98609e-06 	5
700.0 	6.84642e-05 	1.96575e-06 	5
701.0 	6.79744e-05 	1.94516e-06 	5
702.0 	6.74913e-05 	1.92518e-06 	5
703.0 	6.6983e-05 	1.92712e-06 	5
704.0 	6.64619e-05 	1.90958e-06 	5
705.0 	6.60132e-05 	1.88546e-06 	5
706.0 	6.55696e-05 	1.86394e-06 	5
707.0 	6.51282e-05 	3.25574e-06 	4
708.0 	6.46715e-05 	3.20739e-06 	4
709.0 	6.4246e-05 	3.20606e-06 	4
710.0 	6.37874e-05 	3.16367e-06 	4
711.0 	6.33275e-05 	3.13497e-06 	4
712.0 	6.28861e-05 	3.0962e-06 	4
713.0 	6.25264e-05 	3.06921e-06 	4
714.0 	6.21773e-05 	3.0376e-06 	4
715.0 	6.18135e-05 	3.00658e-06 	4
716.0 	6.14472e-05 	2.97576e-06 	4
717.0 	6.1085e-05 	2.94499e-06 	4
718.0 	6.07376e-05 	2.91432e-06 	4
719.0 	6.03928e-05 	2.88382e-06 	4
720.0 	6.00732e-05 	2.85371e-06 	4
721.0 	5.98061e-05 	2.82338e-06 	4
722.0 	5.95215e-05 	2.79258e-06 	4
723.0 	5.92297e-05 	2.76257e-06 	4
724.0 	5.89523e-05 	2.73259e-06 	4
725.0 	5.86726e-05 	2.703e-06 	4
726.0 	5.84182e-05 	2.67355e-06 	4
727.0 	5.81443e-05 	2.6445e-06 	4
728.0 	5.7894e-05 	2.61562e-06 	4
729.0 	5.76602e-05 	2.58622e-06 	4
730.0 	5.74542e-05 	2.55675e-06 	4
731.0 	5.72495e-05 	2.5274e-06 	4
732.0 	5.70538e-05 	2.49821e-06 	4
733.0 	5.68806e-05 	2.46928e-06 	4
734.0 	5.67218e-05 	2.44046e-06 	4
735.0 	5.65356e-05 	2.41204e-06 	4
736.0 	5.63925e-05 	2.38432e-06 	4
737.0 	5.63178e-05 	2.35728e-06 	4
738.0 	5.6301e-05 	2.33046e-06 	4
739.0 	5.63236e-05 	2.30366e-06 	4
740.0 	5.63584e-05 	1.8066e-06 	4
741.0 	5.64667e-05 	2.27383e-06 	4
742.0 	5.63212e-05 	1.76704e-06 	4
743.0 	5.63358e-05 	1.72786e-06 	4
744.0 	5.62494e-05 	1.70584e-06 	4
745.0 	5.62003e-05 	1.6841e-06 	4
746.0 	5.62009e-05 	1.66064e-06 	4
747.0 	5.6222e-05 	1.64415e-06 	4
748.0 	5.62491e-05 	1.68438e-06 	4
749.0 	5.62759e-05 	1.72295e-06 	4
750.0 	5.62846e-05 	1.67058e-06 	4
751.0 	5.64065e-05 	1.66978e-06 	4
752.0 	5.64736e-05 	1.65911e-06 	4
753.0 	5.65408e-05 	1.65249e-06 	4
754.0 	5.66173e-05 	1.65053e-06 	4
755.0 	5.66891e-05 	1.6647e-06 	4
756.0 	5.67609e-05 	1.65655e-06 	4
757.0 	5.67857e-05 	1.65442e-06 	4
758.0 	5.68119e-05 	1.65406e-06 	4
759.0 	5.68454e-05 	1.654e-06 	4
760.0 	5.69021e-05 	1.72936e-06 	4
761.0 	5.70018e-05 	1.74195e-06 	4
762.0 	5.70363e-05 	1.75957e-06 	4
763.0 	5.70605e-05 	1.77733e-06 	4
764.0 	5.71121e-05 	1.79245e-06 	4
765.0 	5.71769e-05 	1.80423e-06 	4
766.0 	5.72455e-05 	1.8149e-06 	4
767.0 	5.73115e-05 	1.82569e-06 	4
768.0 	5.73852e-05 	1.83601e-06 	4
769.0 	5.74071e-05 	1.8454e-06 	4
770.0 	5.74415e-05 	1.85407e-06 	4
771.0 	5.75029e-05 	1.86027e-06 	4
772.0 	5.75573e-05 	1.86903e-06 	4
773.0 	5.76079e-05 	1.87736e-06 	4
774.0 	5.7635e-05 	1.88508e-06 	4
775.0 	5.76562e-05 	1.89247e-06 	4
776.0 	5.76345e-05 	1.89966e-06 	4
777.0 	5.76881e-05 	1.97402e-06 	4
778.0 	5.77074e-05 	1.97673e-06 	4
779.0 	5.77962e-05 	1.97539e-06 	4
780.0 	5.78417e-05 	1.97255e-06 	4
781.0 	5.7889e-05 	1.96158e-06 	4
782.0 	5.78138e-05 	1.96134e-06 	4
783.0 	5.78351e-05 	1.96382e-06 	4
784.0 	5.78634e-05 	1.96335e-06 	4
785.0 	5.78654e-05 	1.95955e-06 	4
786.0 	5.78581e-05 	1.95507e-06 	4
787.0 	5.77642e-05 	1.95034e-06 	4
788.0 	5.75995e-05 	1.94568e-06 	4
789.0 	5.75255e-05 	1.9404e-06 	4
790.0 	5.74992e-05 	1.9347e-06 	4
791.0 	5.74793e-05 	1.92932e-06 	4
792.0 	5.7532e-05 	1.92351e-06 	4
793.0 	5.74658e-05 	1.91507e-06 	4
794.0 	5.72876e-05 	1.90839e-06 	4
795.0 	5.7246e-05 	1.4326e-06 	4
796.0 	5.72214e-05 	1.60687e-06 	4
797.0 	5.73599e-05 	1.55883e-06 	4
798.0 	5.73589e-05 	1.56658e-06 	4
799.0 	5.73423e-05 	1.58243e-06 	4
800.0 	5.73213e-05 	1.5993e-06 	4
801.0 	5.72793e-05 	1.61071e-06 	4
802.0 	5.72155e-05 	1.6195e-06 	4
803.0 	5.7138e-05 	1.63003e-06 	4
804.0 	5.70484e-05 	1.63995e-06 	4
805.0 	5.69548e-05 	1.65307e-06 	4
806.0 	5.6856e-05 	1.65817e-06 	4
807.0 	5.67566e-05 	1.67009e-06 	4
808.0 	5.66527e-05 	1.68285e-06 	4
809.0 	5.65233e-05 	1.7348e-06 	4
810.0 	5.6403e-05 	1.76047e-06 	4
811.0 	5.62943e-05 	1.75933e-06 	4
812.0 	5.61634e-05 	1.75913e-06 	4
813.0 	5.60349e-05 	1.76599e-06 	4
814.0 	5.59093e-05 	1.77676e-06 	4
815.0 	5.57858e-05 	1.78648e-06 	4
816.0 	5.56536e-05 	1.79437e-06 	4
817.0 	5.55142e-05 	1.80239e-06 	4
818.0 	5.53726e-05 	1.81106e-06 	4
819.0 	5.52288e-05 	1.81997e-06 	4
820.0 	5.50835e-05 	1.82877e-06 	4
821.0 	5.49373e-05 	1.83723e-06 	4
822.0 	5.47728e-05 	1.87093e-06 	4
823.0 	5.46393e-05 	1.87801e-06 	4
824.0 	5.4482e-05 	1.88177e-06 	4
825.0 	5.43013e-05 	1.88739e-06 	4
826.0 	5.41184e-05 	1.89565e-06 	4
827.0 	5.38823e-05 	1.90414e-06 	4
828.0 	5.36262e-05 	1.9113e-06 	4
829.0 	5.34183e-05 	1.91839e-06 	4
830.0 	5.33612e-05 	1.9256e-06 	4
831.0 	5.32746e-05 	1.93254e-06 	4
832.0 	5.31508e-05 	1.93905e-06 	4
833.0 	5.30353e-05 	1.88925e-06 	4
834.0 	5.28165e-05 	1.95355e-06 	4
835.0 	5.27146e-05 	1.91271e-06 	4
836.0 	5.24765e-05 	1.91585e-06 	4
837.0 	5.22931e-05 	1.92489e-06 	4
838.0 	5.20837e-05 	1.93406e-06 	4
839.0 	5.18652e-05 	1.94095e-06 	4
840.0 	5.16482e-05 	1.94511e-06 	4
841.0 	5.14605e-05 	1.94861e-06 	4
842.0 	5.12823e-05 	1.95239e-06 	4
843.0 	5.11111e-05 	1.95597e-06 	4
844.0 	5.09128e-05 	1.98531e-06 	4
845.0 	5.07138e-05 	1.97996e-06 	4
846.0 	5.04937e-05 	1.97616e-06 	4
847.0 	5.022e-05 	1.97501e-06 	4
848.0 	4.98879e-05 	1.97653e-06 	4
849.0 	4.96429e-05 	1.97729e-06 	4
850.0 	4.94515e-05 	1.97615e-06 	4
851.0 	4.92358e-05 	1.97499e-06 	4
852.0 	4.89853e-05 	1.97358e-06 	4
853.0 	4.87481e-05 	1.97227e-06 	4
854.0 	4.85372e-05 	1.97018e-06 	4
855.0 	4.83409e-05 	1.96782e-06 	4
856.0 	4.81425e-05 	1.96578e-06 	4
857.0 	4.78824e-05 	1.96375e-06 	4
858.0 	4.76761e-05 	1.96161e-06 	4
859.0 	4.75153e-05 	1.95926e-06 	4
860.0 	4.73533e-05 	1.95664e-06 	4
861.0 	4.71777e-05 	1.95377e-06 	4
862.0 	4.6995e-05 	1.95051e-06 	4
863.0 	4.68036e-05 	1.94693e-06 	4
864.0 	4.66114e-05 	1.9437e-06 	4
865.0 	4.64181e-05 	1.94142e-06 	4
866.0 	4.62205e-05 	1.93878e-06 	4
867.0 	4.60198e-05 	1.93687e-06 	4
868.0 	4.58177e-05 	1.93457e-06 	4
869.0 	4.56147e-05 	1.93246e-06 	4
870.0 	4.54009e-05 	1.94214e-06 	4
871.0 	4.51972e-05 	1.93513e-06 	4
872.0 	4.49839e-05 	1.93143e-06 	4
873.0 	4.47745e-05 	1.92865e-06 	4
874.0 	4.45758e-05 	1.92626e-06 	4
875.0 	4.43788e-05 	1.92368e-06 	4
876.0 	4.41765e-05 	1.92077e-06 	4
877.0 	4.39693e-05 	1.9177e-06 	4
878.0 	4.37616e-05 	1.91469e-06 	4
879.0 	4.3556e-05 	1.91152e-06 	4
880.0 	4.33441e-05 	1.90804e-06 	4
881.0 	4.31251e-05 	1.90449e-06 	4
882.0 	4.29193e-05 	1.90077e-06 	4
883.0 	4.27179e-05 	1.89694e-06 	4
884.0 	4.25171e-05 	1.89302e-06 	4
885.0 	4.23145e-05 	1.88909e-06 	4
886.0 	4.21089e-05 	1.88534e-06 	4
887.0 	4.19035e-05 	1.88175e-06 	4
888.0 	4.16976e-05 	1.87813e-06 	4
889.0 	4.1491e-05 	1.87444e-06 	4
890.0 	4.12846e-05 	1.87071e-06 	4
891.0 	4.11022e-05 	1.86135e-06 	4
892.0 	4.08729e-05 	1.86756e-06 	4
893.0 	4.06675e-05 	1.85562e-06 	4
894.0 	4.04558e-05 	1.86115e-06 	4
895.0 	4.02615e-05 	1.847e-06 	4
896.0 	4.00599e-05 	1.85389e-06 	4
897.0 	3.98655e-05 	1.83989e-06 	4
898.0 	3.96674e-05 	1.84717e-06 	4
899.0 	3.94674e-05 	1.83774e-06 	4
900.0 	3.92822e-05 	1.83322e-06 	4
901.0 	3.90945e-05 	1.83005e-06 	4
902.0 	3.89012e-05 	1.82435e-06 	4
903.0 	3.87091e-05 	1.81953e-06 	4
904.0 	3.85164e-05 	1.81421e-06 	4
905.0 	3.83239e-05 	1.80865e-06 	4
906.0 	3.81291e-05 	1.80291e-06 	4
907.0 	3.79337e-05 	1.7973e-06 	4
908.0 	3.77372e-05 	1.79134e-06 	4
909.0 	3.75637e-05 	1.79655e-06 	4
910.0 	3.73391e-05 	1.77748e-06 	4
911.0 	3.71523e-05 	1.77819e-06 	4
912.0 	3.69502e-05 	1.77189e-06 	4
913.0 	3.67409e-05 	1.76337e-06 	4
914.0 	3.65323e-05 	1.75408e-06 	4
915.0 	3.63237e-05 	1.74297e-06 	4
916.0 	3.61154e-05 	1.73476e-06 	4
917.0 	3.59037e-05 	1.7262e-06 	4
918.0 	3.56909e-05 	1.71786e-06 	4
919.0 	3.54764e-05 	1.70971e-06 	4
920.0 	3.52604e-05 	1.70659e-06 	4
921.0 	3.50181e-05 	1.69502e-06 	4
922.0 	3.47941e-05 	1.6863e-06 	4
923.0 	3.45695e-05 	1.67401e-06 	4
924.0 	3.43475e-05 	1.66601e-06 	4
925.0 	3.40382e-05 	1.65595e-06 	4
926.0 	3.38337e-05 	1.64711e-06 	4
927.0 	3.36472e-05 	1.6322e-06 	4
928.0 	3.34609e-05 	1.62765e-06 	4
929.0 	3.32661e-05 	1.61823e-06 	4
930.0 	3.30589e-05 	1.61e-06 	4
931.0 	3.28498e-05 	1.6228e-06 	4
932.0 	3.26336e-05 	1.6071e-06 	4
933.0 	3.24084e-05 	1.59921e-06 	4
934.0 	3.21848e-05 	1.59161e-06 	4
935.0 	3.19602e-05 	1.58393e-06 	4
936.0 	3.17355e-05 	1.57602e-06 	4
937.0 	3.15099e-05 	1.568e-06 	4
938.0 	3.12812e-05 	1.55974e-06 	4
939.0 	3.10532e-05 	1.55126e-06 	4
940.0 	3.08241e-05 	9.19807e-07 	5
941.0 	3.05857e-05 	1.52039e-06 	4
942.0 	3.03885e-05 	9.1219e-07 	5
943.0 	3.01416e-05 	1.50389e-06 	4
944.0 	2.99542e-05 	9.0075e-07 	5
945.0 	2.97053e-05 	8.80696e-07 	5
946.0 	2.94909e-05 	8.78006e-07 	5
947.0 	2.92865e-05 	8.73547e-07 	5
948.0 	2.90905e-05 	8.68275e-07 	5
949.0 	2.89318e-05 	8.62746e-07 	5
950.0 	2.87572e-05 	8.57173e-07 	5
951.0 	2.85915e-05 	8.51519e-07 	5
952.0 	2.8426e-05 	8.45721e-07 	5
953.0 	2.82542e-05 	8.39914e-07 	5
954.0 	2.80811e-05 	8.34064e-07 	5
955.0 	2.79087e-05 	8.28179e-07 	5
956.0 	2.77377e-05 	8.22328e-07 	5
957.0 	2.75416e-05 	8.16493e-07 	5
958.0 	2.73436e-05 	8.10626e-07 	5
959.0 	2.71723e-05 	8.12329e-07 	5
960.0 	2.69953e-05 	7.97697e-07 	5
961.0 	2.68411e-05 	8.02493e-07 	5
962.0 	2.66624e-05 	7.9653e-07 	5
963.0 	2.64807e-05 	7.89172e-07 	5
964.0 	2.62992e-05 	7.82509e-07 	5
965.0 	2.61172e-05 	7.76218e-07 	5
966.0 	2.59333e-05 	7.70059e-07 	5
967.0 	2.57473e-05 	7.63861e-07 	5
968.0 	2.5561e-05 	7.57577e-07 	5
969.0 	2.53749e-05 	7.51214e-07 	5
970.0 	2.51885e-05 	7.4478e-07 	5
971.0 	2.50185e-05 	7.38278e-07 	5
972.0 	2.48712e-05 	7.317e-07 	5
973.0 	2.47265e-05 	7.25056e-07 	5
974.0 	2.45713e-05 	7.18307e-07 	5
975.0 	2.44068e-05 	7.11492e-07 	5
976.0 	2.42342e-05 	7.04612e-07 	5
977.0 	2.40539e-05 	6.97669e-07 	5
978.0 	2.38617e-05 	6.90672e-07 	5
979.0 	2.36709e-05 	6.83613e-07 	5
980.0 	2.34825e-05 	1.17395e-06 	4
981.0 	2.33645e-05 	6.75062e-07 	5
982.0 	2.30906e-05 	1.15354e-06 	4
983.0 	2.29742e-05 	6.58959e-07 	5
984.0 	2.2709e-05 	1.13389e-06 	4
985.0 	2.25866e-05 	6.44367e-07 	5
986.0 	2.23231e-05 	1.11422e-06 	4
987.0 	2.21989e-05 	6.28919e-07 	5
988.0 	2.19377e-05 	1.09433e-06 	4
989.0 	2.18128e-05 	6.12831e-07 	5
990.0 	2.15533e-05 	1.07461e-06 	4
991.0 	2.14274e-05 	1.07117e-06 	4
992.0 	2.12256e-05 	1.05761e-06 	4
993.0 	2.10111e-05 	1.04782e-06 	4
994.0 	2.07939e-05 	1.03844e-06 	4
995.0 	2.05928e-05 	1.02869e-06 	4
996.0 	2.03966e-05 	1.01864e-06 	4
997.0 	2.02063e-05 	1.00851e-06 	4
998.0 	2.00195e-05 	9.98033e-07 	4
999.0 	1.98409e-05 	9.87695e-07 	4
1000.0 	1.96643e-05 	9.77131e-07 	4
1001.0 	1.94883e-05 	9.66592e-07 	4
1002.0 	1.93125e-05 	9.55579e-07 	4
1003.0 	1.91382e-05 	9.44933e-07 	4
1004.0 	1.89789e-05 	9.44971e-07 	4
1005.0 	1.8807e-05 	9.32593e-07 	4
1006.0 	1.86343e-05 	9.19687e-07 	4
1007.0 	1.84645e-05 	9.07553e-07 	4
1008.0 	1.82984e-05 	8.96067e-07 	4
1009.0 	1.81365e-05 	8.84471e-07 	4
1010.0 	1.79756e-05 	8.72508e-07 	4
1011.0 	1.7816e-05 	8.60235e-07 	4
1012.0 	1.76584e-05 	6.76396e-07 	4
1013.0 	1.74723e-05 	6.75793e-07 	4
1014.0 	1.73223e-05 	6.72186e-07 	4
1015.0 	1.71749e-05 	6.68603e-07 	4
1016.0 	1.70305e-05 	6.6766e-07 	4
1017.0 	1.68857e-05 	6.66674e-07 	4
1018.0 	1.67404e-05 	6.65106e-07 	4
1019.0 	1.65966e-05 	6.63405e-07 	4
1020.0 	1.64554e-05 	6.61938e-07 	4
1021.0 	1.63163e-05 	6.60649e-07 	4
1022.0 	1.61785e-05 	6.59455e-07 	4
1023.0 	1.60412e-05 	6.58189e-07 	4
1024.0 	1.59054e-05 	6.5693e-07 	4
1025.0 	1.57717e-05 	6.55693e-07 	4
1026.0 	1.56415e-05 	6.73775e-07 	4
1027.0 	1.549e-05 	6.67668e-07 	4
1028.0 	1.53685e-05 	6.65305e-07 	4
1029.0 	1.52548e-05 	6.62276e-07 	4
1030.0 	1.51408e-05 	6.59186e-07 	4
1031.0 	1.50286e-05 	6.56102e-07 	4
1032.0 	1.492e-05 	6.51961e-07 	4
1033.0 	1.48148e-05 	6.4984e-07 	4
1034.0 	1.4711e-05 	6.47018e-07 	4
1035.0 	1.46093e-05 	6.44171e-07 	4
1036.0 	1.45104e-05 	6.41517e-07 	4
1037.0 	1.44143e-05 	6.38951e-07 	4
1038.0 	1.43185e-05 	6.38326e-07 	4
1039.0 	1.42284e-05 	6.34673e-07 	4
1040.0 	1.41438e-05 	6.32569e-07 	4
1041.0 	1.40625e-05 	5.00841e-07 	4
1042.0 	1.39651e-05 	4.93947e-07 	4
1043.0 	1.38879e-05 	4.91374e-07 	4
1044.0 	1.38216e-05 	4.87688e-07 	4
1045.0 	1.37599e-05 	4.83998e-07 	4
1046.0 	1.3703e-05 	4.80655e-07 	4
1047.0 	1.36496e-05 	4.77653e-07 	4
1048.0 	1.35986e-05 	4.74946e-07 	4
1049.0 	1.35477e-05 	4.95674e-07 	4
1050.0 	1.35035e-05 	5.01046e-07 	4
1051.0 	1.34704e-05 	5.07691e-07 	4
1052.0 	1.34353e-05 	5.10816e-07 	4
1053.0 	1.34043e-05 	5.14078e-07 	4
1054.0 	1.33775e-05 	5.18181e-07 	4
1055.0 	1.33527e-05 	5.22332e-07 	4
1056.0 	1.33309e-05 	5.26042e-07 	4
1057.0 	1.33167e-05 	5.47716e-07 	4
1058.0 	1.32966e-05 	5.47349e-07 	4
1059.0 	1.32741e-05 	5.46928e-07 	4
1060.0 	1.32555e-05 	5.47962e-07 	4
1061.0 	1.32411e-05 	5.50787e-07 	4
1062.0 	1.3229e-05 	5.53594e-07 	4
1063.0 	1.32161e-05 	5.55678e-07 	4
1064.0 	1.32031e-05 	5.57481e-07 	4
1065.0 	1.31903e-05 	5.59419e-07 	4
1066.0 	1.31773e-05 	5.61423e-07 	4
1067.0 	1.31636e-05 	5.6334e-07 	4
1068.0 	1.31493e-05 	5.65085e-07 	4
1069.0 	1.31352e-05 	5.66749e-07 	4
1070.0 	1.31213e-05 	5.68338e-07 	4
1071.0 	1.31074e-05 	5.69938e-07 	4
1072.0 	1.30931e-05 	5.71505e-07 	4
1073.0 	1.30827e-05 	5.7304e-07 	4
1074.0 	1.30693e-05 	5.74554e-07 	4
1075.0 	1.30503e-05 	5.76054e-07 	4
1076.0 	1.30309e-05 	5.77524e-07 	4
1077.0 	1.30129e-05 	5.7894e-07 	4
1078.0 	1.29957e-05 	5.80329e-07 	4
1079.0 	1.29799e-05 	5.81693e-07 	4
1080.0 	1.29649e-05 	5.83027e-07 	4
1081.0 	1.29502e-05 	5.84327e-07 	4
1082.0 	1.29355e-05 	5.85601e-07 	4
1083.0 	1.29213e-05 	5.8687e-07 	4
1084.0 	1.29066e-05 	5.88131e-07 	4
1085.0 	1.28922e-05 	5.89384e-07 	4
1086.0 	1.28777e-05 	5.90631e-07 	4
1087.0 	1.28639e-05 	5.92032e-07 	4
1088.0 	1.28506e-05 	5.93272e-07 	4
1089.0 	1.2838e-05 	5.9453e-07 	4
1090.0 	1.28259e-05 	5.95784e-07 	4
1091.0 	1.28138e-05 	5.97033e-07 	4
1092.0 	1.28023e-05 	5.98286e-07 	4
1093.0 	1.27908e-05 	5.9956e-07 	4
1094.0 	1.27795e-05 	6.00851e-07 	4
1095.0 	1.27688e-05 	6.02177e-07 	4
1096.0 	1.27582e-05 	6.03508e-07 	4
1097.0 	1.27475e-05 	6.04843e-07 	4
1098.0 	1.27352e-05 	6.0619e-07 	4
1099.0 	1.27253e-05 	6.07547e-07 	4
1100.0 	1.27152e-05 	6.08611e-07 	4
1101.0 	1.27045e-05 	6.10002e-07 	4
1102.0 	1.26936e-05 	6.11468e-07 	4
1103.0 	1.26824e-05 	6.1285e-07 	4
1104.0 	1.26707e-05 	6.14399e-07 	4
1105.0 	1.26582e-05 	6.15751e-07 	4
1106.0 	1.26458e-05 	6.17093e-07 	4
1107.0 	1.26334e-05 	6.18389e-07 	4
1108.0 	1.262e-05 	6.19687e-07 	4
1109.0 	1.26064e-05 	6.20977e-07 	4
1110.0 	1.25936e-05 	6.22228e-07 	4
1111.0 	1.25804e-05 	6.23457e-07 	4
1112.0 	1.2567e-05 	6.24696e-07 	4
1113.0 	1.25536e-05 	6.25892e-07 	4
1114.0 	1.25398e-05 	3.52354e-07 	5
1115.0 	1.25526e-05 	6.24147e-07 	4
1116.0 	1.25095e-05 	3.53586e-07 	5
1117.0 	1.25137e-05 	3.52024e-07 	5
1118.0 	1.24956e-05 	3.51402e-07 	5
1119.0 	1.2474e-05 	3.52482e-07 	5
1120.0 	1.24524e-05 	3.53306e-07 	5
1121.0 	1.24323e-05 	3.54051e-07 	5
1122.0 	1.24135e-05 	3.54786e-07 	5
1123.0 	1.2394e-05 	3.5547e-07 	5
1124.0 	1.23731e-05 	3.56108e-07 	5
1125.0 	1.23507e-05 	3.56745e-07 	5
1126.0 	1.23272e-05 	3.57386e-07 	5
1127.0 	1.23025e-05 	3.57986e-07 	5
1128.0 	1.22773e-05 	3.58582e-07 	5
1129.0 	1.22512e-05 	3.59164e-07 	5
1130.0 	1.22241e-05 	3.59726e-07 	5
1131.0 	1.2196e-05 	3.60259e-07 	5
1132.0 	1.21669e-05 	3.60808e-07 	5
1133.0 	1.21372e-05 	3.61337e-07 	5
1134.0 	1.21069e-05 	3.61848e-07 	5
1135.0 	1.20757e-05 	3.6234e-07 	5
1136.0 	1.20438e-05 	3.62808e-07 	5
1137.0 	1.20115e-05 	3.6325e-07 	5
1138.0 	1.19786e-05 	3.63669e-07 	5
1139.0 	1.19453e-05 	3.64064e-07 	5
1140.0 	1.19118e-05 	3.64441e-07 	5
1141.0 	1.18773e-05 	3.64768e-07 	5
1142.0 	1.18424e-05 	3.65101e-07 	5
1143.0 	1.18065e-05 	3.65405e-07 	5
1144.0 	1.17696e-05 	3.65687e-07 	5
1145.0 	1.17322e-05 	3.65957e-07 	5
1146.0 	1.16947e-05 	3.66205e-07 	5
1147.0 	1.16565e-05 	3.66418e-07 	5
1148.0 	1.16175e-05 	3.66596e-07 	5
1149.0 	1.15776e-05 	3.66823e-07 	5
1150.0 	1.15371e-05 	3.66924e-07 	5
1151.0 	1.15041e-05 	3.59123e-07 	5
1152.0 	1.14469e-05 	3.68442e-07 	5
1153.0 	1.14231e-05 	3.60908e-07 	5
1154.0 	1.13667e-05 	3.69216e-07 	5
1155.0 	1.13385e-05 	3.60444e-07 	5
1156.0 	1.12803e-05 	3.68527e-07 	5
1157.0 	1.12527e-05 	3.60229e-07 	5
1158.0 	1.12013e-05 	3.60804e-07 	5
1159.0 	1.11555e-05 	3.61413e-07 	5
1160.0 	1.11134e-05 	3.61836e-07 	5
1161.0 	1.10698e-05 	3.61458e-07 	5
1162.0 	1.10247e-05 	3.60759e-07 	5
1163.0 	1.09782e-05 	3.60242e-07 	5
1164.0 	1.09341e-05 	3.59861e-07 	5
1165.0 	1.08907e-05 	3.59404e-07 	5
1166.0 	1.08464e-05 	3.58804e-07 	5
1167.0 	1.08021e-05 	3.58141e-07 	5
1168.0 	1.07577e-05 	3.57455e-07 	5
1169.0 	1.0714e-05 	3.56726e-07 	5
1170.0 	1.06704e-05 	3.5593e-07 	5
1171.0 	1.06274e-05 	3.55077e-07 	5
1172.0 	1.0585e-05 	3.54176e-07 	5
1173.0 	1.05437e-05 	3.53245e-07 	5
1174.0 	1.05031e-05 	3.52267e-07 	5
1175.0 	1.04627e-05 	3.51233e-07 	5
1176.0 	1.04225e-05 	3.50148e-07 	5
1177.0 	1.03824e-05 	3.49013e-07 	5
1178.0 	1.03433e-05 	3.47835e-07 	5
1179.0 	1.03046e-05 	3.46726e-07 	5
1180.0 	1.02667e-05 	3.45466e-07 	5
1181.0 	1.02297e-05 	3.44156e-07 	5
1182.0 	1.0193e-05 	3.4281e-07 	5
1183.0 	1.01566e-05 	3.4144e-07 	5
1184.0 	1.012e-05 	3.40019e-07 	5
1185.0 	1.00834e-05 	3.38474e-07 	5
1186.0 	1.00467e-05 	3.37018e-07 	5
1187.0 	1.00104e-05 	3.35431e-07 	5
1188.0 	9.97392e-06 	3.3381e-07 	5
1189.0 	9.93785e-06 	3.3215e-07 	5
1190.0 	9.90202e-06 	3.30453e-07 	5
1191.0 	9.86586e-06 	3.28713e-07 	5
1192.0 	9.83018e-06 	3.26931e-07 	5
1193.0 	9.79479e-06 	3.25121e-07 	5
1194.0 	9.75959e-06 	3.23296e-07 	5
1195.0 	9.7114e-06 	3.21418e-07 	5
1196.0 	9.65661e-06 	3.19497e-07 	5
1197.0 	9.60798e-06 	3.17569e-07 	5
1198.0 	9.56277e-06 	3.15622e-07 	5
1199.0 	9.51982e-06 	3.13649e-07 	5
1200.0 	9.47871e-06 	3.1166e-07 	5
1201.0 	9.43396e-06 	3.14489e-07 	5
1202.0 	9.40183e-06 	3.11363e-07 	5
1203.0 	9.36351e-06 	3.08363e-07 	5
1204.0 	9.32589e-06 	3.05794e-07 	5
1205.0 	9.29113e-06 	3.03778e-07 	5
1206.0 	9.25531e-06 	3.0177e-07 	5
1207.0 	9.21995e-06 	2.99548e-07 	5
1208.0 	9.18427e-06 	2.97241e-07 	5
1209.0 	9.14965e-06 	2.94982e-07 	5
1210.0 	9.11518e-06 	2.92749e-07 	5
1211.0 	9.0807e-06 	2.90487e-07 	5
1212.0 	9.04628e-06 	2.88172e-07 	5
1213.0 	9.01277e-06 	2.85832e-07 	5
1214.0 	8.97877e-06 	2.83472e-07 	5
1215.0 	8.94545e-06 	2.81106e-07 	5
1216.0 	8.91283e-06 	2.78722e-07 	5
1217.0 	8.88069e-06 	2.76316e-07 	5
1218.0 	8.84882e-06 	2.73892e-07 	5
1219.0 	8.81669e-06 	2.71454e-07 	5
1220.0 	8.78467e-06 	2.69008e-07 	5
1221.0 	8.75228e-06 	2.66551e-07 	5
1222.0 	8.71934e-06 	2.64079e-07 	5
1223.0 	8.68649e-06 	2.61599e-07 	5
1224.0 	8.65389e-06 	2.59025e-07 	5
1225.0 	8.62184e-06 	2.56529e-07 	5
