# time 	Initial 	Final 	Iterations
1.0 	0.00797631 	0.000274504 	3
2.0 	0.0028151 	0.000123053 	3
3.0 	0.0011816 	4.67082e-05 	3
4.0 	0.000931427 	4.03666e-05 	4
5.0 	0.00063592 	1.65058e-05 	4
6.0 	0.000547931 	2.36277e-05 	3
7.0 	0.000500285 	2.21573e-05 	3
8.0 	0.000455836 	1.48562e-05 	4
9.0 	0.000420162 	1.58956e-05 	4
10.0 	0.000407509 	1.51616e-05 	4
11.0 	0.000394788 	1.41975e-05 	4
12.0 	0.000380782 	1.44112e-05 	4
13.0 	0.000367641 	1.50511e-05 	4
14.0 	0.000360139 	1.54053e-05 	4
15.0 	0.00035627 	1.55695e-05 	4
16.0 	0.000349521 	1.58375e-05 	4
17.0 	0.000344458 	1.62831e-05 	4
18.0 	0.000304286 	9.81553e-06 	4
19.0 	0.000304747 	8.71789e-06 	4
20.0 	0.000302898 	8.10077e-06 	4
21.0 	0.000302747 	8.13316e-06 	4
22.0 	0.000303847 	8.23363e-06 	4
23.0 	0.0003054 	8.16662e-06 	4
24.0 	0.000307121 	8.01249e-06 	4
25.0 	0.000309495 	8.87818e-06 	4
26.0 	0.000312131 	8.85019e-06 	4
27.0 	0.000314896 	8.78872e-06 	4
28.0 	0.000318928 	8.74631e-06 	4
29.0 	0.000322759 	8.72576e-06 	4
30.0 	0.000327005 	8.74743e-06 	4
31.0 	0.000331187 	8.24613e-06 	4
32.0 	0.000336104 	1.26887e-05 	4
33.0 	0.000343805 	1.32087e-05 	4
34.0 	0.000349151 	1.31324e-05 	4
35.0 	0.000355397 	1.33546e-05 	4
36.0 	0.000361791 	1.35397e-05 	4
37.0 	0.000367588 	1.36557e-05 	4
38.0 	0.000372902 	1.37659e-05 	4
39.0 	0.000377519 	1.3878e-05 	4
40.0 	0.000381451 	1.39563e-05 	4
41.0 	0.000384678 	1.28424e-05 	4
42.0 	0.000387015 	1.23023e-05 	4
43.0 	0.000389323 	1.24386e-05 	4
44.0 	0.00039062 	1.25242e-05 	4
45.0 	0.000392029 	1.25415e-05 	4
46.0 	0.000393809 	1.16058e-05 	4
47.0 	0.000397241 	1.33299e-05 	4
48.0 	0.000400941 	1.53564e-05 	4
49.0 	0.000404065 	1.17147e-05 	4
50.0 	0.00040352 	1.29756e-05 	4
51.0 	0.000405171 	1.16417e-05 	4
52.0 	0.000404944 	1.30323e-05 	4
53.0 	0.000404867 	1.15537e-05 	4
54.0 	0.000403824 	1.27559e-05 	4
55.0 	0.0004033 	1.21594e-05 	4
56.0 	0.000402055 	1.20727e-05 	4
57.0 	0.000401491 	1.21678e-05 	4
58.0 	0.000400128 	1.42489e-05 	4
59.0 	0.000399911 	1.42747e-05 	4
60.0 	0.000398633 	1.41524e-05 	4
61.0 	0.000398034 	1.40699e-05 	4
62.0 	0.000397573 	1.21682e-05 	4
63.0 	0.000395975 	1.20765e-05 	4
64.0 	0.000394451 	1.15579e-05 	4
65.0 	0.000392661 	1.16217e-05 	4
66.0 	0.000391334 	1.15927e-05 	4
67.0 	0.000390599 	1.15505e-05 	4
68.0 	0.000389166 	1.1502e-05 	4
69.0 	0.00038766 	1.14272e-05 	4
70.0 	0.000386484 	1.13587e-05 	4
71.0 	0.000384909 	1.12994e-05 	4
72.0 	0.000383106 	1.12588e-05 	4
73.0 	0.000381098 	1.12335e-05 	4
74.0 	0.000379139 	1.12096e-05 	4
75.0 	0.000377192 	1.118e-05 	4
76.0 	0.000375772 	1.11668e-05 	4
77.0 	0.000374861 	1.15159e-05 	4
78.0 	0.000376294 	1.36318e-05 	4
79.0 	0.000340656 	1.05238e-05 	4
80.0 	0.000336412 	1.06414e-05 	4
81.0 	0.000335015 	1.02246e-05 	4
82.0 	0.000332956 	1.01867e-05 	4
83.0 	0.000330953 	1.02144e-05 	4
84.0 	0.0003295 	1.02059e-05 	4
85.0 	0.000328178 	1.01746e-05 	4
86.0 	0.000325109 	1.05217e-05 	4
87.0 	0.000325172 	1.01537e-05 	4
88.0 	0.000325864 	1.02758e-05 	4
89.0 	0.000325811 	1.04108e-05 	4
90.0 	0.000325894 	1.0476e-05 	4
91.0 	0.000326429 	1.05358e-05 	4
92.0 	0.000327207 	1.0654e-05 	4
93.0 	0.000328468 	1.07432e-05 	4
94.0 	0.000329483 	1.08698e-05 	4
95.0 	0.00033075 	1.10268e-05 	4
96.0 	0.000332257 	1.11771e-05 	4
97.0 	0.000334069 	1.13505e-05 	4
98.0 	0.000333574 	1.19693e-05 	4
99.0 	0.000334543 	1.14391e-05 	4
100.0 	0.000337301 	1.15916e-05 	4
101.0 	0.000339995 	1.17985e-05 	4
102.0 	0.000342266 	1.19792e-05 	4
103.0 	0.000344443 	1.21411e-05 	4
104.0 	0.000346786 	1.2302e-05 	4
105.0 	0.000349027 	1.24641e-05 	4
106.0 	0.000351275 	1.2577e-05 	4
107.0 	0.000353573 	1.2751e-05 	4
108.0 	0.000355474 	1.29222e-05 	4
109.0 	0.000356874 	1.30759e-05 	4
110.0 	0.000358005 	1.32205e-05 	4
111.0 	0.000358841 	1.33524e-05 	4
112.0 	0.000359624 	1.34781e-05 	4
113.0 	0.000360093 	1.35824e-05 	4
114.0 	0.000360535 	1.36802e-05 	4
115.0 	0.00036068 	1.37631e-05 	4
116.0 	0.000360522 	1.38302e-05 	4
117.0 	0.000360082 	1.38803e-05 	4
118.0 	0.000359572 	1.39178e-05 	4
119.0 	0.000359122 	1.39373e-05 	4
120.0 	0.000358523 	1.39394e-05 	4
121.0 	0.000357676 	1.39224e-05 	4
122.0 	0.000359711 	1.3161e-05 	4
123.0 	0.000358643 	1.31781e-05 	4
124.0 	0.000357124 	1.32525e-05 	4
125.0 	0.000355567 	1.3298e-05 	4
126.0 	0.000353981 	1.33355e-05 	4
127.0 	0.000349736 	1.22155e-05 	4
128.0 	0.00034883 	1.16902e-05 	4
129.0 	0.000346635 	1.16408e-05 	4
130.0 	0.000345711 	1.21076e-05 	4
131.0 	0.000344666 	1.19032e-05 	4
132.0 	0.000343596 	1.16742e-05 	4
133.0 	0.000342227 	1.14578e-05 	4
134.0 	0.000340833 	1.12551e-05 	4
135.0 	0.000339552 	1.10645e-05 	4
136.0 	0.000338025 	1.08945e-05 	4
137.0 	0.000336667 	1.07428e-05 	4
138.0 	0.000335439 	1.0612e-05 	4
139.0 	0.000334062 	1.17571e-05 	4
140.0 	0.000331783 	1.15359e-05 	4
141.0 	0.000330301 	1.12887e-05 	4
142.0 	0.000328809 	1.17152e-05 	4
143.0 	0.000327883 	1.16464e-05 	4
144.0 	0.000326057 	1.15305e-05 	4
145.0 	0.000324297 	1.14e-05 	4
146.0 	0.000322593 	1.12711e-05 	4
147.0 	0.000321043 	1.11537e-05 	4
148.0 	0.000319381 	1.10437e-05 	4
149.0 	0.000317444 	1.09328e-05 	4
150.0 	0.00031514 	1.07821e-05 	4
151.0 	0.000313131 	1.06603e-05 	4
152.0 	0.000311253 	1.05263e-05 	4
153.0 	0.000291284 	9.2827e-06 	4
154.0 	0.000289633 	9.19395e-06 	4
155.0 	0.000287763 	9.01394e-06 	4
156.0 	0.000285777 	8.79702e-06 	4
157.0 	0.000283769 	8.61928e-06 	4
158.0 	0.000281918 	8.80582e-06 	4
159.0 	0.000280284 	8.28218e-06 	4
160.0 	0.00027883 	8.23397e-06 	4
161.0 	0.000276519 	8.15888e-06 	4
162.0 	0.000274404 	8.15385e-06 	4
163.0 	0.000272766 	8.19908e-06 	4
164.0 	0.000270751 	8.24538e-06 	4
165.0 	0.000268762 	8.07396e-06 	4
166.0 	0.000267117 	8.1113e-06 	4
167.0 	0.000265372 	8.14997e-06 	4
168.0 	0.000263519 	8.19182e-06 	4
169.0 	0.000261472 	8.23441e-06 	4
170.0 	0.000259588 	8.27463e-06 	4
171.0 	0.000257827 	8.31219e-06 	4
172.0 	0.000256143 	8.34558e-06 	4
173.0 	0.000254486 	8.36721e-06 	4
174.0 	0.000252717 	8.38789e-06 	4
175.0 	0.000250965 	8.40053e-06 	4
176.0 	0.000249162 	8.40672e-06 	4
177.0 	0.000247171 	8.41267e-06 	4
178.0 	0.000245331 	8.08179e-06 	4
179.0 	0.000243846 	8.08134e-06 	4
180.0 	0.000242115 	8.08171e-06 	4
181.0 	0.000253889 	9.37527e-06 	4
182.0 	0.000251815 	9.42112e-06 	4
183.0 	0.000250464 	9.42253e-06 	4
184.0 	0.000249458 	9.41177e-06 	4
185.0 	0.000248539 	9.4113e-06 	4
186.0 	0.000247459 	9.41255e-06 	4
187.0 	0.000246437 	9.41481e-06 	4
188.0 	0.000245534 	9.41915e-06 	4
189.0 	0.000244741 	9.42779e-06 	4
190.0 	0.000243746 	9.39749e-06 	4
191.0 	0.000243197 	9.415e-06 	4
192.0 	0.000242644 	9.43786e-06 	4
193.0 	0.000242229 	9.46356e-06 	4
194.0 	0.000241859 	9.49386e-06 	4
195.0 	0.000241599 	9.52876e-06 	4
196.0 	0.000241407 	9.56536e-06 	4
197.0 	0.000241333 	9.60301e-06 	4
198.0 	0.000241281 	9.6427e-06 	4
199.0 	0.000241212 	9.68498e-06 	4
200.0 	0.00024113 	9.72969e-06 	4
201.0 	0.000241338 	8.30825e-06 	4
202.0 	0.000242026 	8.33184e-06 	4
203.0 	0.000242389 	8.37533e-06 	4
204.0 	0.000242928 	8.41164e-06 	4
205.0 	0.000243546 	8.44632e-06 	4
206.0 	0.000244043 	8.47822e-06 	4
207.0 	0.000244517 	8.50811e-06 	4
208.0 	0.000245161 	8.5396e-06 	4
209.0 	0.000245925 	8.5712e-06 	4
210.0 	0.000246664 	8.60799e-06 	4
211.0 	0.000247323 	8.64597e-06 	4
212.0 	0.000248164 	8.68071e-06 	4
213.0 	0.000248931 	8.71183e-06 	4
214.0 	0.000249662 	8.73978e-06 	4
215.0 	0.000250325 	8.76559e-06 	4
216.0 	0.000251039 	8.78569e-06 	4
217.0 	0.000251742 	8.80167e-06 	4
218.0 	0.000252505 	8.81512e-06 	4
219.0 	0.000253245 	8.82584e-06 	4
220.0 	0.000253947 	8.83518e-06 	4
221.0 	0.00025462 	8.84747e-06 	4
222.0 	0.000255204 	9.18204e-06 	4
223.0 	0.000256339 	9.28159e-06 	4
224.0 	0.000256768 	9.32367e-06 	4
225.0 	0.000257399 	9.3645e-06 	4
226.0 	0.000257913 	9.40555e-06 	4
227.0 	0.000250671 	8.80065e-06 	4
228.0 	0.000251936 	8.815e-06 	4
229.0 	0.000252976 	8.91199e-06 	4
230.0 	0.000254189 	9.0092e-06 	4
231.0 	0.00025549 	9.09478e-06 	4
232.0 	0.00025654 	9.16931e-06 	4
233.0 	0.000259558 	8.89421e-06 	4
234.0 	0.000260579 	8.96415e-06 	4
235.0 	0.000261094 	9.07628e-06 	4
236.0 	0.000261698 	9.19133e-06 	4
237.0 	0.000262397 	9.30597e-06 	4
238.0 	0.000262772 	9.41154e-06 	4
239.0 	0.000263137 	9.5169e-06 	4
240.0 	0.000263188 	9.62116e-06 	4
241.0 	0.000262809 	9.72368e-06 	4
242.0 	0.000262647 	9.82569e-06 	4
243.0 	0.000262643 	9.92097e-06 	4
244.0 	0.000262781 	1.00182e-05 	4
245.0 	0.000262716 	1.01124e-05 	4
246.0 	0.000257749 	9.34427e-06 	4
247.0 	0.000256595 	1.01683e-05 	4
248.0 	0.000257252 	9.34885e-06 	4
249.0 	0.000257649 	9.19116e-06 	4
250.0 	0.000256101 	9.10975e-06 	4
251.0 	0.000255675 	9.42449e-06 	4
252.0 	0.000256009 	9.42727e-06 	4
253.0 	0.000256117 	9.42107e-06 	4
254.0 	0.000255378 	1.02741e-05 	4
255.0 	0.000254517 	1.02227e-05 	4
256.0 	0.000253875 	1.02422e-05 	4
257.0 	0.000238495 	9.67025e-06 	4
258.0 	0.000236588 	9.67033e-06 	4
259.0 	0.000235327 	9.703e-06 	4
260.0 	0.000234522 	9.77252e-06 	4
261.0 	0.000233607 	9.83656e-06 	4
262.0 	0.000232239 	9.88505e-06 	4
263.0 	0.000230676 	9.90174e-06 	4
264.0 	0.00022932 	9.94882e-06 	4
265.0 	0.000228028 	9.14994e-06 	4
266.0 	0.000227059 	9.10914e-06 	4
267.0 	0.000225101 	9.0339e-06 	4
268.0 	0.000223446 	8.96128e-06 	4
269.0 	0.000221798 	8.87574e-06 	4
270.0 	0.000219929 	8.77554e-06 	4
271.0 	0.000217973 	8.66363e-06 	4
272.0 	0.000216038 	8.54644e-06 	4
273.0 	0.000213968 	8.41447e-06 	4
274.0 	0.000211932 	8.27607e-06 	4
275.0 	0.000209839 	8.13346e-06 	4
276.0 	0.00020771 	7.99275e-06 	4
277.0 	0.000205526 	7.84604e-06 	4
278.0 	0.000203269 	7.6972e-06 	4
279.0 	0.000200969 	7.54409e-06 	4
280.0 	0.000198627 	7.38759e-06 	4
281.0 	0.000196226 	7.22928e-06 	4
282.0 	0.000193659 	7.07084e-06 	4
283.0 	0.000193389 	6.72423e-06 	4
284.0 	0.000184915 	7.52635e-06 	4
285.0 	0.000182046 	7.42401e-06 	4
286.0 	0.00018033 	7.27777e-06 	4
287.0 	0.000177621 	7.08903e-06 	4
288.0 	0.000175385 	6.95189e-06 	4
289.0 	0.000172571 	6.71706e-06 	4
290.0 	0.000170388 	6.55124e-06 	4
291.0 	0.000167988 	6.38418e-06 	4
292.0 	0.000165509 	6.21018e-06 	4
293.0 	0.000163075 	6.03528e-06 	4
294.0 	0.000160686 	5.85559e-06 	4
295.0 	0.000158356 	5.67686e-06 	4
296.0 	0.000156034 	5.49867e-06 	4
297.0 	0.000153664 	5.31948e-06 	4
298.0 	0.000151306 	5.14302e-06 	4
299.0 	0.000149056 	4.96896e-06 	4
300.0 	0.000146834 	4.79792e-06 	4
301.0 	0.000144634 	4.62951e-06 	4
302.0 	0.000142453 	4.4603e-06 	4
303.0 	0.000140288 	4.26692e-06 	4
304.0 	0.000138187 	4.11506e-06 	4
305.0 	0.000136093 	4.61405e-06 	4
306.0 	0.000134486 	4.5401e-06 	4
307.0 	0.0001329 	4.44074e-06 	4
308.0 	0.000131036 	4.33777e-06 	4
309.0 	0.000131469 	4.71049e-06 	4
310.0 	0.000127657 	4.17988e-06 	4
311.0 	0.000128509 	4.53598e-06 	4
312.0 	0.000124956 	3.99632e-06 	4
313.0 	0.000125581 	4.38511e-06 	4
314.0 	0.000124208 	4.44326e-06 	4
315.0 	0.000123074 	4.38207e-06 	4
316.0 	0.000121861 	4.305e-06 	4
317.0 	0.00012064 	4.23325e-06 	4
318.0 	0.000119537 	4.16966e-06 	4
319.0 	0.000118562 	4.11112e-06 	4
320.0 	0.000117578 	4.05319e-06 	4
321.0 	0.00011658 	3.9946e-06 	4
322.0 	0.000115606 	3.93676e-06 	4
323.0 	0.000114596 	3.88011e-06 	4
324.0 	0.000113609 	3.8253e-06 	4
325.0 	0.000112646 	3.77015e-06 	4
326.0 	0.000111901 	3.71355e-06 	4
327.0 	0.000111041 	3.65666e-06 	4
328.0 	0.000109997 	3.60007e-06 	4
329.0 	0.000108923 	3.54463e-06 	4
330.0 	0.00010789 	3.48105e-06 	4
331.0 	0.000107171 	3.42273e-06 	4
332.0 	0.000106515 	3.36347e-06 	4
333.0 	0.000105843 	3.30505e-06 	4
334.0 	0.000105178 	3.24712e-06 	4
335.0 	0.000104511 	3.1943e-06 	4
336.0 	0.000103801 	4.84588e-06 	4
337.0 	0.000103771 	4.74831e-06 	4
338.0 	0.000103099 	4.64513e-06 	4
339.0 	0.000102468 	4.56259e-06 	4
340.0 	0.000101521 	4.48974e-06 	4
341.0 	0.000100701 	4.42219e-06 	4
342.0 	0.000100015 	4.35616e-06 	4
343.0 	9.94179e-05 	4.28602e-06 	4
344.0 	9.88355e-05 	4.21585e-06 	4
345.0 	9.82614e-05 	4.14832e-06 	4
346.0 	9.76692e-05 	4.08436e-06 	4
347.0 	9.70229e-05 	4.03183e-06 	4
348.0 	9.64426e-05 	3.9807e-06 	4
349.0 	9.58883e-05 	3.37701e-06 	4
350.0 	9.53939e-05 	3.93282e-06 	4
351.0 	0.000101431 	3.1001e-06 	4
352.0 	0.000101642 	3.02553e-06 	4
353.0 	0.000101071 	3.0899e-06 	4
354.0 	9.96979e-05 	3.29069e-06 	4
355.0 	9.9886e-05 	3.28276e-06 	4
356.0 	9.905e-05 	3.22463e-06 	4
357.0 	9.83361e-05 	3.17428e-06 	4
358.0 	9.77036e-05 	3.1267e-06 	4
359.0 	9.70611e-05 	3.08148e-06 	4
360.0 	9.64177e-05 	3.03564e-06 	4
361.0 	9.57637e-05 	2.98853e-06 	4
362.0 	9.51131e-05 	2.94126e-06 	4
363.0 	9.44586e-05 	2.8977e-06 	4
364.0 	9.37907e-05 	2.85354e-06 	4
365.0 	9.30994e-05 	2.78484e-06 	4
366.0 	9.24184e-05 	2.74269e-06 	4
367.0 	9.17627e-05 	2.70431e-06 	4
368.0 	9.10858e-05 	2.66201e-06 	4
369.0 	9.0383e-05 	2.62642e-06 	4
370.0 	8.97147e-05 	3.11448e-06 	4
371.0 	8.94328e-05 	3.12809e-06 	4
372.0 	8.85675e-05 	3.11516e-06 	4
373.0 	8.78073e-05 	3.10456e-06 	4
374.0 	8.71502e-05 	3.09316e-06 	4
375.0 	8.64874e-05 	3.08087e-06 	4
376.0 	8.58183e-05 	3.05932e-06 	4
377.0 	8.51065e-05 	3.08935e-06 	4
378.0 	8.44148e-05 	3.07544e-06 	4
379.0 	8.36594e-05 	3.03902e-06 	4
380.0 	8.3022e-05 	3.02481e-06 	4
381.0 	8.23288e-05 	3.00261e-06 	4
382.0 	8.16288e-05 	2.97986e-06 	4
383.0 	8.08983e-05 	2.95252e-06 	4
384.0 	8.00233e-05 	2.91269e-06 	4
385.0 	7.9321e-05 	2.88611e-06 	4
386.0 	7.86436e-05 	2.86098e-06 	4
387.0 	7.79624e-05 	2.83623e-06 	4
388.0 	7.72359e-05 	2.81184e-06 	4
389.0 	7.65183e-05 	2.7881e-06 	4
390.0 	7.5965e-05 	2.76459e-06 	4
391.0 	7.54077e-05 	2.74129e-06 	4
392.0 	7.48175e-05 	2.71829e-06 	4
393.0 	7.42177e-05 	2.69626e-06 	4
394.0 	7.36141e-05 	2.67423e-06 	4
395.0 	7.3025e-05 	2.65346e-06 	4
396.0 	7.24499e-05 	2.63362e-06 	4
397.0 	7.18754e-05 	2.61439e-06 	4
398.0 	7.1296e-05 	2.59557e-06 	4
399.0 	7.07156e-05 	2.57725e-06 	4
400.0 	7.01386e-05 	2.55939e-06 	4
401.0 	6.95848e-05 	2.54214e-06 	4
402.0 	6.90189e-05 	2.52552e-06 	4
403.0 	6.84403e-05 	2.50746e-06 	4
404.0 	6.7863e-05 	2.4893e-06 	4
405.0 	6.7323e-05 	2.47471e-06 	4
406.0 	6.67646e-05 	2.45793e-06 	4
407.0 	6.62779e-05 	2.44643e-06 	4
408.0 	6.57888e-05 	1.82443e-06 	4
409.0 	6.56022e-05 	1.83583e-06 	4
410.0 	6.52323e-05 	1.83334e-06 	4
411.0 	6.46433e-05 	1.82202e-06 	4
412.0 	6.41129e-05 	1.81265e-06 	4
413.0 	6.36263e-05 	1.80627e-06 	4
414.0 	6.31735e-05 	1.80253e-06 	4
415.0 	6.27488e-05 	1.78782e-06 	4
416.0 	6.23263e-05 	1.78277e-06 	4
417.0 	6.19138e-05 	1.77845e-06 	4
418.0 	6.15143e-05 	2.35651e-06 	4
419.0 	6.09617e-05 	2.34061e-06 	4
420.0 	6.05048e-05 	2.33286e-06 	4
421.0 	6.02095e-05 	2.33354e-06 	4
422.0 	5.98971e-05 	2.33492e-06 	4
423.0 	5.95442e-05 	2.33428e-06 	4
424.0 	5.91871e-05 	2.33383e-06 	4
425.0 	5.88557e-05 	2.33514e-06 	4
426.0 	5.85387e-05 	2.33779e-06 	4
427.0 	5.82161e-05 	2.34007e-06 	4
428.0 	5.79344e-05 	2.34248e-06 	4
429.0 	5.76782e-05 	2.34578e-06 	4
430.0 	5.74445e-05 	2.35018e-06 	4
431.0 	5.72324e-05 	2.35541e-06 	4
432.0 	5.70208e-05 	2.36068e-06 	4
433.0 	5.68246e-05 	2.36655e-06 	4
434.0 	5.66334e-05 	2.37198e-06 	4
435.0 	5.64894e-05 	2.37607e-06 	4
436.0 	5.6404e-05 	2.38082e-06 	4
437.0 	5.6324e-05 	2.38859e-06 	4
438.0 	5.62374e-05 	2.39716e-06 	4
439.0 	5.61633e-05 	2.39827e-06 	4
440.0 	5.61347e-05 	2.39781e-06 	4
441.0 	5.60981e-05 	2.39986e-06 	4
442.0 	5.60279e-05 	2.4098e-06 	4
443.0 	5.59423e-05 	2.4142e-06 	4
444.0 	5.58633e-05 	2.41957e-06 	4
445.0 	5.58253e-05 	2.42375e-06 	4
446.0 	5.57778e-05 	2.42536e-06 	4
447.0 	5.57482e-05 	2.42532e-06 	4
448.0 	5.56839e-05 	2.42668e-06 	4
449.0 	5.56898e-05 	2.42938e-06 	4
450.0 	5.57137e-05 	2.43243e-06 	4
451.0 	5.57815e-05 	2.43524e-06 	4
452.0 	5.57878e-05 	2.43852e-06 	4
453.0 	5.5771e-05 	2.44188e-06 	4
454.0 	5.58197e-05 	2.44462e-06 	4
455.0 	5.58855e-05 	2.44651e-06 	4
456.0 	5.59553e-05 	2.44798e-06 	4
457.0 	5.60501e-05 	2.44907e-06 	4
458.0 	5.61305e-05 	2.44973e-06 	4
459.0 	5.61896e-05 	2.45042e-06 	4
460.0 	5.62442e-05 	2.45096e-06 	4
461.0 	5.6299e-05 	2.46833e-06 	4
462.0 	5.6434e-05 	2.48236e-06 	4
463.0 	5.63352e-05 	2.48137e-06 	4
464.0 	5.62789e-05 	2.48144e-06 	4
465.0 	5.62994e-05 	2.48175e-06 	4
466.0 	5.62952e-05 	2.48086e-06 	4
467.0 	5.63375e-05 	2.47971e-06 	4
468.0 	5.63991e-05 	2.47654e-06 	4
469.0 	5.64969e-05 	2.47444e-06 	4
470.0 	5.65898e-05 	2.01751e-06 	4
471.0 	5.67832e-05 	2.00674e-06 	4
472.0 	5.68578e-05 	2.00506e-06 	4
473.0 	5.68988e-05 	2.00198e-06 	4
474.0 	5.6937e-05 	1.99708e-06 	4
475.0 	5.69482e-05 	1.9911e-06 	4
476.0 	5.69631e-05 	1.9842e-06 	4
477.0 	5.69866e-05 	1.98044e-06 	4
478.0 	5.69759e-05 	1.97478e-06 	4
479.0 	5.69796e-05 	1.96852e-06 	4
480.0 	5.68303e-05 	1.96241e-06 	4
481.0 	5.669e-05 	1.95623e-06 	4
482.0 	5.66305e-05 	1.9494e-06 	4
483.0 	5.65591e-05 	1.94129e-06 	4
484.0 	5.64547e-05 	1.93258e-06 	4
485.0 	5.63821e-05 	1.92425e-06 	4
486.0 	5.63254e-05 	1.91634e-06 	4
487.0 	5.6301e-05 	1.9086e-06 	4
488.0 	5.62582e-05 	1.90079e-06 	4
489.0 	5.6199e-05 	1.89296e-06 	4
490.0 	5.60826e-05 	1.88514e-06 	4
491.0 	5.595e-05 	1.87715e-06 	4
492.0 	5.57515e-05 	1.86894e-06 	4
493.0 	5.558e-05 	1.86067e-06 	4
494.0 	5.53618e-05 	1.85312e-06 	4
495.0 	5.51724e-05 	1.84419e-06 	4
496.0 	5.49765e-05 	1.83445e-06 	4
497.0 	5.47991e-05 	1.82419e-06 	4
498.0 	5.4644e-05 	1.8141e-06 	4
499.0 	5.44888e-05 	1.88682e-06 	4
500.0 	5.44529e-05 	1.89154e-06 	4
501.0 	5.42304e-05 	1.8859e-06 	4
502.0 	5.40255e-05 	1.88082e-06 	4
503.0 	5.38275e-05 	1.87672e-06 	4
504.0 	5.362e-05 	1.87221e-06 	4
505.0 	5.34102e-05 	1.86673e-06 	4
506.0 	5.31504e-05 	1.86046e-06 	4
507.0 	5.29398e-05 	1.85437e-06 	4
508.0 	5.27344e-05 	1.84808e-06 	4
509.0 	5.25228e-05 	1.84139e-06 	4
510.0 	5.27668e-05 	2.18833e-06 	4
511.0 	5.3214e-05 	2.02836e-06 	4
512.0 	5.30651e-05 	2.01195e-06 	4
513.0 	5.27981e-05 	2.0315e-06 	4
514.0 	5.2537e-05 	2.05315e-06 	4
515.0 	5.22835e-05 	2.07769e-06 	4
516.0 	5.20271e-05 	2.10244e-06 	4
517.0 	5.17554e-05 	2.12515e-06 	4
518.0 	5.14611e-05 	2.14632e-06 	4
519.0 	5.11037e-05 	2.16786e-06 	4
520.0 	5.08134e-05 	2.19339e-06 	4
521.0 	5.05389e-05 	2.21877e-06 	4
522.0 	5.02605e-05 	2.24345e-06 	4
523.0 	4.99902e-05 	2.26784e-06 	4
524.0 	4.97258e-05 	2.29145e-06 	4
525.0 	4.94584e-05 	2.31473e-06 	4
526.0 	4.91934e-05 	2.33651e-06 	4
527.0 	4.88898e-05 	2.35889e-06 	4
528.0 	4.64745e-05 	1.66224e-06 	4
529.0 	4.84501e-05 	2.36591e-06 	4
530.0 	4.58378e-05 	1.65923e-06 	4
531.0 	4.79567e-05 	1.48607e-06 	5
532.0 	4.55809e-05 	1.66453e-06 	4
533.0 	4.54451e-05 	1.66162e-06 	4
534.0 	4.52228e-05 	1.66152e-06 	4
535.0 	4.53153e-05 	1.59761e-06 	4
536.0 	4.60403e-05 	2.01622e-06 	4
537.0 	4.54492e-05 	1.7668e-06 	4
538.0 	4.53093e-05 	1.7768e-06 	4
539.0 	4.49701e-05 	2.09561e-06 	4
540.0 	4.47364e-05 	1.95269e-06 	4
541.0 	4.46652e-05 	1.88532e-06 	4
542.0 	4.40357e-05 	1.6737e-06 	4
543.0 	4.36965e-05 	1.68301e-06 	4
544.0 	4.3361e-05 	1.67131e-06 	4
545.0 	4.31104e-05 	1.80835e-06 	4
546.0 	4.14373e-05 	1.43726e-06 	4
547.0 	4.15545e-05 	1.58459e-06 	4
548.0 	4.11678e-05 	1.57341e-06 	4
549.0 	4.09562e-05 	1.57075e-06 	4
550.0 	4.07523e-05 	1.5673e-06 	4
551.0 	4.04703e-05 	1.55953e-06 	4
552.0 	4.01807e-05 	1.55414e-06 	4
553.0 	3.99118e-05 	1.55314e-06 	4
554.0 	3.96429e-05 	1.5549e-06 	4
555.0 	3.93499e-05 	1.55783e-06 	4
556.0 	3.90429e-05 	1.50428e-06 	4
557.0 	3.87363e-05 	1.51054e-06 	4
558.0 	3.84637e-05 	1.51295e-06 	4
559.0 	3.81426e-05 	1.51283e-06 	4
560.0 	3.78015e-05 	1.51385e-06 	4
561.0 	3.74681e-05 	1.51815e-06 	4
562.0 	3.71564e-05 	1.5236e-06 	4
563.0 	3.68459e-05 	1.5286e-06 	4
564.0 	3.65289e-05 	1.53306e-06 	4
565.0 	3.62071e-05 	1.5377e-06 	4
566.0 	3.5923e-05 	1.54212e-06 	4
567.0 	3.56584e-05 	1.54621e-06 	4
568.0 	3.53802e-05 	1.54989e-06 	4
569.0 	3.5053e-05 	1.55304e-06 	4
570.0 	3.47257e-05 	1.55538e-06 	4
571.0 	3.43672e-05 	1.5572e-06 	4
572.0 	3.39969e-05 	1.55841e-06 	4
573.0 	3.36472e-05 	1.55787e-06 	4
574.0 	3.32892e-05 	1.55828e-06 	4
575.0 	3.29425e-05 	9.01371e-07 	5
576.0 	3.25448e-05 	1.50556e-06 	4
577.0 	3.217e-05 	8.95421e-07 	5
578.0 	3.19323e-05 	8.7302e-07 	5
579.0 	3.15345e-05 	8.66166e-07 	5
580.0 	3.11978e-05 	8.64043e-07 	5
581.0 	3.09217e-05 	8.63766e-07 	5
582.0 	3.06464e-05 	8.60154e-07 	5
583.0 	3.03459e-05 	1.02741e-06 	4
584.0 	2.99986e-05 	1.02006e-06 	4
585.0 	2.96823e-05 	1.15153e-06 	4
586.0 	2.93957e-05 	1.1439e-06 	4
587.0 	2.91427e-05 	1.13043e-06 	4
588.0 	2.88051e-05 	1.11459e-06 	4
589.0 	2.84684e-05 	1.09972e-06 	4
590.0 	2.81751e-05 	1.08651e-06 	4
591.0 	2.79034e-05 	1.07344e-06 	4
592.0 	2.76195e-05 	1.05978e-06 	4
593.0 	2.73328e-05 	1.04546e-06 	4
594.0 	2.70457e-05 	1.03194e-06 	4
595.0 	2.67674e-05 	1.01859e-06 	4
596.0 	2.6493e-05 	1.00521e-06 	4
597.0 	2.62183e-05 	9.91809e-07 	4
598.0 	2.59442e-05 	9.78474e-07 	4
599.0 	2.56728e-05 	1.12059e-06 	4
600.0 	2.53992e-05 	1.12516e-06 	4
601.0 	2.51668e-05 	1.11592e-06 	4
602.0 	2.49167e-05 	1.10349e-06 	4
603.0 	2.46383e-05 	1.09277e-06 	4
604.0 	2.43767e-05 	1.08738e-06 	4
605.0 	2.41391e-05 	1.07748e-06 	4
606.0 	2.39223e-05 	1.06534e-06 	4
607.0 	2.36985e-05 	1.0523e-06 	4
608.0 	2.34863e-05 	1.03894e-06 	4
609.0 	2.32816e-05 	1.02516e-06 	4
610.0 	2.30771e-05 	1.01092e-06 	4
611.0 	2.28743e-05 	9.95974e-07 	4
612.0 	2.26775e-05 	9.80484e-07 	4
613.0 	2.2485e-05 	9.64601e-07 	4
614.0 	2.22769e-05 	9.48596e-07 	4
615.0 	2.20794e-05 	9.32074e-07 	4
616.0 	2.18782e-05 	9.15146e-07 	4
617.0 	2.16697e-05 	8.9762e-07 	4
618.0 	2.14922e-05 	7.45731e-07 	4
619.0 	2.13272e-05 	9.95174e-07 	4
620.0 	2.09884e-05 	8.3933e-07 	4
621.0 	2.08293e-05 	8.26284e-07 	4
622.0 	2.06516e-05 	8.18636e-07 	4
623.0 	2.05037e-05 	8.09666e-07 	4
624.0 	2.03649e-05 	8.00712e-07 	4
625.0 	2.02243e-05 	7.9219e-07 	4
626.0 	2.00863e-05 	7.83524e-07 	4
627.0 	1.99499e-05 	7.74574e-07 	4
628.0 	1.98165e-05 	7.65616e-07 	4
629.0 	1.96828e-05 	7.56901e-07 	4
630.0 	1.9551e-05 	7.48246e-07 	4
631.0 	1.94167e-05 	7.39614e-07 	4
632.0 	1.92616e-05 	7.31286e-07 	4
633.0 	1.9123e-05 	7.22854e-07 	4
634.0 	1.89992e-05 	7.14342e-07 	4
635.0 	1.88795e-05 	7.05651e-07 	4
636.0 	1.87629e-05 	6.96873e-07 	4
637.0 	1.78925e-05 	6.4236e-07 	4
638.0 	1.78777e-05 	6.50582e-07 	4
639.0 	1.77664e-05 	6.41376e-07 	4
640.0 	1.75985e-05 	6.30696e-07 	4
641.0 	1.74526e-05 	6.2181e-07 	4
642.0 	1.73126e-05 	6.14071e-07 	4
643.0 	1.71761e-05 	6.06773e-07 	4
644.0 	1.70467e-05 	5.99573e-07 	4
645.0 	1.6916e-05 	5.9237e-07 	4
646.0 	1.67872e-05 	5.85237e-07 	4
647.0 	1.66611e-05 	5.78228e-07 	4
648.0 	1.65355e-05 	5.71345e-07 	4
649.0 	1.64075e-05 	5.64566e-07 	4
650.0 	1.62807e-05 	5.57902e-07 	4
651.0 	1.61664e-05 	5.51433e-07 	4
652.0 	1.60495e-05 	5.45036e-07 	4
653.0 	1.59308e-05 	5.38728e-07 	4
654.0 	1.58068e-05 	5.32522e-07 	4
655.0 	1.56884e-05 	5.26379e-07 	4
656.0 	1.55948e-05 	5.20244e-07 	4
657.0 	1.54964e-05 	5.14261e-07 	4
658.0 	1.53884e-05 	5.08324e-07 	4
659.0 	1.52874e-05 	5.02536e-07 	4
660.0 	1.51874e-05 	4.95826e-07 	4
661.0 	1.50754e-05 	4.89999e-07 	4
662.0 	1.49587e-05 	4.8426e-07 	4
663.0 	1.4841e-05 	4.78532e-07 	4
664.0 	1.47233e-05 	4.72943e-07 	4
665.0 	1.46065e-05 	4.67286e-07 	4
666.0 	1.44925e-05 	4.61736e-07 	4
667.0 	1.43796e-05 	4.56232e-07 	4
668.0 	1.42672e-05 	4.50765e-07 	4
669.0 	1.41561e-05 	4.44313e-07 	4
670.0 	1.40473e-05 	4.36957e-07 	4
671.0 	1.39383e-05 	4.31518e-07 	4
672.0 	1.38364e-05 	4.25733e-07 	4
673.0 	1.37367e-05 	4.20911e-07 	4
674.0 	1.36392e-05 	4.15783e-07 	4
675.0 	1.3542e-05 	4.11276e-07 	4
676.0 	1.34464e-05 	4.06919e-07 	4
677.0 	1.33518e-05 	4.0261e-07 	4
678.0 	1.32477e-05 	3.98328e-07 	4
679.0 	1.31542e-05 	3.93937e-07 	4
680.0 	1.3067e-05 	3.89493e-07 	4
681.0 	1.29787e-05 	3.84952e-07 	4
682.0 	1.39931e-05 	4.93218e-07 	4
683.0 	1.27491e-05 	3.5486e-07 	4
684.0 	1.37701e-05 	4.81137e-07 	4
685.0 	1.25488e-05 	3.47098e-07 	4
686.0 	1.24803e-05 	3.62438e-07 	4
687.0 	1.24127e-05 	3.60436e-07 	4
688.0 	1.23107e-05 	3.50119e-07 	4
689.0 	1.22229e-05 	5.35985e-07 	4
690.0 	1.21468e-05 	5.23874e-07 	4
691.0 	1.20427e-05 	5.05968e-07 	4
692.0 	1.19627e-05 	4.98636e-07 	4
693.0 	1.1885e-05 	4.91712e-07 	4
694.0 	1.17886e-05 	4.85075e-07 	4
695.0 	1.1707e-05 	4.78258e-07 	4
696.0 	1.16305e-05 	4.71183e-07 	4
697.0 	1.15404e-05 	4.63983e-07 	4
698.0 	1.1458e-05 	4.56896e-07 	4
699.0 	1.13831e-05 	4.49784e-07 	4
700.0 	1.13101e-05 	4.42428e-07 	4
701.0 	1.12376e-05 	4.35107e-07 	4
702.0 	1.11639e-05 	3.40284e-07 	4
703.0 	1.11011e-05 	3.37362e-07 	4
704.0 	1.10263e-05 	3.27963e-07 	4
705.0 	1.09483e-05 	3.16157e-07 	4
706.0 	1.0877e-05 	3.04774e-07 	4
707.0 	1.17753e-05 	3.52729e-07 	4
708.0 	1.16145e-05 	4.2385e-07 	4
709.0 	1.15581e-05 	4.25794e-07 	4
710.0 	1.14786e-05 	4.24507e-07 	4
711.0 	1.1408e-05 	4.24679e-07 	4
712.0 	1.13279e-05 	4.23308e-07 	4
713.0 	1.12484e-05 	4.23541e-07 	4
714.0 	1.11635e-05 	4.22689e-07 	4
715.0 	1.10828e-05 	4.21339e-07 	4
716.0 	1.10022e-05 	4.1958e-07 	4
717.0 	1.09224e-05 	4.17463e-07 	4
718.0 	1.08431e-05 	4.15035e-07 	4
719.0 	1.07638e-05 	4.12406e-07 	4
720.0 	1.06797e-05 	4.09783e-07 	4
721.0 	1.06091e-05 	4.055e-07 	4
722.0 	1.0536e-05 	4.02675e-07 	4
723.0 	1.04637e-05 	3.9808e-07 	4
724.0 	1.0389e-05 	3.95354e-07 	4
725.0 	1.03155e-05 	3.91824e-07 	4
726.0 	1.02414e-05 	3.88188e-07 	4
727.0 	1.01683e-05 	3.84738e-07 	4
728.0 	1.00969e-05 	3.81292e-07 	4
729.0 	1.00281e-05 	3.77827e-07 	4
730.0 	9.96018e-06 	3.74545e-07 	4
731.0 	9.89422e-06 	3.71623e-07 	4
732.0 	9.82927e-06 	3.68787e-07 	4
733.0 	9.76695e-06 	3.66057e-07 	4
734.0 	9.70559e-06 	3.63528e-07 	4
735.0 	9.64508e-06 	3.61345e-07 	4
736.0 	9.5865e-06 	3.59413e-07 	4
737.0 	9.5293e-06 	3.57855e-07 	4
738.0 	9.4745e-06 	3.56188e-07 	4
739.0 	9.42172e-06 	3.55169e-07 	4
740.0 	9.06701e-06 	2.54122e-07 	4
741.0 	9.40613e-06 	3.52721e-07 	4
742.0 	8.97573e-06 	2.93111e-07 	4
743.0 	8.96144e-06 	2.8422e-07 	4
744.0 	8.92104e-06 	2.89509e-07 	4
745.0 	8.87408e-06 	2.94317e-07 	4
746.0 	8.8371e-06 	2.95814e-07 	4
747.0 	8.81161e-06 	2.95073e-07 	4
748.0 	8.73921e-06 	2.92725e-07 	4
749.0 	8.80698e-06 	2.87649e-07 	4
750.0 	8.69279e-06 	3.01498e-07 	4
751.0 	8.67874e-06 	3.05343e-07 	4
752.0 	8.668e-06 	3.09204e-07 	4
753.0 	8.66173e-06 	3.11983e-07 	4
754.0 	8.6596e-06 	3.13293e-07 	4
755.0 	8.67044e-06 	2.83322e-07 	4
756.0 	8.68299e-06 	2.89184e-07 	4
757.0 	8.67512e-06 	2.96323e-07 	4
758.0 	8.6766e-06 	3.04833e-07 	4
759.0 	8.68706e-06 	3.13299e-07 	4
760.0 	8.64395e-06 	2.78677e-07 	4
761.0 	8.63324e-06 	2.805e-07 	4
762.0 	8.64385e-06 	2.83209e-07 	4
763.0 	8.65703e-06 	2.85838e-07 	4
764.0 	8.66946e-06 	2.87941e-07 	4
765.0 	8.68058e-06 	2.89498e-07 	4
766.0 	8.69251e-06 	2.90835e-07 	4
767.0 	8.7071e-06 	2.92074e-07 	4
768.0 	8.72393e-06 	2.93101e-07 	4
769.0 	8.73364e-06 	2.93912e-07 	4
770.0 	8.74761e-06 	2.94469e-07 	4
771.0 	8.76398e-06 	2.94721e-07 	4
772.0 	8.78288e-06 	2.94979e-07 	4
773.0 	8.80196e-06 	2.9503e-07 	4
774.0 	8.82136e-06 	2.95012e-07 	4
775.0 	8.83998e-06 	2.9495e-07 	4
776.0 	8.84778e-06 	2.94807e-07 	4
777.0 	8.92178e-06 	3.51813e-07 	4
778.0 	8.95217e-06 	3.5374e-07 	4
779.0 	8.97189e-06 	3.58036e-07 	4
780.0 	8.98375e-06 	2.94378e-07 	4
781.0 	8.99768e-06 	2.94417e-07 	4
782.0 	8.99196e-06 	2.96298e-07 	4
783.0 	9.00536e-06 	2.98833e-07 	4
784.0 	9.02526e-06 	3.01035e-07 	4
785.0 	9.04067e-06 	3.02391e-07 	4
786.0 	9.0551e-06 	3.03861e-07 	4
787.0 	9.07301e-06 	3.0564e-07 	4
788.0 	9.08562e-06 	3.07403e-07 	4
789.0 	9.10578e-06 	3.09077e-07 	4
790.0 	9.12546e-06 	3.10674e-07 	4
791.0 	9.13376e-06 	3.12196e-07 	4
792.0 	9.1533e-06 	3.13725e-07 	4
793.0 	9.16674e-06 	3.15229e-07 	4
794.0 	9.1832e-06 	3.16635e-07 	4
795.0 	8.90318e-06 	3.39069e-07 	4
796.0 	8.99873e-06 	3.13383e-07 	4
797.0 	9.03104e-06 	3.13153e-07 	4
798.0 	9.03954e-06 	3.13446e-07 	4
799.0 	9.05119e-06 	3.13599e-07 	4
800.0 	9.07287e-06 	3.13391e-07 	4
801.0 	9.09064e-06 	3.12843e-07 	4
802.0 	9.10221e-06 	3.12098e-07 	4
803.0 	9.11337e-06 	3.113e-07 	4
804.0 	9.12474e-06 	3.10575e-07 	4
805.0 	9.13705e-06 	3.0979e-07 	4
806.0 	9.14368e-06 	3.09216e-07 	4
807.0 	9.15239e-06 	3.08414e-07 	4
808.0 	9.16063e-06 	2.9175e-07 	4
809.0 	9.19137e-06 	3.68526e-07 	4
810.0 	9.20887e-06 	3.70521e-07 	4
811.0 	9.21264e-06 	3.69758e-07 	4
812.0 	9.20691e-06 	3.68472e-07 	4
813.0 	9.20326e-06 	3.67632e-07 	4
814.0 	9.20579e-06 	3.67312e-07 	4
815.0 	9.20897e-06 	3.66892e-07 	4
816.0 	9.20829e-06 	3.66127e-07 	4
817.0 	9.20569e-06 	3.65394e-07 	4
818.0 	9.2027e-06 	3.6476e-07 	4
819.0 	9.19918e-06 	3.64174e-07 	4
820.0 	9.19382e-06 	3.63586e-07 	4
821.0 	9.18676e-06 	3.45799e-07 	4
822.0 	9.18645e-06 	3.45247e-07 	4
823.0 	9.18406e-06 	3.44272e-07 	4
824.0 	9.16936e-06 	3.4273e-07 	4
825.0 	9.15118e-06 	3.41222e-07 	4
826.0 	9.13624e-06 	3.40091e-07 	4
827.0 	9.11388e-06 	3.39138e-07 	4
828.0 	9.08814e-06 	3.37987e-07 	4
829.0 	9.06441e-06 	3.36663e-07 	4
830.0 	9.05004e-06 	3.35337e-07 	4
831.0 	9.0358e-06 	3.34145e-07 	4
832.0 	9.01887e-06 	3.10643e-07 	4
833.0 	8.96416e-06 	3.27046e-07 	4
834.0 	8.96548e-06 	3.07913e-07 	4
835.0 	8.93006e-06 	3.0423e-07 	4
836.0 	8.89826e-06 	3.02391e-07 	4
837.0 	8.86959e-06 	3.01036e-07 	4
838.0 	8.84555e-06 	3.00074e-07 	4
839.0 	8.81584e-06 	2.99014e-07 	4
840.0 	8.7795e-06 	2.97686e-07 	4
841.0 	8.7457e-06 	2.96347e-07 	4
842.0 	8.7133e-06 	2.95203e-07 	4
843.0 	8.68036e-06 	3.27364e-07 	4
844.0 	8.64913e-06 	3.2732e-07 	4
845.0 	8.62629e-06 	3.25625e-07 	4
846.0 	8.58828e-06 	3.23518e-07 	4
847.0 	8.5253e-06 	3.21436e-07 	4
848.0 	8.46142e-06 	3.19598e-07 	4
849.0 	8.41112e-06 	3.17771e-07 	4
850.0 	8.36e-06 	3.15655e-07 	4
851.0 	8.31186e-06 	3.13616e-07 	4
852.0 	8.26304e-06 	3.11606e-07 	4
853.0 	8.21511e-06 	3.09512e-07 	4
854.0 	8.1659e-06 	3.07316e-07 	4
855.0 	8.11555e-06 	3.05076e-07 	4
856.0 	8.06425e-06 	3.02803e-07 	4
857.0 	8.00997e-06 	3.00535e-07 	4
858.0 	7.96004e-06 	2.98251e-07 	4
859.0 	7.9087e-06 	2.95922e-07 	4
860.0 	7.85542e-06 	2.93548e-07 	4
861.0 	7.79992e-06 	2.91141e-07 	4
862.0 	7.74447e-06 	2.8873e-07 	4
863.0 	7.68799e-06 	2.86308e-07 	4
864.0 	7.63056e-06 	2.83864e-07 	4
865.0 	7.57243e-06 	2.81491e-07 	4
866.0 	7.51313e-06 	2.79021e-07 	4
867.0 	7.45453e-06 	2.76521e-07 	4
868.0 	7.39535e-06 	2.74036e-07 	4
869.0 	7.33538e-06 	3.24111e-07 	4
870.0 	7.27441e-06 	3.28903e-07 	4
871.0 	7.21693e-06 	3.27985e-07 	4
872.0 	7.15529e-06 	3.27163e-07 	4
873.0 	7.09199e-06 	3.26786e-07 	4
874.0 	7.03233e-06 	3.26838e-07 	4
875.0 	6.976e-06 	3.26693e-07 	4
876.0 	6.91993e-06 	3.26152e-07 	4
877.0 	6.86284e-06 	3.25637e-07 	4
878.0 	6.80578e-06 	3.24906e-07 	4
879.0 	6.7478e-06 	3.24087e-07 	4
880.0 	6.6904e-06 	3.23281e-07 	4
881.0 	6.6359e-06 	3.22333e-07 	4
882.0 	6.58374e-06 	3.21295e-07 	4
883.0 	6.53126e-06 	3.20189e-07 	4
884.0 	6.47944e-06 	3.19014e-07 	4
885.0 	6.42962e-06 	3.17765e-07 	4
886.0 	6.38185e-06 	3.16453e-07 	4
887.0 	6.33613e-06 	3.15087e-07 	4
888.0 	6.29239e-06 	3.1367e-07 	4
889.0 	6.24974e-06 	3.12189e-07 	4
890.0 	6.20793e-06 	1.70769e-07 	5
891.0 	6.19821e-06 	3.08274e-07 	4
892.0 	6.1264e-06 	1.70603e-07 	5
893.0 	6.12449e-06 	3.03884e-07 	4
894.0 	6.06599e-06 	1.68592e-07 	5
895.0 	6.06775e-06 	3.00234e-07 	4
896.0 	6.0181e-06 	1.67536e-07 	5
897.0 	6.02442e-06 	2.96757e-07 	4
898.0 	5.97992e-06 	2.97739e-07 	4
899.0 	5.96192e-06 	2.93929e-07 	4
900.0 	5.94747e-06 	2.91819e-07 	4
901.0 	5.93232e-06 	2.9187e-07 	4
902.0 	5.92364e-06 	2.89024e-07 	4
903.0 	5.91714e-06 	2.87104e-07 	4
904.0 	5.90976e-06 	2.85143e-07 	4
905.0 	5.9038e-06 	2.83121e-07 	4
906.0 	5.89875e-06 	2.8099e-07 	4
907.0 	5.89413e-06 	2.79226e-07 	4
908.0 	5.89016e-06 	2.33597e-07 	4
909.0 	5.9279e-06 	2.77091e-07 	4
910.0 	5.87825e-06 	2.23212e-07 	4
911.0 	5.91097e-06 	2.20671e-07 	4
912.0 	5.90928e-06 	2.16506e-07 	4
913.0 	5.90593e-06 	2.09183e-07 	4
914.0 	5.90279e-06 	2.00731e-07 	4
915.0 	5.89898e-06 	1.92684e-07 	4
916.0 	5.89793e-06 	1.84016e-07 	4
917.0 	5.89578e-06 	1.74966e-07 	4
918.0 	5.89328e-06 	1.66172e-07 	4
919.0 	5.89047e-06 	1.84476e-07 	4
920.0 	5.89826e-06 	1.82046e-07 	4
921.0 	5.89146e-06 	1.78714e-07 	4
922.0 	5.89068e-06 	1.75493e-07 	4
923.0 	5.89015e-06 	1.72005e-07 	4
924.0 	5.89182e-06 	1.68327e-07 	4
925.0 	5.88286e-06 	1.64789e-07 	4
926.0 	5.88474e-06 	1.60571e-07 	4
927.0 	5.88078e-06 	1.57542e-07 	4
928.0 	5.88384e-06 	1.53034e-07 	4
929.0 	5.87965e-06 	1.49812e-07 	4
930.0 	5.87551e-06 	1.95405e-07 	4
931.0 	5.9073e-06 	1.9715e-07 	4
932.0 	5.88941e-06 	2.00521e-07 	4
933.0 	5.88117e-06 	2.03087e-07 	4
934.0 	5.87453e-06 	2.05291e-07 	4
935.0 	5.86725e-06 	2.07107e-07 	4
936.0 	5.85883e-06 	2.08582e-07 	4
937.0 	5.84949e-06 	2.09798e-07 	4
938.0 	5.84196e-06 	2.10766e-07 	4
939.0 	5.83575e-06 	2.11606e-07 	4
940.0 	5.66319e-06 	1.76614e-07 	4
941.0 	5.84823e-06 	2.10258e-07 	4
942.0 	5.65042e-06 	1.78847e-07 	4
943.0 	5.82143e-06 	2.12029e-07 	4
944.0 	5.62732e-06 	1.80652e-07 	4
945.0 	5.63647e-06 	1.78526e-07 	4
946.0 	5.63031e-06 	1.79499e-07 	4
947.0 	5.61053e-06 	1.80598e-07 	4
948.0 	5.58798e-06 	1.81458e-07 	4
949.0 	5.57048e-06 	1.82237e-07 	4
950.0 	5.55495e-06 	1.8302e-07 	4
951.0 	5.53875e-06 	1.83787e-07 	4
952.0 	5.52268e-06 	1.84591e-07 	4
953.0 	5.50629e-06 	1.85386e-07 	4
954.0 	5.48888e-06 	1.86183e-07 	4
955.0 	5.47061e-06 	1.86989e-07 	4
956.0 	5.45185e-06 	1.87792e-07 	4
957.0 	5.43266e-06 	1.88529e-07 	4
958.0 	5.41268e-06 	1.8646e-07 	4
959.0 	5.39702e-06 	1.89282e-07 	4
960.0 	5.37303e-06 	1.73963e-07 	4
961.0 	5.35173e-06 	1.73739e-07 	4
962.0 	5.33347e-06 	1.74104e-07 	4
963.0 	5.31525e-06 	1.75137e-07 	4
964.0 	5.2957e-06 	1.76194e-07 	4
965.0 	5.27516e-06 	1.77145e-07 	4
966.0 	5.25382e-06 	1.7799e-07 	4
967.0 	5.23168e-06 	1.7877e-07 	4
968.0 	5.20886e-06 	1.79511e-07 	4
969.0 	5.18547e-06 	1.80212e-07 	4
970.0 	5.16152e-06 	1.80863e-07 	4
971.0 	5.13599e-06 	1.81453e-07 	4
972.0 	5.11144e-06 	1.81993e-07 	4
973.0 	5.08925e-06 	1.82515e-07 	4
974.0 	5.06535e-06 	1.82969e-07 	4
975.0 	5.04011e-06 	1.83388e-07 	4
976.0 	5.01379e-06 	1.83761e-07 	4
977.0 	4.98655e-06 	1.8409e-07 	4
978.0 	4.95848e-06 	1.84376e-07 	4
979.0 	4.9297e-06 	1.84618e-07 	4
980.0 	5.08035e-06 	1.64701e-07 	4
981.0 	4.85822e-06 	1.86588e-07 	4
982.0 	5.02427e-06 	1.64749e-07 	4
983.0 	4.80314e-06 	1.86752e-07 	4
984.0 	4.96749e-06 	1.65027e-07 	4
985.0 	4.74635e-06 	1.86836e-07 	4
986.0 	4.91068e-06 	1.64828e-07 	4
987.0 	4.69033e-06 	1.86808e-07 	4
988.0 	4.85607e-06 	1.64574e-07 	4
989.0 	4.63404e-06 	1.86644e-07 	4
990.0 	4.80123e-06 	1.6413e-07 	4
991.0 	4.76668e-06 	1.61837e-07 	4
992.0 	4.73635e-06 	1.61222e-07 	4
993.0 	4.71188e-06 	1.61027e-07 	4
994.0 	4.68576e-06 	1.60838e-07 	4
995.0 	4.6598e-06 	1.6048e-07 	4
996.0 	4.63417e-06 	1.60144e-07 	4
997.0 	4.60925e-06 	1.59747e-07 	4
998.0 	4.58455e-06 	1.59185e-07 	4
999.0 	4.55966e-06 	1.58548e-07 	4
1000.0 	4.53466e-06 	1.57867e-07 	4
1001.0 	4.50948e-06 	1.57148e-07 	4
1002.0 	4.48397e-06 	1.56345e-07 	4
1003.0 	4.46014e-06 	1.60504e-07 	4
1004.0 	4.4397e-06 	1.60856e-07 	4
1005.0 	4.41066e-06 	1.59975e-07 	4
1006.0 	4.38547e-06 	1.59043e-07 	4
1007.0 	4.3604e-06 	1.5817e-07 	4
1008.0 	4.33443e-06 	1.57277e-07 	4
1009.0 	4.30825e-06 	1.56346e-07 	4
1010.0 	4.28231e-06 	1.55374e-07 	4
1011.0 	4.25633e-06 	1.54366e-07 	4
1012.0 	4.08621e-06 	1.80289e-07 	4
1013.0 	4.0657e-06 	1.46371e-07 	4
1014.0 	4.05096e-06 	1.46695e-07 	4
1015.0 	4.02698e-06 	1.46441e-07 	4
1016.0 	4.00896e-06 	1.46283e-07 	4
1017.0 	3.99318e-06 	1.46084e-07 	4
1018.0 	3.97598e-06 	1.45749e-07 	4
1019.0 	3.95802e-06 	1.45326e-07 	4
1020.0 	3.9409e-06 	1.4487e-07 	4
1021.0 	3.92465e-06 	1.44369e-07 	4
1022.0 	3.90863e-06 	1.43844e-07 	4
1023.0 	3.89239e-06 	1.43281e-07 	4
1024.0 	3.87639e-06 	1.42695e-07 	4
1025.0 	3.86072e-06 	1.42208e-07 	4
1026.0 	3.88296e-06 	1.42306e-07 	4
1027.0 	3.86088e-06 	1.42312e-07 	4
1028.0 	3.84055e-06 	1.42899e-07 	4
1029.0 	3.82178e-06 	1.43917e-07 	4
1030.0 	3.80373e-06 	1.44836e-07 	4
1031.0 	3.78556e-06 	1.57548e-07 	4
1032.0 	3.7627e-06 	1.59019e-07 	4
1033.0 	3.74858e-06 	1.59545e-07 	4
1034.0 	3.73247e-06 	1.60004e-07 	4
1035.0 	3.71565e-06 	1.60542e-07 	4
1036.0 	3.69988e-06 	1.61166e-07 	4
1037.0 	3.6852e-06 	1.35272e-07 	4
1038.0 	3.68127e-06 	1.34945e-07 	4
1039.0 	3.66111e-06 	1.3497e-07 	4
1040.0 	3.64667e-06 	1.35088e-07 	4
1041.0 	3.55253e-06 	1.38084e-07 	4
1042.0 	3.53444e-06 	1.34679e-07 	4
1043.0 	3.5232e-06 	1.3378e-07 	4
1044.0 	3.51041e-06 	1.32646e-07 	4
1045.0 	3.49881e-06 	1.31381e-07 	4
1046.0 	3.48814e-06 	1.30239e-07 	4
1047.0 	3.47785e-06 	1.29266e-07 	4
1048.0 	3.46807e-06 	1.28185e-07 	4
1049.0 	3.46886e-06 	1.33618e-07 	4
1050.0 	3.46431e-06 	1.34074e-07 	4
1051.0 	3.45937e-06 	1.34347e-07 	4
1052.0 	3.45346e-06 	1.34373e-07 	4
1053.0 	3.4484e-06 	1.34341e-07 	4
1054.0 	3.44466e-06 	1.34398e-07 	4
1055.0 	3.44175e-06 	1.34436e-07 	4
1056.0 	3.43909e-06 	1.49719e-07 	4
1057.0 	3.44459e-06 	1.51184e-07 	4
1058.0 	3.4442e-06 	1.51065e-07 	4
1059.0 	3.44019e-06 	1.50867e-07 	4
1060.0 	3.43692e-06 	1.50766e-07 	4
1061.0 	3.43595e-06 	1.50853e-07 	4
1062.0 	3.43585e-06 	1.50955e-07 	4
1063.0 	3.43551e-06 	1.50985e-07 	4
1064.0 	3.43523e-06 	1.50995e-07 	4
1065.0 	3.43554e-06 	1.51037e-07 	4
1066.0 	3.43625e-06 	1.51105e-07 	4
1067.0 	3.43719e-06 	1.51171e-07 	4
1068.0 	3.43824e-06 	1.51234e-07 	4
1069.0 	3.43946e-06 	1.51299e-07 	4
1070.0 	3.44095e-06 	1.51368e-07 	4
1071.0 	3.44269e-06 	1.51441e-07 	4
1072.0 	3.4446e-06 	1.51516e-07 	4
1073.0 	3.44682e-06 	1.51568e-07 	4
1074.0 	3.44907e-06 	1.51641e-07 	4
1075.0 	3.4515e-06 	1.51723e-07 	4
1076.0 	3.45409e-06 	1.51807e-07 	4
1077.0 	3.4569e-06 	1.51891e-07 	4
1078.0 	3.45993e-06 	1.51972e-07 	4
1079.0 	3.46321e-06 	1.52052e-07 	4
1080.0 	3.46665e-06 	1.52128e-07 	4
1081.0 	3.47027e-06 	1.52199e-07 	4
1082.0 	3.47413e-06 	1.52263e-07 	4
1083.0 	3.47814e-06 	1.52323e-07 	4
1084.0 	3.48228e-06 	1.52379e-07 	4
1085.0 	3.48649e-06 	1.52436e-07 	4
1086.0 	3.49076e-06 	1.5249e-07 	4
1087.0 	3.4952e-06 	1.52545e-07 	4
1088.0 	3.49971e-06 	1.52591e-07 	4
1089.0 	3.50428e-06 	1.52638e-07 	4
1090.0 	3.5089e-06 	1.52681e-07 	4
1091.0 	3.51361e-06 	1.52718e-07 	4
1092.0 	3.51836e-06 	1.52749e-07 	4
1093.0 	3.52317e-06 	1.52776e-07 	4
1094.0 	3.52805e-06 	1.52798e-07 	4
1095.0 	3.533e-06 	1.52815e-07 	4
1096.0 	3.538e-06 	1.52829e-07 	4
1097.0 	3.54307e-06 	1.5284e-07 	4
1098.0 	3.54816e-06 	1.52846e-07 	4
1099.0 	3.55333e-06 	1.52843e-07 	4
1100.0 	3.55836e-06 	1.52836e-07 	4
1101.0 	3.56357e-06 	1.52735e-07 	4
1102.0 	3.56877e-06 	1.52719e-07 	4
1103.0 	3.57397e-06 	1.52691e-07 	4
1104.0 	3.57922e-06 	1.5268e-07 	4
1105.0 	3.58434e-06 	1.52641e-07 	4
1106.0 	3.58947e-06 	1.52603e-07 	4
1107.0 	3.59448e-06 	1.52536e-07 	4
1108.0 	3.59953e-06 	1.52489e-07 	4
1109.0 	3.60449e-06 	1.52441e-07 	4
1110.0 	3.60941e-06 	1.52365e-07 	4
1111.0 	3.61425e-06 	1.52307e-07 	4
1112.0 	3.61905e-06 	1.52237e-07 	4
1113.0 	3.62375e-06 	1.52166e-07 	4
1114.0 	3.44834e-06 	1.50139e-07 	4
1115.0 	3.61815e-06 	1.5333e-07 	4
1116.0 	3.45912e-06 	1.50162e-07 	4
1117.0 	3.45215e-06 	1.50414e-07 	4
1118.0 	3.45627e-06 	1.50323e-07 	4
1119.0 	3.46089e-06 	1.50263e-07 	4
1120.0 	3.46368e-06 	1.50195e-07 	4
1121.0 	3.46616e-06 	1.50152e-07 	4
1122.0 	3.46877e-06 	1.50125e-07 	4
1123.0 	3.47125e-06 	1.50088e-07 	4
1124.0 	3.47345e-06 	1.5003e-07 	4
1125.0 	3.47541e-06 	1.49963e-07 	4
1126.0 	3.47717e-06 	1.49892e-07 	4
1127.0 	3.47869e-06 	1.498e-07 	4
1128.0 	3.48e-06 	1.49707e-07 	4
1129.0 	3.48111e-06 	1.49605e-07 	4
1130.0 	3.48195e-06 	1.49503e-07 	4
1131.0 	3.48257e-06 	1.49385e-07 	4
1132.0 	3.48287e-06 	1.49259e-07 	4
1133.0 	3.48287e-06 	1.49125e-07 	4
1134.0 	3.48261e-06 	1.48983e-07 	4
1135.0 	3.48211e-06 	1.48834e-07 	4
1136.0 	3.48134e-06 	1.48678e-07 	4
1137.0 	3.48024e-06 	1.48516e-07 	4
1138.0 	3.47881e-06 	1.48344e-07 	4
1139.0 	3.47708e-06 	1.48162e-07 	4
1140.0 	3.47502e-06 	1.4796e-07 	4
1141.0 	3.47261e-06 	1.47755e-07 	4
1142.0 	3.47017e-06 	1.47548e-07 	4
1143.0 	3.46742e-06 	1.47328e-07 	4
1144.0 	3.46443e-06 	1.47099e-07 	4
1145.0 	3.4612e-06 	1.46856e-07 	4
1146.0 	3.45765e-06 	1.46601e-07 	4
1147.0 	3.45378e-06 	1.46332e-07 	4
1148.0 	3.4496e-06 	1.4605e-07 	4
1149.0 	3.44517e-06 	1.45756e-07 	4
1150.0 	3.4403e-06 	1.2587e-07 	4
1151.0 	3.44653e-06 	1.44447e-07 	4
1152.0 	3.42194e-06 	1.25051e-07 	4
1153.0 	3.43426e-06 	1.44029e-07 	4
1154.0 	3.41211e-06 	1.24559e-07 	4
1155.0 	3.42157e-06 	1.43262e-07 	4
1156.0 	3.39727e-06 	1.23801e-07 	4
1157.0 	3.40715e-06 	1.23635e-07 	4
1158.0 	3.39481e-06 	1.23089e-07 	4
1159.0 	3.38425e-06 	1.22697e-07 	4
1160.0 	3.37785e-06 	1.22398e-07 	4
1161.0 	3.37024e-06 	1.22002e-07 	4
1162.0 	3.361e-06 	1.21536e-07 	4
1163.0 	3.35171e-06 	1.2108e-07 	4
1164.0 	3.34269e-06 	1.20637e-07 	4
1165.0 	3.33329e-06 	1.20178e-07 	4
1166.0 	3.32325e-06 	1.1969e-07 	4
1167.0 	3.31275e-06 	1.19185e-07 	4
1168.0 	3.30199e-06 	1.18668e-07 	4
1169.0 	3.29092e-06 	1.1814e-07 	4
1170.0 	3.27949e-06 	1.17597e-07 	4
1171.0 	3.26769e-06 	1.1704e-07 	4
1172.0 	3.25555e-06 	1.16467e-07 	4
1173.0 	3.24308e-06 	1.15881e-07 	4
1174.0 	3.23034e-06 	1.15281e-07 	4
1175.0 	3.21729e-06 	1.14665e-07 	4
1176.0 	3.20393e-06 	1.14034e-07 	4
1177.0 	3.19026e-06 	1.13391e-07 	4
1178.0 	3.17628e-06 	1.12734e-07 	4
1179.0 	3.16221e-06 	1.12061e-07 	4
1180.0 	3.14771e-06 	1.11376e-07 	4
1181.0 	3.13294e-06 	1.1068e-07 	4
1182.0 	3.11785e-06 	1.09973e-07 	4
1183.0 	3.1025e-06 	1.09253e-07 	4
1184.0 	3.0869e-06 	1.08523e-07 	4
1185.0 	3.07098e-06 	1.07782e-07 	4
1186.0 	3.05491e-06 	1.07008e-07 	4
1187.0 	3.03859e-06 	1.06258e-07 	4
1188.0 	3.02191e-06 	1.05498e-07 	4
1189.0 	3.00515e-06 	1.0473e-07 	4
1190.0 	2.98846e-06 	1.03953e-07 	4
1191.0 	2.9715e-06 	1.0317e-07 	4
1192.0 	2.95443e-06 	1.02381e-07 	4
1193.0 	2.9372e-06 	1.01587e-07 	4
1194.0 	2.91975e-06 	1.00788e-07 	4
1195.0 	2.90061e-06 	9.99799e-08 	4
1196.0 	2.88113e-06 	9.91654e-08 	4
1197.0 	2.86206e-06 	9.83477e-08 	4
1198.0 	2.8431e-06 	9.75276e-08 	4
1199.0 	2.82422e-06 	9.67057e-08 	4
1200.0 	2.80535e-06 	1.05546e-07 	4
1201.0 	2.77976e-06 	1.04763e-07 	4
1202.0 	2.76663e-06 	1.03973e-07 	4
1203.0 	2.74742e-06 	1.03032e-07 	4
1204.0 	2.7264e-06 	1.02062e-07 	4
1205.0 	2.70731e-06 	1.01165e-07 	4
1206.0 	2.689e-06 	1.00293e-07 	4
1207.0 	2.66982e-06 	9.9392e-08 	4
1208.0 	2.65e-06 	9.84719e-08 	4
1209.0 	2.63042e-06 	9.75539e-08 	4
1210.0 	2.61095e-06 	9.6644e-08 	4
1211.0 	2.59138e-06 	9.57309e-08 	4
1212.0 	2.57167e-06 	9.4815e-08 	4
1213.0 	2.55181e-06 	9.38997e-08 	4
1214.0 	2.53202e-06 	9.29881e-08 	4
1215.0 	2.51223e-06 	9.20769e-08 	4
1216.0 	2.49242e-06 	9.11654e-08 	4
1217.0 	2.47257e-06 	9.02559e-08 	4
1218.0 	2.4527e-06 	8.9348e-08 	4
1219.0 	2.43314e-06 	8.84436e-08 	4
1220.0 	2.41398e-06 	8.75408e-08 	4
1221.0 	2.39489e-06 	8.66406e-08 	4
1222.0 	2.37578e-06 	8.57431e-08 	4
1223.0 	2.35665e-06 	8.48471e-08 	4
1224.0 	2.3375e-06 	8.39488e-08 	4
1225.0 	2.31844e-06 	8.30527e-08 	4
