# time 	Local 	Global 	Cumulative
1.0 	4.34077e-08 	1.9552e-09 	1.39869e-06
2.0 	2.32815e-08 	-2.12153e-09 	1.39656e-06
3.0 	2.08528e-08 	7.52616e-10 	1.39732e-06
4.0 	1.69475e-08 	-1.65002e-09 	1.39567e-06
5.0 	1.59334e-08 	9.6286e-11 	1.39576e-06
6.0 	1.28654e-08 	-3.36534e-10 	1.39543e-06
7.0 	1.00749e-08 	-2.46706e-10 	1.39518e-06
8.0 	1.09929e-08 	-2.45987e-10 	1.39493e-06
9.0 	1.01696e-08 	-3.9989e-11 	1.39489e-06
10.0 	8.23187e-09 	1.22197e-10 	1.39502e-06
11.0 	6.57176e-09 	7.07484e-11 	1.39509e-06
12.0 	8.26179e-09 	2.88256e-10 	1.39537e-06
13.0 	6.39222e-09 	1.96841e-10 	1.39557e-06
14.0 	6.4785e-09 	1.59917e-10 	1.39573e-06
15.0 	5.94685e-09 	1.36244e-10 	1.39587e-06
16.0 	4.80218e-09 	9.0633e-11 	1.39596e-06
17.0 	6.1917e-09 	4.6959e-11 	1.39601e-06
18.0 	5.50607e-09 	3.0153e-11 	1.39604e-06
19.0 	4.75836e-09 	-3.49775e-11 	1.396e-06
20.0 	4.62603e-09 	-7.53253e-12 	1.39599e-06
21.0 	4.19323e-09 	-3.84552e-12 	1.39599e-06
22.0 	3.57291e-09 	-3.83071e-11 	1.39595e-06
23.0 	3.42692e-09 	-2.54166e-11 	1.39593e-06
24.0 	3.19538e-09 	2.62414e-11 	1.39595e-06
25.0 	3.18951e-09 	3.23217e-11 	1.39598e-06
26.0 	2.74628e-09 	-8.78519e-12 	1.39597e-06
27.0 	2.73107e-09 	-9.81996e-12 	1.39597e-06
28.0 	2.68542e-09 	-1.2029e-11 	1.39595e-06
29.0 	2.60547e-09 	-1.44847e-11 	1.39594e-06
30.0 	2.52943e-09 	-1.6734e-11 	1.39592e-06
31.0 	2.46949e-09 	-1.80341e-11 	1.3959e-06
32.0 	2.42789e-09 	-1.84592e-11 	1.39589e-06
33.0 	2.4036e-09 	-1.80637e-11 	1.39587e-06
34.0 	2.71893e-09 	3.62883e-11 	1.3959e-06
35.0 	2.52338e-09 	3.71936e-11 	1.39594e-06
36.0 	2.00625e-09 	2.68061e-11 	1.39597e-06
37.0 	2.10788e-09 	2.64922e-11 	1.39599e-06
38.0 	2.10724e-09 	-2.94675e-11 	1.39596e-06
39.0 	1.83158e-09 	2.68188e-11 	1.39599e-06
40.0 	2.34682e-09 	3.437e-11 	1.39603e-06
41.0 	2.31975e-09 	6.18589e-11 	1.39609e-06
42.0 	1.93814e-09 	7.33203e-11 	1.39616e-06
43.0 	1.44645e-09 	1.7339e-11 	1.39618e-06
44.0 	1.33873e-09 	1.5394e-11 	1.39619e-06
45.0 	1.3798e-09 	1.60534e-11 	1.39621e-06
46.0 	1.36019e-09 	1.66409e-11 	1.39623e-06
47.0 	1.75804e-09 	2.23432e-11 	1.39625e-06
48.0 	1.71811e-09 	2.06083e-11 	1.39627e-06
49.0 	2.26566e-09 	2.74571e-11 	1.3963e-06
50.0 	2.23001e-09 	2.86349e-11 	1.39633e-06
51.0 	1.82372e-09 	2.1513e-11 	1.39635e-06
52.0 	1.90613e-09 	2.22604e-11 	1.39637e-06
53.0 	1.4609e-09 	1.73563e-11 	1.39639e-06
54.0 	1.59059e-09 	1.87874e-11 	1.39641e-06
55.0 	1.87365e-09 	2.32086e-11 	1.39643e-06
56.0 	1.71494e-09 	2.07808e-11 	1.39645e-06
57.0 	1.66186e-09 	1.80664e-11 	1.39647e-06
58.0 	2.00714e-09 	1.65417e-11 	1.39648e-06
59.0 	1.58335e-09 	1.43765e-11 	1.3965e-06
60.0 	1.75423e-09 	1.7568e-11 	1.39652e-06
61.0 	1.71556e-09 	1.81383e-11 	1.39653e-06
62.0 	1.89404e-09 	1.94309e-11 	1.39655e-06
63.0 	1.62887e-09 	1.44405e-11 	1.39657e-06
64.0 	1.52097e-09 	1.38016e-11 	1.39658e-06
65.0 	1.25951e-09 	1.13425e-11 	1.39659e-06
66.0 	1.36782e-09 	1.31153e-11 	1.39661e-06
67.0 	1.66148e-09 	1.39532e-11 	1.39662e-06
68.0 	1.65347e-09 	1.18233e-11 	1.39663e-06
69.0 	1.69983e-09 	6.84838e-12 	1.39664e-06
70.0 	1.6175e-09 	4.40162e-11 	1.39668e-06
71.0 	1.56109e-09 	3.75615e-11 	1.39672e-06
72.0 	1.894e-09 	5.92592e-11 	1.39678e-06
73.0 	1.77313e-09 	4.20891e-11 	1.39682e-06
74.0 	1.30917e-09 	1.18315e-11 	1.39683e-06
75.0 	1.87659e-09 	2.30411e-12 	1.39684e-06
76.0 	1.539e-09 	3.83771e-11 	1.39687e-06
77.0 	1.58818e-09 	6.83608e-12 	1.39688e-06
78.0 	1.54134e-09 	1.04903e-11 	1.39689e-06
79.0 	1.42531e-09 	3.12501e-11 	1.39692e-06
80.0 	1.43176e-09 	1.11157e-11 	1.39693e-06
81.0 	1.3676e-09 	1.26347e-11 	1.39695e-06
82.0 	1.45248e-09 	3.59544e-11 	1.39698e-06
83.0 	1.69738e-09 	1.38175e-11 	1.397e-06
84.0 	1.57473e-09 	-2.9557e-11 	1.39697e-06
85.0 	1.52451e-09 	1.35493e-11 	1.39698e-06
86.0 	1.50715e-09 	3.85988e-11 	1.39702e-06
87.0 	1.5605e-09 	9.60927e-12 	1.39703e-06
88.0 	1.40268e-09 	2.93858e-11 	1.39706e-06
89.0 	1.36588e-09 	1.32063e-11 	1.39707e-06
90.0 	1.54084e-09 	1.73686e-11 	1.39709e-06
91.0 	1.39297e-09 	2.90735e-11 	1.39712e-06
92.0 	1.17246e-09 	1.1099e-11 	1.39713e-06
93.0 	1.54179e-09 	-1.3404e-11 	1.39712e-06
94.0 	1.56051e-09 	-1.09703e-11 	1.3971e-06
95.0 	1.28329e-09 	1.1167e-11 	1.39712e-06
96.0 	1.54893e-09 	3.56508e-11 	1.39715e-06
97.0 	1.30102e-09 	1.01082e-11 	1.39716e-06
98.0 	1.48059e-09 	-1.36167e-11 	1.39715e-06
99.0 	1.55461e-09 	-1.89783e-11 	1.39713e-06
100.0 	1.66503e-09 	-3.95776e-13 	1.39713e-06
101.0 	1.70309e-09 	8.56534e-12 	1.39714e-06
102.0 	1.4801e-09 	3.8976e-11 	1.39718e-06
103.0 	1.67362e-09 	5.74889e-12 	1.39718e-06
104.0 	1.7532e-09 	4.26847e-11 	1.39722e-06
105.0 	1.77055e-09 	2.75561e-12 	1.39723e-06
106.0 	1.87257e-09 	-1.32582e-11 	1.39721e-06
107.0 	1.95313e-09 	-5.05752e-11 	1.39716e-06
108.0 	1.91228e-09 	-5.2835e-11 	1.39711e-06
109.0 	1.97202e-09 	-5.6728e-11 	1.39705e-06
110.0 	2.03581e-09 	-6.08152e-11 	1.39699e-06
111.0 	2.09096e-09 	-6.47819e-11 	1.39693e-06
112.0 	2.13802e-09 	-6.83739e-11 	1.39686e-06
113.0 	2.18142e-09 	-7.15252e-11 	1.39679e-06
114.0 	2.22586e-09 	-7.47828e-11 	1.39671e-06
115.0 	2.27558e-09 	-7.92114e-11 	1.39663e-06
116.0 	2.33326e-09 	-8.58239e-11 	1.39655e-06
117.0 	2.39305e-09 	-9.08238e-11 	1.39646e-06
118.0 	2.46119e-09 	-1.01925e-10 	1.39636e-06
119.0 	2.53209e-09 	-1.14757e-10 	1.39624e-06
120.0 	2.60501e-09 	-1.28728e-10 	1.39611e-06
121.0 	2.67586e-09 	-1.4365e-10 	1.39597e-06
122.0 	2.74489e-09 	-1.59887e-10 	1.39581e-06
123.0 	2.69921e-09 	2.76969e-10 	1.39609e-06
124.0 	2.8091e-09 	2.50953e-10 	1.39634e-06
125.0 	2.43986e-09 	-9.83445e-11 	1.39624e-06
126.0 	2.88594e-09 	2.59538e-10 	1.3965e-06
127.0 	2.47419e-09 	-8.24703e-11 	1.39642e-06
128.0 	2.90876e-09 	2.52675e-10 	1.39667e-06
129.0 	3.03298e-09 	2.25192e-10 	1.39689e-06
130.0 	2.62625e-09 	-4.79855e-11 	1.39685e-06
131.0 	2.58759e-09 	-1.01848e-10 	1.39674e-06
132.0 	3.12757e-09 	-1.64991e-10 	1.39658e-06
133.0 	3.13034e-09 	-1.7177e-10 	1.39641e-06
134.0 	3.17555e-09 	-1.83738e-10 	1.39622e-06
135.0 	3.06377e-09 	2.88662e-10 	1.39651e-06
136.0 	3.17647e-09 	2.421e-10 	1.39675e-06
137.0 	2.79709e-09 	-5.9418e-11 	1.39669e-06
138.0 	3.29754e-09 	2.92157e-10 	1.39699e-06
139.0 	3.33369e-09 	2.17027e-10 	1.3972e-06
140.0 	2.91188e-09 	-2.28741e-11 	1.39718e-06
141.0 	3.28619e-09 	-1.07095e-10 	1.39707e-06
142.0 	3.27734e-09 	-1.7852e-10 	1.39689e-06
143.0 	2.80589e-09 	1.99012e-10 	1.39709e-06
144.0 	2.71445e-09 	-3.82309e-11 	1.39706e-06
145.0 	2.86369e-09 	1.93212e-10 	1.39725e-06
146.0 	2.81491e-09 	-4.87457e-11 	1.3972e-06
147.0 	2.84357e-09 	1.93845e-10 	1.39739e-06
148.0 	2.81326e-09 	-5.31022e-11 	1.39734e-06
149.0 	2.81227e-09 	1.89094e-10 	1.39753e-06
150.0 	2.80168e-09 	-5.64529e-11 	1.39747e-06
151.0 	2.78719e-09 	1.87134e-10 	1.39766e-06
152.0 	2.78854e-09 	-6.00535e-11 	1.3976e-06
153.0 	2.74655e-09 	1.84509e-10 	1.39778e-06
154.0 	3.18739e-09 	-7.20146e-11 	1.39771e-06
155.0 	2.83296e-09 	1.85334e-10 	1.3979e-06
156.0 	3.29028e-09 	-7.59057e-11 	1.39782e-06
157.0 	3.06952e-09 	-1.07554e-10 	1.39771e-06
158.0 	2.92925e-09 	-1.49353e-10 	1.39757e-06
159.0 	2.89975e-09 	-1.67392e-10 	1.3974e-06
160.0 	2.91109e-09 	-1.84346e-10 	1.39721e-06
161.0 	2.93661e-09 	-2.26611e-10 	1.39699e-06
162.0 	3.1501e-09 	-3.57852e-10 	1.39663e-06
163.0 	3.28247e-09 	-4.29582e-10 	1.3962e-06
164.0 	3.19633e-09 	5.56792e-10 	1.39676e-06
165.0 	2.98658e-09 	-1.08713e-10 	1.39665e-06
166.0 	2.84834e-09 	-2.90355e-10 	1.39636e-06
167.0 	3.01974e-09 	-2.04176e-10 	1.39615e-06
168.0 	3.01235e-09 	9.12169e-14 	1.39615e-06
169.0 	3.02366e-09 	5.91396e-11 	1.39621e-06
170.0 	2.77432e-09 	-2.3631e-11 	1.39619e-06
171.0 	2.60806e-09 	-2.30545e-11 	1.39617e-06
172.0 	2.44747e-09 	-1.16898e-10 	1.39605e-06
173.0 	2.37119e-09 	-1.49609e-10 	1.3959e-06
174.0 	2.45042e-09 	-1.55219e-10 	1.39574e-06
175.0 	2.38336e-09 	-1.55076e-10 	1.39559e-06
176.0 	2.39746e-09 	-1.59774e-10 	1.39543e-06
177.0 	2.42203e-09 	-1.68957e-10 	1.39526e-06
178.0 	2.44676e-09 	-1.75997e-10 	1.39508e-06
179.0 	2.45684e-09 	-1.75125e-10 	1.39491e-06
180.0 	2.47495e-09 	-1.77755e-10 	1.39473e-06
181.0 	2.47977e-09 	-1.76758e-10 	1.39455e-06
182.0 	2.1648e-09 	-1.19498e-10 	1.39444e-06
183.0 	2.96976e-09 	2.37249e-10 	1.39467e-06
184.0 	2.78163e-09 	-8.47702e-11 	1.39459e-06
185.0 	2.91271e-09 	-3.58142e-11 	1.39455e-06
186.0 	2.8311e-09 	1.96256e-11 	1.39457e-06
187.0 	2.69453e-09 	2.35225e-11 	1.39459e-06
188.0 	2.76844e-09 	2.17831e-11 	1.39462e-06
189.0 	2.78188e-09 	1.99025e-11 	1.39464e-06
190.0 	2.77896e-09 	1.81855e-11 	1.39465e-06
191.0 	2.76844e-09 	1.68452e-11 	1.39467e-06
192.0 	2.75141e-09 	1.56851e-11 	1.39469e-06
193.0 	2.73089e-09 	1.44942e-11 	1.3947e-06
194.0 	2.70732e-09 	1.32582e-11 	1.39472e-06
195.0 	2.68007e-09 	1.20688e-11 	1.39473e-06
196.0 	2.6479e-09 	1.10231e-11 	1.39474e-06
197.0 	2.61336e-09 	1.00787e-11 	1.39475e-06
198.0 	2.57748e-09 	9.09084e-12 	1.39476e-06
199.0 	2.54093e-09 	8.15293e-12 	1.39477e-06
200.0 	2.50248e-09 	7.10438e-12 	1.39477e-06
201.0 	2.46309e-09 	6.07659e-12 	1.39478e-06
202.0 	2.42122e-09 	5.02528e-12 	1.39478e-06
203.0 	2.65967e-09 	-4.3945e-11 	1.39474e-06
204.0 	2.30346e-09 	1.87456e-12 	1.39474e-06
205.0 	2.52947e-09 	-4.32208e-11 	1.3947e-06
206.0 	2.43635e-09 	-4.14731e-11 	1.39466e-06
207.0 	2.32059e-09 	-3.73297e-11 	1.39462e-06
208.0 	2.22984e-09 	-6.99935e-12 	1.39461e-06
209.0 	2.12322e-09 	1.19698e-11 	1.39462e-06
210.0 	2.14371e-09 	-2.54236e-11 	1.3946e-06
211.0 	2.1095e-09 	3.14373e-11 	1.39463e-06
212.0 	2.0889e-09 	-3.29403e-11 	1.3946e-06
213.0 	2.07279e-09 	-9.18094e-11 	1.39451e-06
214.0 	1.95897e-09 	-1.3496e-12 	1.3945e-06
215.0 	2.01155e-09 	-1.24414e-11 	1.39449e-06
216.0 	1.92259e-09 	1.50916e-11 	1.39451e-06
217.0 	2.06678e-09 	-2.16792e-11 	1.39449e-06
218.0 	2.05905e-09 	-1.96466e-11 	1.39447e-06
219.0 	2.05022e-09 	-2.09851e-11 	1.39444e-06
220.0 	2.35164e-09 	-5.5749e-11 	1.39439e-06
221.0 	2.25688e-09 	-4.54026e-11 	1.39434e-06
222.0 	2.03829e-09 	-6.65864e-11 	1.39428e-06
223.0 	2.27987e-09 	-4.01693e-11 	1.39424e-06
224.0 	2.21833e-09 	-3.13362e-11 	1.39421e-06
225.0 	2.21655e-09 	-3.06481e-11 	1.39417e-06
226.0 	2.20696e-09 	-3.28403e-11 	1.39414e-06
227.0 	2.19193e-09 	-3.37121e-11 	1.39411e-06
228.0 	2.17741e-09 	-3.5303e-11 	1.39407e-06
229.0 	2.16445e-09 	-3.62087e-11 	1.39404e-06
230.0 	2.14796e-09 	-3.63191e-11 	1.394e-06
231.0 	2.03747e-09 	-5.75164e-11 	1.39394e-06
232.0 	1.70005e-09 	-2.82434e-11 	1.39391e-06
233.0 	1.68996e-09 	-2.79429e-11 	1.39389e-06
234.0 	1.67805e-09 	-3.07331e-11 	1.39386e-06
235.0 	1.66604e-09 	-3.00795e-11 	1.39383e-06
236.0 	1.54499e-09 	-4.2925e-11 	1.39378e-06
237.0 	1.49138e-09 	-4.00185e-11 	1.39374e-06
238.0 	1.43035e-09 	-3.71736e-11 	1.39371e-06
239.0 	2.00537e-09 	-2.99925e-11 	1.39368e-06
240.0 	1.97478e-09 	1.17958e-10 	1.39379e-06
241.0 	2.07455e-09 	2.00949e-11 	1.39381e-06
242.0 	1.96931e-09 	2.75001e-11 	1.39384e-06
243.0 	1.93648e-09 	-1.60771e-11 	1.39383e-06
244.0 	1.95331e-09 	4.35782e-11 	1.39387e-06
245.0 	2.16807e-09 	-4.54907e-11 	1.39382e-06
246.0 	2.11136e-09 	-3.64637e-11 	1.39379e-06
247.0 	2.10828e-09 	-3.45952e-11 	1.39375e-06
248.0 	2.10177e-09 	-3.33658e-11 	1.39372e-06
249.0 	2.08893e-09 	-3.15859e-11 	1.39369e-06
250.0 	1.3735e-09 	-1.62563e-11 	1.39367e-06
251.0 	1.33898e-09 	-1.46167e-11 	1.39366e-06
252.0 	1.43452e-09 	-2.99451e-11 	1.39363e-06
253.0 	1.37228e-09 	-2.67395e-11 	1.3936e-06
254.0 	1.31054e-09 	-2.3102e-11 	1.39358e-06
255.0 	1.25375e-09 	-1.86621e-11 	1.39356e-06
256.0 	1.38412e-09 	-1.73259e-11 	1.39354e-06
257.0 	1.34862e-09 	-9.90517e-12 	1.39353e-06
258.0 	1.34055e-09 	-7.83729e-12 	1.39352e-06
259.0 	1.32898e-09 	-4.76248e-12 	1.39352e-06
260.0 	1.30929e-09 	-2.801e-12 	1.39352e-06
261.0 	1.40676e-09 	-1.59742e-11 	1.3935e-06
262.0 	1.34932e-09 	-1.19383e-11 	1.39349e-06
263.0 	1.2933e-09 	-5.83286e-12 	1.39348e-06
264.0 	1.43202e-09 	5.00883e-11 	1.39353e-06
265.0 	1.41426e-09 	-8.59245e-11 	1.39345e-06
266.0 	1.49258e-09 	-7.87145e-11 	1.39337e-06
267.0 	1.49098e-09 	3.0816e-11 	1.3934e-06
268.0 	1.53774e-09 	7.55843e-11 	1.39347e-06
269.0 	1.54051e-09 	7.60742e-11 	1.39355e-06
270.0 	1.48648e-09 	7.77956e-11 	1.39363e-06
271.0 	1.45583e-09 	8.01019e-11 	1.39371e-06
272.0 	1.422e-09 	8.42637e-11 	1.39379e-06
273.0 	1.41694e-09 	1.02642e-10 	1.39389e-06
274.0 	1.4209e-09 	1.28053e-10 	1.39402e-06
275.0 	1.40376e-09 	1.49543e-10 	1.39417e-06
276.0 	1.46355e-09 	1.86409e-10 	1.39436e-06
277.0 	1.43583e-09 	-2.2692e-10 	1.39413e-06
278.0 	1.43677e-09 	-1.55143e-10 	1.39398e-06
279.0 	1.43268e-09 	-4.65402e-11 	1.39393e-06
280.0 	1.43979e-09 	-1.51298e-11 	1.39391e-06
281.0 	1.43641e-09 	3.32552e-13 	1.39392e-06
282.0 	1.44849e-09 	5.79378e-12 	1.39392e-06
283.0 	1.45568e-09 	1.00899e-11 	1.39393e-06
284.0 	1.45873e-09 	1.29971e-11 	1.39394e-06
285.0 	1.45991e-09 	1.51234e-11 	1.39396e-06
286.0 	1.46269e-09 	1.48737e-11 	1.39397e-06
287.0 	1.46041e-09 	1.55724e-11 	1.39399e-06
288.0 	1.45407e-09 	1.63265e-11 	1.39401e-06
289.0 	1.44896e-09 	1.69072e-11 	1.39402e-06
290.0 	1.44489e-09 	1.74127e-11 	1.39404e-06
291.0 	1.44497e-09 	1.80552e-11 	1.39406e-06
292.0 	1.18917e-09 	1.26748e-11 	1.39407e-06
293.0 	1.23369e-09 	1.57721e-11 	1.39409e-06
294.0 	1.21247e-09 	2.33529e-11 	1.39411e-06
295.0 	1.16867e-09 	3.36716e-11 	1.39414e-06
296.0 	1.2136e-09 	-2.61983e-11 	1.39412e-06
297.0 	1.23006e-09 	3.29645e-11 	1.39415e-06
298.0 	1.13823e-09 	3.14074e-11 	1.39418e-06
299.0 	1.1969e-09 	5.48679e-11 	1.39424e-06
300.0 	1.06228e-09 	-4.08626e-11 	1.3942e-06
301.0 	1.04866e-09 	-5.54722e-11 	1.39414e-06
302.0 	9.93999e-10 	-5.54868e-11 	1.39408e-06
303.0 	1.14684e-09 	8.4229e-11 	1.39417e-06
304.0 	9.91416e-10 	-5.66311e-11 	1.39411e-06
305.0 	1.05708e-09 	1.28051e-10 	1.39424e-06
306.0 	1.08344e-09 	-1.65699e-10 	1.39407e-06
307.0 	1.08088e-09 	-1.71539e-10 	1.3939e-06
308.0 	1.12841e-09 	-1.99612e-10 	1.3937e-06
309.0 	1.10806e-09 	-1.95413e-10 	1.39351e-06
310.0 	1.10248e-09 	-1.94264e-10 	1.39331e-06
311.0 	1.1823e-09 	2.37013e-10 	1.39355e-06
312.0 	1.18603e-09 	2.27649e-10 	1.39378e-06
313.0 	1.22555e-09 	2.29625e-10 	1.39401e-06
314.0 	1.24661e-09 	2.2545e-10 	1.39423e-06
315.0 	1.28428e-09 	2.28988e-10 	1.39446e-06
316.0 	1.30845e-09 	2.29392e-10 	1.39469e-06
317.0 	1.3289e-09 	2.29361e-10 	1.39492e-06
318.0 	1.33688e-09 	2.26594e-10 	1.39515e-06
319.0 	1.3405e-09 	2.23113e-10 	1.39537e-06
320.0 	1.33954e-09 	2.18694e-10 	1.39559e-06
321.0 	1.49417e-09 	-2.27879e-10 	1.39536e-06
322.0 	1.43933e-09 	-2.31011e-10 	1.39513e-06
323.0 	1.36538e-09 	-2.3174e-10 	1.3949e-06
324.0 	1.46282e-09 	2.63318e-10 	1.39516e-06
325.0 	1.48675e-09 	2.52114e-10 	1.39541e-06
326.0 	1.3554e-09 	-2.07822e-10 	1.39521e-06
327.0 	1.51072e-09 	2.63836e-10 	1.39547e-06
328.0 	1.34051e-09 	-2.10018e-10 	1.39526e-06
329.0 	1.48295e-09 	2.65716e-10 	1.39553e-06
330.0 	1.49769e-09 	2.48606e-10 	1.39578e-06
331.0 	1.31733e-09 	-1.81197e-10 	1.39559e-06
332.0 	1.45704e-09 	2.41489e-10 	1.39584e-06
333.0 	1.4629e-09 	2.19733e-10 	1.39606e-06
334.0 	1.27031e-09 	-1.4999e-10 	1.39591e-06
335.0 	1.40795e-09 	2.08444e-10 	1.39611e-06
336.0 	1.21016e-09 	-1.35504e-10 	1.39598e-06
337.0 	1.33546e-09 	1.95762e-10 	1.39617e-06
338.0 	1.16278e-09 	-1.24295e-10 	1.39605e-06
339.0 	1.1099e-09 	-1.37252e-10 	1.39591e-06
340.0 	1.16219e-09 	2.13544e-10 	1.39613e-06
341.0 	1.07795e-09 	-1.35241e-10 	1.39599e-06
342.0 	1.13993e-09 	2.14716e-10 	1.39621e-06
343.0 	1.04212e-09 	-1.16786e-10 	1.39609e-06
344.0 	1.06318e-09 	1.89708e-10 	1.39628e-06
345.0 	1.04406e-09 	-1.22417e-10 	1.39616e-06
346.0 	9.23158e-10 	-1.65697e-10 	1.39599e-06
347.0 	9.28646e-10 	1.77346e-10 	1.39617e-06
348.0 	9.86449e-10 	-1.40716e-10 	1.39603e-06
349.0 	9.62494e-10 	1.78828e-10 	1.39621e-06
350.0 	8.86635e-10 	-1.39381e-10 	1.39607e-06
351.0 	8.32194e-10 	-1.30171e-10 	1.39594e-06
352.0 	8.77388e-10 	-1.24269e-10 	1.39581e-06
353.0 	8.60685e-10 	1.35043e-10 	1.39595e-06
354.0 	8.62871e-10 	-1.32961e-10 	1.39581e-06
355.0 	8.5684e-10 	-1.36994e-10 	1.39568e-06
356.0 	8.20403e-10 	-1.2981e-10 	1.39555e-06
357.0 	7.75957e-10 	-1.14909e-10 	1.39543e-06
358.0 	8.29262e-10 	1.10812e-10 	1.39554e-06
359.0 	8.34787e-10 	6.67014e-11 	1.39561e-06
360.0 	7.53832e-10 	-1.62476e-11 	1.39559e-06
361.0 	8.11319e-10 	-8.71064e-11 	1.39551e-06
362.0 	8.08201e-10 	-6.11901e-11 	1.39545e-06
363.0 	7.8859e-10 	-6.21449e-11 	1.39538e-06
364.0 	7.89854e-10 	7.91545e-11 	1.39546e-06
365.0 	7.94732e-10 	-5.53669e-11 	1.39541e-06
366.0 	7.89693e-10 	-6.58292e-11 	1.39534e-06
367.0 	7.74084e-10 	-5.37387e-11 	1.39529e-06
368.0 	7.78081e-10 	-5.66466e-11 	1.39523e-06
369.0 	7.72543e-10 	-5.20308e-11 	1.39518e-06
370.0 	7.83062e-10 	-5.49767e-11 	1.39512e-06
371.0 	7.91798e-10 	-5.28693e-11 	1.39507e-06
372.0 	7.84014e-10 	-5.02662e-11 	1.39502e-06
373.0 	7.63637e-10 	-5.19068e-11 	1.39497e-06
374.0 	8.06082e-10 	-6.99264e-11 	1.3949e-06
375.0 	7.60615e-10 	-7.09451e-11 	1.39483e-06
376.0 	7.9561e-10 	-6.62906e-11 	1.39476e-06
377.0 	7.61939e-10 	-7.24787e-11 	1.39469e-06
378.0 	8.03454e-10 	-5.47594e-11 	1.39463e-06
379.0 	8.04837e-10 	-3.7951e-11 	1.3946e-06
380.0 	7.53731e-10 	2.56514e-11 	1.39462e-06
381.0 	8.2058e-10 	1.74506e-11 	1.39464e-06
382.0 	7.66357e-10 	-9.93381e-12 	1.39463e-06
383.0 	8.07148e-10 	2.1191e-11 	1.39465e-06
384.0 	7.96897e-10 	1.90293e-11 	1.39467e-06
385.0 	7.50522e-10 	1.78811e-11 	1.39469e-06
386.0 	7.14993e-10 	1.85094e-11 	1.39471e-06
387.0 	7.56518e-10 	1.92872e-11 	1.39473e-06
388.0 	7.12485e-10 	-7.22378e-12 	1.39472e-06
389.0 	6.86128e-10 	-7.4049e-12 	1.39471e-06
390.0 	6.85059e-10 	2.36766e-11 	1.39473e-06
391.0 	6.74224e-10 	2.21242e-11 	1.39476e-06
392.0 	6.6824e-10 	2.15146e-11 	1.39478e-06
393.0 	6.70783e-10 	2.13692e-11 	1.3948e-06
394.0 	6.8371e-10 	2.14422e-11 	1.39482e-06
395.0 	7.06574e-10 	2.13879e-11 	1.39484e-06
396.0 	7.38962e-10 	2.15846e-11 	1.39486e-06
397.0 	6.78304e-10 	-7.29532e-12 	1.39486e-06
398.0 	7.29028e-10 	2.24685e-11 	1.39488e-06
399.0 	7.25586e-10 	2.2438e-11 	1.3949e-06
400.0 	7.35653e-10 	2.39869e-11 	1.39493e-06
401.0 	7.21982e-10 	2.37354e-11 	1.39495e-06
402.0 	7.0852e-10 	2.37297e-11 	1.39497e-06
403.0 	6.99041e-10 	2.39181e-11 	1.395e-06
404.0 	6.93701e-10 	2.42125e-11 	1.39502e-06
405.0 	6.91018e-10 	2.45172e-11 	1.39505e-06
406.0 	6.88344e-10 	2.46713e-11 	1.39507e-06
407.0 	6.70009e-10 	2.31913e-11 	1.39509e-06
408.0 	7.65742e-10 	-1.32804e-11 	1.39508e-06
409.0 	7.22041e-10 	-1.45987e-11 	1.39507e-06
410.0 	7.37153e-10 	3.69663e-11 	1.3951e-06
411.0 	7.53051e-10 	3.55982e-11 	1.39514e-06
412.0 	6.90597e-10 	-1.45067e-11 	1.39512e-06
413.0 	7.16042e-10 	3.67937e-11 	1.39516e-06
414.0 	7.28124e-10 	3.41327e-11 	1.39519e-06
415.0 	7.48346e-10 	3.2503e-11 	1.39523e-06
416.0 	7.67545e-10 	3.15175e-11 	1.39526e-06
417.0 	6.84773e-10 	-1.22247e-11 	1.39525e-06
418.0 	7.1626e-10 	3.11707e-11 	1.39528e-06
419.0 	7.25048e-10 	2.95804e-11 	1.39531e-06
420.0 	7.42348e-10 	2.85007e-11 	1.39534e-06
421.0 	7.55562e-10 	2.73179e-11 	1.39536e-06
422.0 	7.64859e-10 	2.68137e-11 	1.39539e-06
423.0 	7.60537e-10 	2.44507e-11 	1.39541e-06
424.0 	7.53219e-10 	2.32004e-11 	1.39544e-06
425.0 	7.46746e-10 	2.15704e-11 	1.39546e-06
426.0 	7.44647e-10 	2.01212e-11 	1.39548e-06
427.0 	7.4309e-10 	1.92534e-11 	1.3955e-06
428.0 	7.39691e-10 	1.89301e-11 	1.39552e-06
429.0 	7.34259e-10 	1.82731e-11 	1.39554e-06
430.0 	7.28931e-10 	1.83548e-11 	1.39555e-06
431.0 	7.2246e-10 	1.869e-11 	1.39557e-06
432.0 	7.12504e-10 	1.83952e-11 	1.39559e-06
433.0 	8.36913e-10 	-5.71033e-12 	1.39559e-06
434.0 	7.97236e-10 	-7.01836e-12 	1.39558e-06
435.0 	7.51037e-10 	-1.13658e-11 	1.39557e-06
436.0 	7.89496e-10 	4.22769e-11 	1.39561e-06
437.0 	7.0889e-10 	-1.66552e-11 	1.39559e-06
438.0 	7.52508e-10 	4.68698e-11 	1.39564e-06
439.0 	7.84064e-10 	3.09828e-11 	1.39567e-06
440.0 	7.00192e-10 	-1.97713e-11 	1.39565e-06
441.0 	7.70528e-10 	3.73932e-11 	1.39569e-06
442.0 	7.99578e-10 	2.66468e-11 	1.39571e-06
443.0 	7.11955e-10 	-1.70185e-11 	1.3957e-06
444.0 	7.7466e-10 	3.52527e-11 	1.39573e-06
445.0 	7.86412e-10 	2.73921e-11 	1.39576e-06
446.0 	5.19924e-10 	-2.81874e-12 	1.39576e-06
447.0 	4.87561e-10 	-4.31244e-12 	1.39575e-06
448.0 	7.1616e-10 	4.80361e-11 	1.3958e-06
449.0 	7.5514e-10 	3.07738e-11 	1.39583e-06
450.0 	7.66119e-10 	2.08361e-11 	1.39585e-06
451.0 	7.52191e-10 	1.55604e-11 	1.39587e-06
452.0 	7.73209e-10 	1.49445e-11 	1.39588e-06
453.0 	7.03751e-10 	-2.33097e-11 	1.39586e-06
454.0 	6.81846e-10 	-2.7568e-11 	1.39583e-06
455.0 	7.45114e-10 	5.12037e-11 	1.39588e-06
456.0 	6.6785e-10 	-2.62215e-11 	1.39586e-06
457.0 	7.29449e-10 	6.18547e-11 	1.39592e-06
458.0 	6.65208e-10 	-2.66379e-11 	1.39589e-06
459.0 	6.6497e-10 	7.17621e-11 	1.39596e-06
460.0 	6.9219e-10 	6.24706e-11 	1.39603e-06
461.0 	7.21957e-10 	5.03294e-11 	1.39608e-06
462.0 	7.43462e-10 	4.13511e-11 	1.39612e-06
463.0 	7.58038e-10 	3.56308e-11 	1.39615e-06
464.0 	6.62601e-10 	-2.0279e-11 	1.39613e-06
465.0 	7.32402e-10 	4.4454e-11 	1.39618e-06
466.0 	7.55093e-10 	4.05537e-11 	1.39622e-06
467.0 	6.64025e-10 	-2.2248e-11 	1.3962e-06
468.0 	7.38432e-10 	5.08134e-11 	1.39625e-06
469.0 	7.58773e-10 	4.50626e-11 	1.39629e-06
470.0 	6.68113e-10 	-2.24505e-11 	1.39627e-06
471.0 	4.56993e-10 	-1.32777e-11 	1.39626e-06
472.0 	4.26017e-10 	-2.2291e-11 	1.39623e-06
473.0 	4.11707e-10 	-6.69541e-11 	1.39617e-06
474.0 	4.73607e-10 	-8.35587e-11 	1.39608e-06
475.0 	4.67449e-10 	3.2718e-11 	1.39612e-06
476.0 	4.34415e-10 	4.68358e-12 	1.39612e-06
477.0 	4.59132e-10 	-3.8843e-11 	1.39608e-06
478.0 	6.56777e-10 	2.49886e-11 	1.39611e-06
479.0 	6.27971e-10 	-1.29734e-11 	1.39609e-06
480.0 	6.64383e-10 	6.1678e-11 	1.39616e-06
481.0 	7.22226e-10 	5.03127e-11 	1.39621e-06
482.0 	6.82201e-10 	-1.59067e-11 	1.39619e-06
483.0 	6.68095e-10 	5.15903e-11 	1.39624e-06
484.0 	4.5766e-10 	3.88688e-12 	1.39625e-06
485.0 	4.05421e-10 	3.51907e-11 	1.39628e-06
486.0 	7.10173e-10 	2.94642e-11 	1.39631e-06
487.0 	6.83899e-10 	7.00337e-12 	1.39632e-06
488.0 	6.57703e-10 	1.46341e-12 	1.39632e-06
489.0 	7.18191e-10 	-1.33268e-12 	1.39632e-06
490.0 	6.34584e-10 	-6.89836e-12 	1.39631e-06
491.0 	7.01569e-10 	5.76529e-11 	1.39637e-06
492.0 	6.95076e-10 	3.61889e-11 	1.3964e-06
493.0 	6.8805e-10 	1.98137e-11 	1.39642e-06
494.0 	6.86676e-10 	1.16545e-11 	1.39644e-06
495.0 	6.87074e-10 	8.07063e-12 	1.39644e-06
496.0 	6.84667e-10 	5.38691e-12 	1.39645e-06
497.0 	6.8041e-10 	4.11175e-12 	1.39645e-06
498.0 	6.74696e-10 	3.26362e-12 	1.39646e-06
499.0 	6.69395e-10 	2.78709e-12 	1.39646e-06
500.0 	6.65313e-10 	2.47122e-12 	1.39646e-06
501.0 	5.24173e-10 	3.26652e-13 	1.39646e-06
502.0 	6.32487e-10 	5.57565e-12 	1.39647e-06
503.0 	6.30366e-10 	4.85603e-12 	1.39647e-06
504.0 	6.31139e-10 	4.19172e-12 	1.39648e-06
505.0 	6.31033e-10 	3.524e-12 	1.39648e-06
506.0 	6.30824e-10 	3.18415e-12 	1.39648e-06
507.0 	6.30638e-10 	3.11319e-12 	1.39649e-06
508.0 	5.00965e-10 	1.20825e-12 	1.39649e-06
509.0 	6.04986e-10 	6.49769e-12 	1.39649e-06
510.0 	6.04514e-10 	6.50169e-12 	1.3965e-06
511.0 	6.0576e-10 	6.02816e-12 	1.39651e-06
512.0 	6.06314e-10 	6.21966e-12 	1.39651e-06
513.0 	6.05968e-10 	6.28527e-12 	1.39652e-06
514.0 	6.0389e-10 	6.37616e-12 	1.39653e-06
515.0 	6.00166e-10 	6.32364e-12 	1.39653e-06
516.0 	5.96046e-10 	6.32536e-12 	1.39654e-06
517.0 	5.92164e-10 	6.40338e-12 	1.39655e-06
518.0 	5.88613e-10 	6.58746e-12 	1.39655e-06
519.0 	5.85194e-10 	6.86025e-12 	1.39656e-06
520.0 	5.81286e-10 	7.17365e-12 	1.39657e-06
521.0 	5.76965e-10 	7.20962e-12 	1.39657e-06
522.0 	5.71675e-10 	7.41714e-12 	1.39658e-06
523.0 	5.65722e-10 	7.53804e-12 	1.39659e-06
524.0 	5.59267e-10 	7.59417e-12 	1.3966e-06
525.0 	5.51062e-10 	7.45156e-12 	1.3966e-06
526.0 	5.43265e-10 	7.37904e-12 	1.39661e-06
527.0 	5.36464e-10 	7.40385e-12 	1.39662e-06
528.0 	5.30509e-10 	7.49824e-12 	1.39663e-06
529.0 	5.24996e-10 	7.62351e-12 	1.39663e-06
530.0 	5.19557e-10 	7.75073e-12 	1.39664e-06
531.0 	5.14039e-10 	7.88154e-12 	1.39665e-06
532.0 	5.08265e-10 	8.00898e-12 	1.39666e-06
533.0 	5.02196e-10 	8.11797e-12 	1.39666e-06
534.0 	4.95994e-10 	8.1955e-12 	1.39667e-06
535.0 	4.90303e-10 	8.23335e-12 	1.39668e-06
536.0 	4.83405e-10 	8.11328e-12 	1.39669e-06
537.0 	4.77677e-10 	8.06425e-12 	1.3967e-06
538.0 	4.73601e-10 	8.11979e-12 	1.39671e-06
539.0 	4.70929e-10 	8.26841e-12 	1.39671e-06
540.0 	4.69021e-10 	8.49844e-12 	1.39672e-06
541.0 	4.6733e-10 	8.78263e-12 	1.39673e-06
542.0 	4.65556e-10 	9.05521e-12 	1.39674e-06
543.0 	4.63418e-10 	9.26801e-12 	1.39675e-06
544.0 	4.60624e-10 	9.32396e-12 	1.39676e-06
545.0 	4.57923e-10 	9.31574e-12 	1.39677e-06
546.0 	4.5562e-10 	9.43525e-12 	1.39678e-06
547.0 	4.51671e-10 	9.32468e-12 	1.39679e-06
548.0 	4.4824e-10 	9.29063e-12 	1.3968e-06
549.0 	4.45807e-10 	9.33728e-12 	1.39681e-06
550.0 	4.44369e-10 	9.44024e-12 	1.39681e-06
551.0 	4.43865e-10 	9.55489e-12 	1.39682e-06
552.0 	4.43985e-10 	9.66539e-12 	1.39683e-06
553.0 	4.44425e-10 	9.72766e-12 	1.39684e-06
554.0 	4.44605e-10 	9.81326e-12 	1.39685e-06
555.0 	4.4453e-10 	9.88062e-12 	1.39686e-06
556.0 	4.44312e-10 	9.92079e-12 	1.39687e-06
557.0 	4.43946e-10 	9.94237e-12 	1.39688e-06
558.0 	4.42587e-10 	9.89427e-12 	1.39689e-06
559.0 	4.41347e-10 	9.89763e-12 	1.3969e-06
560.0 	4.40744e-10 	9.94794e-12 	1.39691e-06
561.0 	4.40787e-10 	1.00275e-11 	1.39692e-06
562.0 	4.41194e-10 	1.01274e-11 	1.39693e-06
563.0 	4.41665e-10 	1.02384e-11 	1.39694e-06
564.0 	4.42049e-10 	1.03468e-11 	1.39695e-06
565.0 	4.42251e-10 	1.0365e-11 	1.39696e-06
566.0 	4.42441e-10 	1.04192e-11 	1.39697e-06
567.0 	4.42854e-10 	1.04334e-11 	1.39698e-06
568.0 	4.43384e-10 	1.0422e-11 	1.397e-06
569.0 	4.43239e-10 	1.03567e-11 	1.39701e-06
570.0 	4.43222e-10 	1.03425e-11 	1.39702e-06
571.0 	4.43483e-10 	1.03687e-11 	1.39703e-06
572.0 	4.42851e-10 	1.03869e-11 	1.39704e-06
573.0 	4.4328e-10 	1.03581e-11 	1.39705e-06
574.0 	4.45192e-10 	1.02623e-11 	1.39706e-06
575.0 	4.45964e-10 	1.02781e-11 	1.39707e-06
576.0 	4.46738e-10 	1.02726e-11 	1.39708e-06
577.0 	4.47416e-10 	1.02536e-11 	1.39709e-06
578.0 	4.4805e-10 	1.02223e-11 	1.3971e-06
579.0 	4.47245e-10 	1.01505e-11 	1.39711e-06
580.0 	4.46393e-10 	1.01166e-11 	1.39712e-06
581.0 	4.46113e-10 	1.01623e-11 	1.39713e-06
582.0 	4.4618e-10 	1.01516e-11 	1.39714e-06
583.0 	4.46796e-10 	1.01678e-11 	1.39715e-06
584.0 	4.47416e-10 	1.01042e-11 	1.39716e-06
585.0 	4.48069e-10 	1.00295e-11 	1.39717e-06
586.0 	4.48573e-10 	9.95541e-12 	1.39718e-06
587.0 	3.04096e-10 	5.36359e-12 	1.39718e-06
588.0 	2.98033e-10 	5.22737e-12 	1.39719e-06
589.0 	2.92251e-10 	5.13616e-12 	1.39719e-06
590.0 	2.87381e-10 	5.03734e-12 	1.3972e-06
591.0 	2.85156e-10 	5.22537e-12 	1.39721e-06
592.0 	2.83898e-10 	5.20353e-12 	1.39721e-06
593.0 	2.83771e-10 	5.19606e-12 	1.39722e-06
594.0 	2.84211e-10 	5.19178e-12 	1.39722e-06
595.0 	2.84722e-10 	5.18162e-12 	1.39723e-06
596.0 	2.85034e-10 	5.16081e-12 	1.39723e-06
597.0 	2.85026e-10 	5.12782e-12 	1.39724e-06
598.0 	2.84732e-10 	5.08178e-12 	1.39724e-06
599.0 	2.84401e-10 	5.05416e-12 	1.39725e-06
600.0 	2.84241e-10 	5.12285e-12 	1.39725e-06
601.0 	2.83577e-10 	5.07138e-12 	1.39726e-06
602.0 	2.82743e-10 	5.00444e-12 	1.39726e-06
603.0 	2.81822e-10 	4.92699e-12 	1.39727e-06
604.0 	2.81004e-10 	4.84136e-12 	1.39727e-06
605.0 	2.80443e-10 	4.74752e-12 	1.39728e-06
606.0 	2.80094e-10 	4.65322e-12 	1.39728e-06
607.0 	2.79877e-10 	4.56449e-12 	1.39729e-06
608.0 	2.8004e-10 	4.53809e-12 	1.39729e-06
609.0 	2.80034e-10 	4.50232e-12 	1.39729e-06
610.0 	2.79863e-10 	4.4385e-12 	1.3973e-06
611.0 	2.79531e-10 	4.34621e-12 	1.3973e-06
612.0 	2.79046e-10 	4.23591e-12 	1.39731e-06
613.0 	2.78504e-10 	4.11894e-12 	1.39731e-06
614.0 	2.78138e-10 	3.99758e-12 	1.39732e-06
615.0 	2.77946e-10 	3.88202e-12 	1.39732e-06
616.0 	2.77951e-10 	3.81934e-12 	1.39732e-06
617.0 	2.77659e-10 	3.7411e-12 	1.39733e-06
618.0 	2.77786e-10 	3.74651e-12 	1.39733e-06
619.0 	2.77768e-10 	3.72978e-12 	1.39733e-06
620.0 	2.77548e-10 	3.67211e-12 	1.39734e-06
621.0 	2.77114e-10 	3.57259e-12 	1.39734e-06
622.0 	2.76569e-10 	3.44166e-12 	1.39735e-06
623.0 	2.76123e-10 	3.38988e-12 	1.39735e-06
624.0 	2.75661e-10 	3.24874e-12 	1.39735e-06
625.0 	2.75317e-10 	3.12148e-12 	1.39735e-06
626.0 	2.7505e-10 	3.01488e-12 	1.39736e-06
627.0 	2.74826e-10 	2.92972e-12 	1.39736e-06
628.0 	2.74982e-10 	2.94696e-12 	1.39736e-06
629.0 	2.7512e-10 	2.75238e-12 	1.39737e-06
630.0 	2.74919e-10 	2.69324e-12 	1.39737e-06
631.0 	2.74409e-10 	2.58771e-12 	1.39737e-06
632.0 	2.73737e-10 	2.4501e-12 	1.39737e-06
633.0 	2.73066e-10 	2.29971e-12 	1.39738e-06
634.0 	2.72449e-10 	2.1543e-12 	1.39738e-06
635.0 	2.71838e-10 	2.11992e-12 	1.39738e-06
636.0 	2.71318e-10 	2.021e-12 	1.39738e-06
637.0 	2.70772e-10 	2.10474e-12 	1.39738e-06
638.0 	2.70693e-10 	1.99684e-12 	1.39739e-06
639.0 	2.70551e-10 	2.01036e-12 	1.39739e-06
640.0 	2.70108e-10 	1.9667e-12 	1.39739e-06
641.0 	2.68708e-10 	1.84944e-12 	1.39739e-06
642.0 	2.67724e-10 	1.71649e-12 	1.39739e-06
643.0 	2.66749e-10 	1.5661e-12 	1.3974e-06
644.0 	2.6593e-10 	1.4178e-12 	1.3974e-06
645.0 	2.65313e-10 	1.28673e-12 	1.3974e-06
646.0 	2.64787e-10 	1.18124e-12 	1.3974e-06
647.0 	2.64296e-10 	1.10246e-12 	1.3974e-06
648.0 	2.64279e-10 	1.15597e-12 	1.3974e-06
649.0 	2.64321e-10 	1.17712e-12 	1.3974e-06
650.0 	2.64034e-10 	1.13938e-12 	1.3974e-06
651.0 	2.6338e-10 	1.04093e-12 	1.39741e-06
652.0 	2.62496e-10 	8.97836e-13 	1.39741e-06
653.0 	2.61763e-10 	6.76346e-13 	1.39741e-06
654.0 	2.60957e-10 	5.09368e-13 	1.39741e-06
655.0 	2.60254e-10 	3.63875e-13 	1.39741e-06
656.0 	2.59632e-10 	2.50697e-13 	1.39741e-06
657.0 	2.59504e-10 	3.18552e-13 	1.39741e-06
658.0 	2.5898e-10 	2.64312e-13 	1.39741e-06
659.0 	2.58989e-10 	3.56952e-13 	1.39741e-06
660.0 	2.59027e-10 	3.99874e-13 	1.39741e-06
661.0 	2.58584e-10 	3.62653e-13 	1.39741e-06
662.0 	2.57623e-10 	2.469e-13 	1.39741e-06
663.0 	2.56394e-10 	7.62896e-14 	1.39741e-06
664.0 	2.55194e-10 	-1.17138e-13 	1.39741e-06
665.0 	2.54189e-10 	-3.05091e-13 	1.39741e-06
666.0 	2.53341e-10 	-4.64455e-13 	1.39741e-06
667.0 	2.52563e-10 	-5.82658e-13 	1.39741e-06
668.0 	2.51862e-10 	-6.61831e-13 	1.39741e-06
669.0 	2.51288e-10 	-7.1223e-13 	1.39741e-06
670.0 	2.5125e-10 	-5.96105e-13 	1.39741e-06
671.0 	2.51376e-10 	-5.37841e-13 	1.39741e-06
672.0 	2.5124e-10 	-5.84142e-13 	1.39741e-06
673.0 	3.64713e-10 	2.68892e-12 	1.39741e-06
674.0 	3.71078e-10 	2.05079e-12 	1.39741e-06
675.0 	3.77439e-10 	1.12183e-12 	1.39741e-06
676.0 	2.64232e-10 	-1.8983e-12 	1.39741e-06
677.0 	3.75891e-10 	8.18494e-14 	1.39741e-06
678.0 	3.76897e-10 	-2.6079e-13 	1.39741e-06
679.0 	3.77684e-10 	-5.30668e-13 	1.39741e-06
680.0 	3.78002e-10 	-7.22389e-13 	1.39741e-06
681.0 	3.78067e-10 	-6.52451e-13 	1.39741e-06
682.0 	3.78173e-10 	-6.29802e-13 	1.39741e-06
683.0 	3.77468e-10 	-6.99179e-13 	1.39741e-06
684.0 	3.75917e-10 	-8.74242e-13 	1.39741e-06
685.0 	3.73958e-10 	-1.13509e-12 	1.3974e-06
686.0 	3.71887e-10 	-1.51169e-12 	1.3974e-06
687.0 	3.70238e-10 	-1.82832e-12 	1.3974e-06
688.0 	3.68717e-10 	-2.11756e-12 	1.3974e-06
689.0 	3.67172e-10 	-2.35517e-12 	1.3974e-06
690.0 	3.65512e-10 	-2.53084e-12 	1.39739e-06
691.0 	3.63793e-10 	-2.44929e-12 	1.39739e-06
692.0 	3.62622e-10 	-2.39142e-12 	1.39739e-06
693.0 	3.60996e-10 	-2.41401e-12 	1.39739e-06
694.0 	3.58712e-10 	-2.53596e-12 	1.39738e-06
695.0 	3.56105e-10 	-2.74415e-12 	1.39738e-06
696.0 	3.53568e-10 	-3.0065e-12 	1.39738e-06
697.0 	3.51328e-10 	-3.28509e-12 	1.39738e-06
698.0 	3.49276e-10 	-3.54568e-12 	1.39737e-06
699.0 	3.47227e-10 	-3.76405e-12 	1.39737e-06
700.0 	3.451e-10 	-3.92901e-12 	1.39736e-06
701.0 	3.42895e-10 	-4.04195e-12 	1.39736e-06
702.0 	3.40604e-10 	-4.11419e-12 	1.39736e-06
703.0 	3.38768e-10 	-3.94652e-12 	1.39735e-06
704.0 	3.37368e-10 	-3.84417e-12 	1.39735e-06
705.0 	3.35258e-10 	-3.86716e-12 	1.39734e-06
706.0 	3.32364e-10 	-4.02494e-12 	1.39734e-06
707.0 	3.29252e-10 	-4.28666e-12 	1.39734e-06
708.0 	3.26279e-10 	-4.73423e-12 	1.39733e-06
709.0 	3.24228e-10 	-5.04951e-12 	1.39733e-06
710.0 	3.2248e-10 	-5.32703e-12 	1.39732e-06
711.0 	3.20672e-10 	-5.54292e-12 	1.39732e-06
712.0 	3.18697e-10 	-5.69015e-12 	1.39731e-06
713.0 	3.16502e-10 	-5.56165e-12 	1.3973e-06
714.0 	3.15297e-10 	-5.43536e-12 	1.3973e-06
715.0 	3.13878e-10 	-5.41346e-12 	1.39729e-06
716.0 	3.12044e-10 	-5.50949e-12 	1.39729e-06
717.0 	3.10151e-10 	-5.70954e-12 	1.39728e-06
718.0 	3.08571e-10 	-5.97443e-12 	1.39728e-06
719.0 	3.07495e-10 	-6.25888e-12 	1.39727e-06
720.0 	3.06716e-10 	-6.52405e-12 	1.39726e-06
721.0 	3.05948e-10 	-6.74422e-12 	1.39726e-06
722.0 	3.05047e-10 	-6.9083e-12 	1.39725e-06
723.0 	3.03984e-10 	-7.01757e-12 	1.39724e-06
724.0 	3.0285e-10 	-7.08257e-12 	1.39724e-06
725.0 	3.01738e-10 	-7.11972e-12 	1.39723e-06
726.0 	3.01378e-10 	-6.90583e-12 	1.39722e-06
727.0 	3.0141e-10 	-6.7795e-12 	1.39721e-06
728.0 	3.72118e-10 	-6.71475e-12 	1.39721e-06
729.0 	3.50698e-10 	-7.54585e-12 	1.3972e-06
730.0 	3.23957e-10 	-9.0673e-12 	1.39719e-06
731.0 	3.24803e-10 	-9.57371e-12 	1.39718e-06
732.0 	3.24005e-10 	-9.76111e-12 	1.39717e-06
733.0 	3.23774e-10 	-9.87222e-12 	1.39716e-06
734.0 	3.24244e-10 	-9.90488e-12 	1.39715e-06
735.0 	3.23387e-10 	-9.57332e-12 	1.39714e-06
736.0 	3.23358e-10 	-9.3189e-12 	1.39713e-06
737.0 	3.23351e-10 	-9.31228e-12 	1.39712e-06
738.0 	3.23159e-10 	-9.18949e-12 	1.39711e-06
739.0 	3.22847e-10 	-9.15198e-12 	1.39711e-06
740.0 	3.22713e-10 	-9.18878e-12 	1.3971e-06
741.0 	3.22904e-10 	-9.26367e-12 	1.39709e-06
742.0 	3.23175e-10 	-9.32688e-12 	1.39708e-06
743.0 	3.23272e-10 	-9.33801e-12 	1.39707e-06
744.0 	3.23042e-10 	-9.27966e-12 	1.39706e-06
745.0 	3.22519e-10 	-9.15451e-12 	1.39705e-06
746.0 	3.21615e-10 	-8.77749e-12 	1.39704e-06
747.0 	3.2159e-10 	-7.37639e-12 	1.39703e-06
748.0 	3.21043e-10 	-7.06605e-12 	1.39703e-06
749.0 	3.20903e-10 	-7.91179e-12 	1.39702e-06
750.0 	3.21525e-10 	-7.57312e-12 	1.39701e-06
751.0 	3.21197e-10 	-7.3032e-12 	1.397e-06
752.0 	3.2099e-10 	-5.56113e-12 	1.397e-06
753.0 	3.20117e-10 	-5.7733e-12 	1.39699e-06
754.0 	3.20433e-10 	-5.29016e-12 	1.39699e-06
755.0 	3.21363e-10 	-5.24097e-12 	1.39698e-06
756.0 	3.22306e-10 	-5.06387e-12 	1.39698e-06
757.0 	3.22743e-10 	-4.77772e-12 	1.39697e-06
758.0 	3.21398e-10 	-4.16399e-12 	1.39697e-06
759.0 	3.21497e-10 	-3.47467e-12 	1.39696e-06
760.0 	3.217e-10 	-2.86441e-12 	1.39696e-06
761.0 	3.21723e-10 	-2.40411e-12 	1.39696e-06
762.0 	3.21494e-10 	-2.06942e-12 	1.39696e-06
763.0 	3.21632e-10 	-1.79582e-12 	1.39696e-06
764.0 	3.22278e-10 	-1.51017e-12 	1.39695e-06
765.0 	3.23745e-10 	1.63756e-12 	1.39696e-06
766.0 	3.24624e-10 	2.13107e-12 	1.39696e-06
767.0 	3.24922e-10 	2.67248e-12 	1.39696e-06
768.0 	3.2496e-10 	3.21028e-12 	1.39696e-06
769.0 	3.24906e-10 	3.74772e-12 	1.39697e-06
770.0 	3.24695e-10 	4.39485e-12 	1.39697e-06
771.0 	2.02648e-10 	1.9115e-12 	1.39697e-06
772.0 	1.99863e-10 	2.60713e-12 	1.39698e-06
773.0 	3.19346e-10 	6.63705e-12 	1.39698e-06
774.0 	1.98749e-10 	2.97405e-12 	1.39699e-06
775.0 	1.97276e-10 	3.68704e-12 	1.39699e-06
776.0 	1.99347e-10 	6.20972e-12 	1.397e-06
777.0 	2.00874e-10 	5.7929e-12 	1.397e-06
778.0 	2.01357e-10 	7.70271e-12 	1.39701e-06
779.0 	1.99913e-10 	7.33809e-12 	1.39702e-06
780.0 	2.00197e-10 	7.50605e-12 	1.39702e-06
781.0 	2.00873e-10 	7.89706e-12 	1.39703e-06
782.0 	2.01685e-10 	8.70741e-12 	1.39704e-06
783.0 	2.02401e-10 	9.2724e-12 	1.39705e-06
784.0 	2.0407e-10 	1.06775e-11 	1.39706e-06
785.0 	2.05534e-10 	1.16159e-11 	1.39707e-06
786.0 	2.06474e-10 	1.23195e-11 	1.39708e-06
787.0 	2.07062e-10 	1.28909e-11 	1.3971e-06
788.0 	2.0728e-10 	1.32989e-11 	1.39711e-06
789.0 	2.09054e-10 	1.45525e-11 	1.39713e-06
790.0 	2.09494e-10 	1.46599e-11 	1.39714e-06
791.0 	2.09107e-10 	1.48213e-11 	1.39715e-06
792.0 	2.09765e-10 	1.53682e-11 	1.39717e-06
793.0 	2.10331e-10 	1.58688e-11 	1.39719e-06
794.0 	2.15968e-10 	1.83289e-11 	1.3972e-06
795.0 	2.18062e-10 	1.91424e-11 	1.39722e-06
796.0 	2.19505e-10 	1.97505e-11 	1.39724e-06
797.0 	2.2167e-10 	2.0706e-11 	1.39726e-06
798.0 	2.23064e-10 	2.13295e-11 	1.39729e-06
799.0 	2.23777e-10 	2.1719e-11 	1.39731e-06
800.0 	2.2275e-10 	2.15035e-11 	1.39733e-06
801.0 	2.22136e-10 	2.14634e-11 	1.39735e-06
802.0 	2.22317e-10 	2.17894e-11 	1.39737e-06
803.0 	2.22647e-10 	2.20978e-11 	1.39739e-06
804.0 	2.2366e-10 	2.25965e-11 	1.39742e-06
805.0 	2.2437e-10 	2.30049e-11 	1.39744e-06
806.0 	2.25243e-10 	2.348e-11 	1.39746e-06
807.0 	2.26052e-10 	2.39091e-11 	1.39749e-06
808.0 	2.26539e-10 	2.4209e-11 	1.39751e-06
809.0 	2.26651e-10 	2.43695e-11 	1.39754e-06
810.0 	2.26507e-10 	2.44388e-11 	1.39756e-06
811.0 	2.26272e-10 	2.44812e-11 	1.39758e-06
812.0 	2.2582e-10 	2.44813e-11 	1.39761e-06
813.0 	2.26047e-10 	2.47613e-11 	1.39763e-06
814.0 	2.26163e-10 	2.49961e-11 	1.39766e-06
815.0 	2.26097e-10 	2.51395e-11 	1.39768e-06
816.0 	2.26257e-10 	2.53391e-11 	1.39771e-06
817.0 	1.83609e-10 	-1.99634e-11 	1.39769e-06
818.0 	1.86607e-10 	-1.98862e-11 	1.39767e-06
819.0 	1.90543e-10 	-1.92486e-11 	1.39765e-06
820.0 	1.93994e-10 	-1.77396e-11 	1.39763e-06
821.0 	1.94642e-10 	-1.48176e-11 	1.39762e-06
822.0 	1.94885e-10 	-1.19057e-11 	1.39761e-06
823.0 	1.93495e-10 	-8.02473e-12 	1.3976e-06
824.0 	1.95862e-10 	-7.02178e-12 	1.39759e-06
825.0 	1.96387e-10 	-5.26904e-12 	1.39759e-06
826.0 	1.97504e-10 	-4.69177e-12 	1.39758e-06
827.0 	1.9811e-10 	-4.01779e-12 	1.39758e-06
828.0 	1.98653e-10 	-3.48596e-12 	1.39757e-06
829.0 	2.01068e-10 	-3.92094e-12 	1.39757e-06
830.0 	2.0139e-10 	-3.64712e-12 	1.39757e-06
831.0 	2.00931e-10 	-3.17765e-12 	1.39756e-06
832.0 	2.00842e-10 	-2.82129e-12 	1.39756e-06
833.0 	2.01586e-10 	-2.61791e-12 	1.39756e-06
834.0 	2.01316e-10 	-2.39907e-12 	1.39755e-06
835.0 	2.01287e-10 	-2.30456e-12 	1.39755e-06
836.0 	2.01271e-10 	-2.27346e-12 	1.39755e-06
837.0 	2.01437e-10 	-2.28262e-12 	1.39755e-06
838.0 	2.01698e-10 	-2.2959e-12 	1.39755e-06
839.0 	2.01849e-10 	-2.27837e-12 	1.39754e-06
840.0 	2.01772e-10 	-2.21128e-12 	1.39754e-06
841.0 	2.01287e-10 	-1.93682e-12 	1.39754e-06
842.0 	2.01e-10 	-1.73538e-12 	1.39754e-06
843.0 	2.00612e-10 	-1.63598e-12 	1.39754e-06
844.0 	2.00276e-10 	-1.55654e-12 	1.39753e-06
845.0 	1.99937e-10 	-1.52668e-12 	1.39753e-06
846.0 	1.99722e-10 	-1.52989e-12 	1.39753e-06
847.0 	1.9971e-10 	-1.50441e-12 	1.39753e-06
848.0 	1.99512e-10 	-1.49437e-12 	1.39753e-06
849.0 	1.99164e-10 	-1.44851e-12 	1.39753e-06
850.0 	1.98591e-10 	-1.39963e-12 	1.39752e-06
851.0 	1.97979e-10 	-1.26991e-12 	1.39752e-06
852.0 	1.97566e-10 	-1.14767e-12 	1.39752e-06
853.0 	1.97277e-10 	-9.17655e-13 	1.39752e-06
854.0 	1.96512e-10 	-2.83906e-13 	1.39752e-06
855.0 	1.96284e-10 	-1.80475e-13 	1.39752e-06
856.0 	1.95864e-10 	-1.43589e-13 	1.39752e-06
857.0 	1.95499e-10 	-1.62241e-13 	1.39752e-06
858.0 	1.95334e-10 	-2.12257e-13 	1.39752e-06
859.0 	1.95258e-10 	-2.80945e-13 	1.39752e-06
860.0 	1.95147e-10 	-2.88852e-13 	1.39752e-06
861.0 	1.94846e-10 	-2.41703e-13 	1.39752e-06
862.0 	1.94204e-10 	-9.78996e-15 	1.39752e-06
863.0 	1.93938e-10 	6.12235e-14 	1.39752e-06
864.0 	1.93617e-10 	1.84941e-13 	1.39752e-06
865.0 	1.93198e-10 	2.5859e-13 	1.39752e-06
866.0 	1.92738e-10 	2.9011e-13 	1.39752e-06
867.0 	1.92348e-10 	2.93165e-13 	1.39752e-06
868.0 	1.92055e-10 	2.89864e-13 	1.39752e-06
869.0 	1.91753e-10 	3.03932e-13 	1.39752e-06
870.0 	1.91382e-10 	3.51195e-13 	1.39752e-06
871.0 	2.81876e-10 	-4.3683e-12 	1.39752e-06
872.0 	2.85835e-10 	-3.35142e-12 	1.39751e-06
873.0 	2.9019e-10 	-2.52295e-12 	1.39751e-06
874.0 	2.93548e-10 	-1.88469e-12 	1.39751e-06
875.0 	2.95539e-10 	-1.36404e-12 	1.39751e-06
876.0 	2.95999e-10 	-9.78659e-13 	1.39751e-06
877.0 	2.95361e-10 	-7.16009e-13 	1.39751e-06
878.0 	2.94191e-10 	-5.47393e-13 	1.39751e-06
879.0 	2.92813e-10 	-4.26595e-13 	1.39751e-06
880.0 	2.91433e-10 	-3.05042e-13 	1.39751e-06
881.0 	2.90116e-10 	-1.48727e-13 	1.39751e-06
882.0 	2.88869e-10 	1.88909e-13 	1.39751e-06
883.0 	2.87657e-10 	6.16379e-13 	1.39751e-06
884.0 	2.86996e-10 	8.72778e-13 	1.39751e-06
885.0 	2.86298e-10 	1.08142e-12 	1.39751e-06
886.0 	2.85549e-10 	1.24399e-12 	1.39751e-06
887.0 	2.8482e-10 	1.36951e-12 	1.39751e-06
888.0 	2.84047e-10 	1.47641e-12 	1.39751e-06
889.0 	2.83149e-10 	1.58693e-12 	1.39751e-06
890.0 	2.82076e-10 	1.71866e-12 	1.39752e-06
891.0 	2.80868e-10 	1.87919e-12 	1.39752e-06
892.0 	2.79612e-10 	2.06605e-12 	1.39752e-06
893.0 	2.78591e-10 	2.38007e-12 	1.39752e-06
894.0 	2.77759e-10 	2.64294e-12 	1.39752e-06
895.0 	2.76795e-10 	2.85203e-12 	1.39753e-06
896.0 	2.75643e-10 	3.01099e-12 	1.39753e-06
897.0 	2.74438e-10 	3.12187e-12 	1.39753e-06
898.0 	2.7335e-10 	3.19593e-12 	1.39754e-06
899.0 	2.72365e-10 	3.25657e-12 	1.39754e-06
900.0 	2.71363e-10 	3.27296e-12 	1.39754e-06
901.0 	2.70378e-10 	3.38069e-12 	1.39755e-06
902.0 	2.69341e-10 	3.6394e-12 	1.39755e-06
903.0 	2.6897e-10 	3.46023e-12 	1.39755e-06
904.0 	2.68396e-10 	3.64441e-12 	1.39756e-06
905.0 	2.6775e-10 	3.80114e-12 	1.39756e-06
906.0 	2.67027e-10 	3.9299e-12 	1.39756e-06
907.0 	2.66325e-10 	4.03429e-12 	1.39757e-06
908.0 	2.65626e-10 	4.1258e-12 	1.39757e-06
909.0 	2.64915e-10 	4.22003e-12 	1.39758e-06
910.0 	2.64163e-10 	4.32969e-12 	1.39758e-06
911.0 	2.63335e-10 	4.46011e-12 	1.39759e-06
912.0 	2.62484e-10 	4.60923e-12 	1.39759e-06
913.0 	2.61872e-10 	4.84317e-12 	1.3976e-06
914.0 	2.61422e-10 	5.0381e-12 	1.3976e-06
915.0 	2.60847e-10 	5.20048e-12 	1.39761e-06
916.0 	2.60139e-10 	5.20429e-12 	1.39761e-06
917.0 	2.59262e-10 	5.30569e-12 	1.39762e-06
918.0 	2.58359e-10 	5.5012e-12 	1.39762e-06
919.0 	2.576e-10 	5.55775e-12 	1.39763e-06
920.0 	2.56881e-10 	5.61963e-12 	1.39763e-06
921.0 	2.56118e-10 	5.70179e-12 	1.39764e-06
922.0 	2.55296e-10 	5.88697e-12 	1.39764e-06
923.0 	2.54746e-10 	5.92813e-12 	1.39765e-06
924.0 	2.54127e-10 	6.06558e-12 	1.39766e-06
925.0 	2.53401e-10 	6.18259e-12 	1.39766e-06
926.0 	2.52595e-10 	6.277e-12 	1.39767e-06
927.0 	2.51789e-10 	6.34963e-12 	1.39768e-06
928.0 	2.50546e-10 	6.4322e-12 	1.39768e-06
929.0 	2.49796e-10 	6.48753e-12 	1.39769e-06
930.0 	2.49021e-10 	6.55175e-12 	1.39769e-06
931.0 	2.48217e-10 	6.63028e-12 	1.3977e-06
932.0 	2.47417e-10 	6.72259e-12 	1.39771e-06
933.0 	2.46671e-10 	6.94228e-12 	1.39772e-06
934.0 	2.46277e-10 	7.07314e-12 	1.39772e-06
935.0 	3.05181e-10 	8.39251e-12 	1.39773e-06
936.0 	2.83686e-10 	9.48125e-12 	1.39774e-06
937.0 	2.58195e-10 	1.30634e-11 	1.39775e-06
938.0 	2.59382e-10 	1.28534e-11 	1.39777e-06
939.0 	2.5151e-10 	1.26377e-11 	1.39778e-06
940.0 	2.50712e-10 	1.21935e-11 	1.39779e-06
941.0 	2.51151e-10 	1.17896e-11 	1.3978e-06
942.0 	2.50275e-10 	1.1556e-11 	1.39781e-06
943.0 	2.49492e-10 	1.13733e-11 	1.39783e-06
944.0 	2.48975e-10 	1.11701e-11 	1.39784e-06
945.0 	2.48531e-10 	1.09169e-11 	1.39785e-06
946.0 	2.4807e-10 	1.06207e-11 	1.39786e-06
947.0 	2.4761e-10 	1.02991e-11 	1.39787e-06
948.0 	2.47505e-10 	9.29124e-12 	1.39788e-06
949.0 	2.47014e-10 	8.89314e-12 	1.39789e-06
950.0 	1.62727e-10 	5.45084e-12 	1.39789e-06
951.0 	1.60719e-10 	5.03769e-12 	1.3979e-06
952.0 	1.58746e-10 	4.58559e-12 	1.3979e-06
953.0 	2.40135e-10 	6.84454e-12 	1.39791e-06
954.0 	1.57228e-10 	3.65294e-12 	1.39791e-06
955.0 	1.57543e-10 	3.19315e-12 	1.39792e-06
956.0 	1.57269e-10 	3.10457e-12 	1.39792e-06
957.0 	1.56719e-10 	2.88333e-12 	1.39792e-06
958.0 	1.56329e-10 	2.64654e-12 	1.39792e-06
959.0 	1.56017e-10 	2.50602e-12 	1.39793e-06
960.0 	1.55772e-10 	2.36485e-12 	1.39793e-06
961.0 	1.55644e-10 	2.09601e-12 	1.39793e-06
962.0 	1.55584e-10 	1.8565e-12 	1.39793e-06
963.0 	1.55662e-10 	1.54047e-12 	1.39793e-06
964.0 	1.55764e-10 	1.15954e-12 	1.39794e-06
965.0 	1.55438e-10 	8.75375e-13 	1.39794e-06
966.0 	1.5558e-10 	1.34596e-13 	1.39794e-06
967.0 	1.55399e-10 	-8.71955e-14 	1.39794e-06
968.0 	1.55217e-10 	-3.71558e-13 	1.39794e-06
969.0 	1.55263e-10 	-7.43242e-13 	1.39794e-06
970.0 	1.55163e-10 	-8.73738e-13 	1.39793e-06
971.0 	2.4624e-10 	-4.60722e-12 	1.39793e-06
972.0 	1.56583e-10 	-1.6362e-12 	1.39793e-06
973.0 	2.48618e-10 	-6.05963e-12 	1.39792e-06
974.0 	1.59041e-10 	-2.46454e-12 	1.39792e-06
975.0 	2.50859e-10 	-7.63169e-12 	1.39791e-06
976.0 	2.52254e-10 	-8.04035e-12 	1.3979e-06
977.0 	2.52298e-10 	-8.46793e-12 	1.3979e-06
978.0 	2.53207e-10 	-8.87764e-12 	1.39789e-06
979.0 	2.53967e-10 	-9.33127e-12 	1.39788e-06
980.0 	2.5441e-10 	-9.84697e-12 	1.39787e-06
981.0 	2.54624e-10 	-1.03964e-11 	1.39786e-06
982.0 	2.54785e-10 	-1.0984e-11 	1.39785e-06
983.0 	2.5516e-10 	-1.16768e-11 	1.39783e-06
984.0 	2.55568e-10 	-1.26372e-11 	1.39782e-06
985.0 	2.5847e-10 	-1.42428e-11 	1.39781e-06
986.0 	2.58898e-10 	-1.47419e-11 	1.39779e-06
987.0 	2.59437e-10 	-1.52475e-11 	1.39778e-06
988.0 	2.60045e-10 	-1.5772e-11 	1.39776e-06
989.0 	2.60682e-10 	-1.63131e-11 	1.39775e-06
990.0 	2.62973e-10 	-1.79825e-11 	1.39773e-06
991.0 	2.6589e-10 	-1.9049e-11 	1.39771e-06
992.0 	2.67002e-10 	-1.94785e-11 	1.39769e-06
993.0 	2.67641e-10 	-2.0032e-11 	1.39767e-06
994.0 	2.68469e-10 	-2.06459e-11 	1.39765e-06
995.0 	2.69086e-10 	-2.11516e-11 	1.39763e-06
996.0 	2.69387e-10 	-2.15242e-11 	1.39761e-06
997.0 	2.69555e-10 	-2.18303e-11 	1.39758e-06
998.0 	2.69724e-10 	-2.21461e-11 	1.39756e-06
999.0 	2.70316e-10 	-2.2633e-11 	1.39754e-06
1000.0 	2.70976e-10 	-2.30913e-11 	1.39752e-06
1001.0 	2.74245e-10 	-2.42368e-11 	1.39749e-06
1002.0 	2.7481e-10 	-2.46337e-11 	1.39747e-06
1003.0 	2.75526e-10 	-2.50826e-11 	1.39744e-06
1004.0 	2.76159e-10 	-2.54888e-11 	1.39742e-06
1005.0 	2.76584e-10 	-2.58179e-11 	1.39739e-06
1006.0 	2.76911e-10 	-2.6094e-11 	1.39736e-06
1007.0 	2.77218e-10 	-2.63592e-11 	1.39734e-06
1008.0 	2.7755e-10 	-2.66382e-11 	1.39731e-06
1009.0 	2.77893e-10 	-2.69316e-11 	1.39728e-06
1010.0 	2.78212e-10 	-2.72277e-11 	1.39726e-06
1011.0 	2.78531e-10 	-2.75149e-11 	1.39723e-06
1012.0 	2.78855e-10 	-2.77901e-11 	1.3972e-06
1013.0 	2.181e-10 	2.36664e-11 	1.39723e-06
1014.0 	2.20946e-10 	2.35442e-11 	1.39725e-06
1015.0 	2.25017e-10 	2.31935e-11 	1.39727e-06
1016.0 	2.28112e-10 	2.20691e-11 	1.39729e-06
1017.0 	2.3088e-10 	2.03913e-11 	1.39732e-06
1018.0 	2.33034e-10 	1.83065e-11 	1.39733e-06
1019.0 	2.34645e-10 	1.61012e-11 	1.39735e-06
1020.0 	2.3599e-10 	1.40514e-11 	1.39736e-06
1021.0 	2.37558e-10 	1.18003e-11 	1.39738e-06
1022.0 	2.37589e-10 	9.93693e-12 	1.39739e-06
1023.0 	2.38822e-10 	8.31763e-12 	1.39739e-06
1024.0 	2.39738e-10 	7.49541e-12 	1.3974e-06
1025.0 	2.40428e-10 	6.76829e-12 	1.39741e-06
1026.0 	2.41049e-10 	6.37789e-12 	1.39741e-06
1027.0 	2.41572e-10 	6.04522e-12 	1.39742e-06
1028.0 	2.42024e-10 	5.7618e-12 	1.39743e-06
1029.0 	2.42282e-10 	5.65808e-12 	1.39743e-06
1030.0 	2.40855e-10 	4.73332e-12 	1.39744e-06
1031.0 	2.4122e-10 	4.58059e-12 	1.39744e-06
1032.0 	2.415e-10 	4.4506e-12 	1.39745e-06
1033.0 	2.41748e-10 	4.39855e-12 	1.39745e-06
1034.0 	2.42035e-10 	4.33615e-12 	1.39745e-06
1035.0 	2.42217e-10 	4.23982e-12 	1.39746e-06
1036.0 	2.42266e-10 	4.10641e-12 	1.39746e-06
1037.0 	2.42233e-10 	3.94664e-12 	1.39747e-06
1038.0 	2.42183e-10 	3.7765e-12 	1.39747e-06
1039.0 	2.42144e-10 	3.61066e-12 	1.39747e-06
1040.0 	2.42094e-10 	3.45935e-12 	1.39748e-06
1041.0 	2.4187e-10 	3.42964e-12 	1.39748e-06
1042.0 	2.41642e-10 	3.37741e-12 	1.39748e-06
1043.0 	2.41477e-10 	3.32567e-12 	1.39749e-06
1044.0 	2.41254e-10 	3.25283e-12 	1.39749e-06
1045.0 	2.40965e-10 	3.15131e-12 	1.39749e-06
1046.0 	2.40678e-10 	3.17078e-12 	1.3975e-06
1047.0 	2.40358e-10 	3.07012e-12 	1.3975e-06
1048.0 	2.39869e-10 	3.01696e-12 	1.3975e-06
1049.0 	2.39508e-10 	2.89153e-12 	1.39751e-06
1050.0 	2.39117e-10 	2.77592e-12 	1.39751e-06
1051.0 	2.38668e-10 	2.67097e-12 	1.39751e-06
1052.0 	2.38192e-10 	2.57544e-12 	1.39751e-06
1053.0 	2.37692e-10 	2.53979e-12 	1.39752e-06
1054.0 	2.37255e-10 	2.49142e-12 	1.39752e-06
1055.0 	2.37544e-10 	2.69228e-12 	1.39752e-06
1056.0 	2.36965e-10 	2.57645e-12 	1.39752e-06
1057.0 	2.36359e-10 	2.43641e-12 	1.39753e-06
1058.0 	2.35775e-10 	2.2871e-12 	1.39753e-06
1059.0 	2.35282e-10 	2.14096e-12 	1.39753e-06
1060.0 	2.34906e-10 	2.00548e-12 	1.39753e-06
1061.0 	2.34499e-10 	1.88347e-12 	1.39754e-06
1062.0 	2.34007e-10 	1.81667e-12 	1.39754e-06
1063.0 	2.33616e-10 	1.74889e-12 	1.39754e-06
1064.0 	2.33231e-10 	1.66211e-12 	1.39754e-06
1065.0 	2.32808e-10 	1.55085e-12 	1.39754e-06
1066.0 	2.32361e-10 	1.41918e-12 	1.39754e-06
1067.0 	2.31918e-10 	1.27592e-12 	1.39754e-06
1068.0 	2.31531e-10 	1.12988e-12 	1.39755e-06
1069.0 	2.3112e-10 	9.87438e-13 	1.39755e-06
1070.0 	2.30674e-10 	8.52616e-13 	1.39755e-06
1071.0 	2.30174e-10 	7.26221e-13 	1.39755e-06
1072.0 	2.29635e-10 	6.07389e-13 	1.39755e-06
1073.0 	2.29051e-10 	5.34983e-13 	1.39755e-06
1074.0 	2.28581e-10 	4.54311e-13 	1.39755e-06
1075.0 	2.28071e-10 	3.4804e-13 	1.39755e-06
1076.0 	2.27505e-10 	2.13658e-13 	1.39755e-06
1077.0 	2.26929e-10 	5.89177e-14 	1.39755e-06
1078.0 	2.26394e-10 	-1.04675e-13 	1.39755e-06
1079.0 	2.25941e-10 	-2.67109e-13 	1.39755e-06
1080.0 	2.25517e-10 	-4.21956e-13 	1.39755e-06
1081.0 	2.25092e-10 	-5.66211e-13 	1.39755e-06
1082.0 	2.24513e-10 	-6.63994e-13 	1.39755e-06
1083.0 	2.24016e-10 	-7.60737e-13 	1.39755e-06
1084.0 	2.23521e-10 	-8.70737e-13 	1.39755e-06
1085.0 	2.23007e-10 	-9.98966e-13 	1.39755e-06
1086.0 	2.22485e-10 	-1.14248e-12 	1.39754e-06
1087.0 	2.21987e-10 	-1.29434e-12 	1.39754e-06
1088.0 	2.21503e-10 	-1.44744e-12 	1.39754e-06
1089.0 	2.21052e-10 	-1.5965e-12 	1.39754e-06
1090.0 	2.2145e-10 	-1.13784e-12 	1.39754e-06
1091.0 	2.21026e-10 	-1.26858e-12 	1.39754e-06
1092.0 	2.20636e-10 	-1.39449e-12 	1.39754e-06
1093.0 	2.20246e-10 	-1.51572e-12 	1.39754e-06
1094.0 	2.19805e-10 	-1.60696e-12 	1.39753e-06
1095.0 	2.19481e-10 	-1.70157e-12 	1.39753e-06
1096.0 	2.19162e-10 	-1.81322e-12 	1.39753e-06
1097.0 	2.18823e-10 	-1.94312e-12 	1.39753e-06
1098.0 	2.18508e-10 	-2.08435e-12 	1.39753e-06
1099.0 	2.1823e-10 	-2.22809e-12 	1.39752e-06
1100.0 	2.17999e-10 	-2.24566e-12 	1.39752e-06
1101.0 	2.17726e-10 	-2.37716e-12 	1.39752e-06
1102.0 	2.17268e-10 	-2.48072e-12 	1.39752e-06
1103.0 	2.16791e-10 	-2.6781e-12 	1.39751e-06
1104.0 	2.16403e-10 	-2.78415e-12 	1.39751e-06
1105.0 	2.16015e-10 	-2.89838e-12 	1.39751e-06
1106.0 	2.15616e-10 	-2.90328e-12 	1.39751e-06
1107.0 	2.15223e-10 	-3.02435e-12 	1.3975e-06
1108.0 	2.14633e-10 	-3.3445e-12 	1.3975e-06
1109.0 	2.14231e-10 	-3.35259e-12 	1.3975e-06
1110.0 	2.13791e-10 	-3.46471e-12 	1.39749e-06
1111.0 	2.13309e-10 	-3.5717e-12 	1.39749e-06
1112.0 	2.12796e-10 	-3.67405e-12 	1.39748e-06
1113.0 	2.12271e-10 	-3.77266e-12 	1.39748e-06
1114.0 	2.11742e-10 	-3.86868e-12 	1.39748e-06
1115.0 	2.11208e-10 	-3.96315e-12 	1.39747e-06
1116.0 	2.10665e-10 	-4.05699e-12 	1.39747e-06
1117.0 	2.1011e-10 	-4.15064e-12 	1.39747e-06
1118.0 	2.09558e-10 	-4.24405e-12 	1.39746e-06
1119.0 	1.44984e-10 	-4.21784e-12 	1.39746e-06
1120.0 	2.03762e-10 	-4.10982e-12 	1.39745e-06
1121.0 	1.40701e-10 	-4.12061e-12 	1.39745e-06
1122.0 	1.37498e-10 	-4.03422e-12 	1.39744e-06
1123.0 	1.34591e-10 	-3.96039e-12 	1.39744e-06
1124.0 	1.32283e-10 	-3.90846e-12 	1.39744e-06
1125.0 	1.30631e-10 	-3.87803e-12 	1.39743e-06
1126.0 	1.2949e-10 	-3.86369e-12 	1.39743e-06
1127.0 	1.28575e-10 	-3.84208e-12 	1.39742e-06
1128.0 	1.27854e-10 	-3.82793e-12 	1.39742e-06
1129.0 	1.27171e-10 	-3.82039e-12 	1.39742e-06
1130.0 	1.26423e-10 	-3.81793e-12 	1.39741e-06
1131.0 	1.25587e-10 	-3.81738e-12 	1.39741e-06
1132.0 	1.2492e-10 	-3.51664e-12 	1.39741e-06
1133.0 	1.23765e-10 	-3.57093e-12 	1.3974e-06
1134.0 	1.22761e-10 	-3.56434e-12 	1.3974e-06
1135.0 	1.21757e-10 	-3.55835e-12 	1.3974e-06
1136.0 	1.20754e-10 	-3.55423e-12 	1.39739e-06
1137.0 	1.44159e-10 	-4.93583e-12 	1.39739e-06
1138.0 	1.3002e-10 	-6.16725e-12 	1.39738e-06
1139.0 	1.29573e-10 	-6.40295e-12 	1.39737e-06
1140.0 	1.27492e-10 	-6.37545e-12 	1.39737e-06
1141.0 	1.25613e-10 	-6.27525e-12 	1.39736e-06
1142.0 	1.25548e-10 	-6.1158e-12 	1.39736e-06
1143.0 	1.25471e-10 	-5.93022e-12 	1.39735e-06
1144.0 	1.25012e-10 	-5.7716e-12 	1.39734e-06
1145.0 	1.24632e-10 	-5.35276e-12 	1.39734e-06
1146.0 	1.24117e-10 	-5.20773e-12 	1.39733e-06
1147.0 	1.23738e-10 	-5.06826e-12 	1.39733e-06
1148.0 	1.23434e-10 	-4.9267e-12 	1.39732e-06
1149.0 	1.24048e-10 	-4.09259e-12 	1.39732e-06
1150.0 	1.23706e-10 	-3.88666e-12 	1.39732e-06
1151.0 	1.23364e-10 	-3.54405e-12 	1.39731e-06
1152.0 	1.22976e-10 	-3.33492e-12 	1.39731e-06
1153.0 	1.22568e-10 	-3.1155e-12 	1.39731e-06
1154.0 	1.22819e-10 	-2.68665e-12 	1.3973e-06
1155.0 	1.22568e-10 	-2.39664e-12 	1.3973e-06
1156.0 	1.22376e-10 	-2.17207e-12 	1.3973e-06
1157.0 	1.22102e-10 	-1.98395e-12 	1.3973e-06
1158.0 	1.21956e-10 	-1.74415e-12 	1.39729e-06
1159.0 	1.21963e-10 	-1.45136e-12 	1.39729e-06
1160.0 	1.21821e-10 	-1.24747e-12 	1.39729e-06
1161.0 	1.21779e-10 	-1.01152e-12 	1.39729e-06
1162.0 	1.91077e-10 	1.29454e-12 	1.39729e-06
1163.0 	1.22243e-10 	-5.32807e-13 	1.39729e-06
1164.0 	1.92543e-10 	2.22161e-12 	1.39729e-06
1165.0 	1.93784e-10 	2.76319e-12 	1.3973e-06
1166.0 	1.94931e-10 	3.18902e-12 	1.3973e-06
1167.0 	1.95791e-10 	3.60073e-12 	1.3973e-06
1168.0 	1.96191e-10 	4.03724e-12 	1.39731e-06
1169.0 	1.96179e-10 	4.50277e-12 	1.39731e-06
1170.0 	1.9584e-10 	4.9715e-12 	1.39732e-06
1171.0 	1.95547e-10 	5.43207e-12 	1.39732e-06
1172.0 	1.95419e-10 	5.8859e-12 	1.39733e-06
1173.0 	1.95476e-10 	6.32747e-12 	1.39733e-06
1174.0 	1.95726e-10 	6.60395e-12 	1.39734e-06
1175.0 	1.95705e-10 	6.99477e-12 	1.39735e-06
1176.0 	1.96028e-10 	7.36067e-12 	1.39736e-06
1177.0 	1.96499e-10 	7.77516e-12 	1.39736e-06
1178.0 	1.96714e-10 	8.25154e-12 	1.39737e-06
1179.0 	1.9824e-10 	9.02916e-12 	1.39738e-06
1180.0 	1.9875e-10 	9.4311e-12 	1.39739e-06
1181.0 	1.99258e-10 	9.81627e-12 	1.3974e-06
1182.0 	1.99767e-10 	1.01835e-11 	1.39741e-06
1183.0 	2.00365e-10 	1.07337e-11 	1.39742e-06
1184.0 	2.01156e-10 	1.1283e-11 	1.39743e-06
1185.0 	2.01988e-10 	1.15212e-11 	1.39744e-06
1186.0 	2.02445e-10 	1.18196e-11 	1.39746e-06
1187.0 	2.0291e-10 	1.21185e-11 	1.39747e-06
1188.0 	2.05437e-10 	1.28348e-11 	1.39748e-06
1189.0 	2.06012e-10 	1.31183e-11 	1.39749e-06
1190.0 	2.06549e-10 	1.34168e-11 	1.39751e-06
1191.0 	2.07038e-10 	1.37195e-11 	1.39752e-06
1192.0 	2.07613e-10 	1.40812e-11 	1.39753e-06
1193.0 	2.08082e-10 	1.43356e-11 	1.39755e-06
1194.0 	2.08565e-10 	1.46277e-11 	1.39756e-06
1195.0 	2.09109e-10 	1.49185e-11 	1.39758e-06
1196.0 	2.0969e-10 	1.52026e-11 	1.39759e-06
1197.0 	2.10216e-10 	1.54697e-11 	1.39761e-06
1198.0 	2.09937e-10 	1.55545e-11 	1.39762e-06
1199.0 	2.10253e-10 	1.5789e-11 	1.39764e-06
1200.0 	2.10549e-10 	1.60335e-11 	1.39766e-06
1201.0 	2.10825e-10 	1.62766e-11 	1.39767e-06
1202.0 	2.11115e-10 	1.65135e-11 	1.39769e-06
1203.0 	2.11448e-10 	1.67434e-11 	1.39771e-06
1204.0 	2.11801e-10 	1.69643e-11 	1.39772e-06
1205.0 	2.1216e-10 	1.71728e-11 	1.39774e-06
1206.0 	2.12496e-10 	1.73661e-11 	1.39776e-06
1207.0 	2.12822e-10 	1.75448e-11 	1.39777e-06
1208.0 	2.13496e-10 	1.7851e-11 	1.39779e-06
1209.0 	2.13808e-10 	1.80171e-11 	1.39781e-06
1210.0 	2.1408e-10 	1.81803e-11 	1.39783e-06
1211.0 	2.14327e-10 	1.83417e-11 	1.39785e-06
1212.0 	2.1478e-10 	1.85842e-11 	1.39787e-06
1213.0 	2.15132e-10 	1.87625e-11 	1.39788e-06
1214.0 	2.15382e-10 	1.89303e-11 	1.3979e-06
1215.0 	1.69571e-10 	-1.69574e-11 	1.39789e-06
1216.0 	1.71104e-10 	-1.6816e-11 	1.39787e-06
1217.0 	1.7483e-10 	-1.69997e-11 	1.39785e-06
1218.0 	1.76777e-10 	-1.64367e-11 	1.39784e-06
1219.0 	1.78771e-10 	-1.56554e-11 	1.39782e-06
1220.0 	1.8072e-10 	-1.46809e-11 	1.39781e-06
1221.0 	1.82506e-10 	-1.35874e-11 	1.39779e-06
1222.0 	1.84013e-10 	-1.24601e-11 	1.39778e-06
1223.0 	1.83379e-10 	-9.79766e-12 	1.39777e-06
1224.0 	1.83547e-10 	-8.26976e-12 	1.39776e-06
1225.0 	1.84281e-10 	-7.39379e-12 	1.39775e-06
1226.0 	1.85238e-10 	-6.28058e-12 	1.39775e-06
