# time 	cumulated 	delta
1.0 	0.06 	0.06
2.0 	0.07 	0.010000000000000009
3.0 	0.08 	0.009999999999999995
4.0 	0.08 	0.0
5.0 	0.09 	0.009999999999999995
6.0 	0.1 	0.010000000000000009
7.0 	0.11 	0.009999999999999995
8.0 	0.12 	0.009999999999999995
9.0 	0.12 	0.0
10.0 	0.13 	0.010000000000000009
11.0 	0.14 	0.010000000000000009
12.0 	0.15 	0.009999999999999981
13.0 	0.16 	0.010000000000000009
14.0 	0.17 	0.010000000000000009
15.0 	0.18 	0.009999999999999981
16.0 	0.19 	0.010000000000000009
17.0 	0.2 	0.010000000000000009
18.0 	0.21 	0.009999999999999981
19.0 	0.21 	0.0
20.0 	0.22 	0.010000000000000009
21.0 	0.23 	0.010000000000000009
22.0 	0.24 	0.009999999999999981
23.0 	0.25 	0.010000000000000009
24.0 	0.26 	0.010000000000000009
25.0 	0.27 	0.010000000000000009
26.0 	0.28 	0.010000000000000009
27.0 	0.29 	0.009999999999999953
28.0 	0.3 	0.010000000000000009
29.0 	0.31 	0.010000000000000009
30.0 	0.32 	0.010000000000000009
31.0 	0.33 	0.010000000000000009
32.0 	0.34 	0.010000000000000009
33.0 	0.35 	0.009999999999999953
34.0 	0.36 	0.010000000000000009
35.0 	0.37 	0.010000000000000009
36.0 	0.38 	0.010000000000000009
37.0 	0.39 	0.010000000000000009
38.0 	0.39 	0.0
39.0 	0.4 	0.010000000000000009
40.0 	0.41 	0.009999999999999953
41.0 	0.42 	0.010000000000000009
42.0 	0.42 	0.0
43.0 	0.43 	0.010000000000000009
44.0 	0.44 	0.010000000000000009
45.0 	0.45 	0.010000000000000009
46.0 	0.46 	0.010000000000000009
47.0 	0.47 	0.009999999999999953
48.0 	0.48 	0.010000000000000009
49.0 	0.49 	0.010000000000000009
50.0 	0.5 	0.010000000000000009
51.0 	0.51 	0.010000000000000009
52.0 	0.52 	0.010000000000000009
53.0 	0.53 	0.010000000000000009
54.0 	0.53 	0.0
55.0 	0.55 	0.020000000000000018
56.0 	0.56 	0.010000000000000009
57.0 	0.57 	0.009999999999999898
58.0 	0.58 	0.010000000000000009
59.0 	0.59 	0.010000000000000009
60.0 	0.6 	0.010000000000000009
61.0 	0.61 	0.010000000000000009
62.0 	0.62 	0.010000000000000009
63.0 	0.63 	0.010000000000000009
64.0 	0.64 	0.010000000000000009
65.0 	0.65 	0.010000000000000009
66.0 	0.66 	0.010000000000000009
67.0 	0.67 	0.010000000000000009
68.0 	0.69 	0.019999999999999907
69.0 	0.7 	0.010000000000000009
70.0 	0.72 	0.020000000000000018
71.0 	0.73 	0.010000000000000009
72.0 	0.75 	0.020000000000000018
73.0 	0.76 	0.010000000000000009
74.0 	0.78 	0.020000000000000018
75.0 	0.79 	0.010000000000000009
76.0 	0.81 	0.020000000000000018
77.0 	0.82 	0.009999999999999898
78.0 	0.84 	0.020000000000000018
79.0 	0.85 	0.010000000000000009
80.0 	0.87 	0.020000000000000018
81.0 	0.88 	0.010000000000000009
82.0 	0.9 	0.020000000000000018
83.0 	0.91 	0.010000000000000009
84.0 	0.92 	0.010000000000000009
85.0 	0.94 	0.019999999999999907
86.0 	0.95 	0.010000000000000009
87.0 	0.97 	0.020000000000000018
88.0 	0.98 	0.010000000000000009
89.0 	0.99 	0.010000000000000009
90.0 	1.01 	0.020000000000000018
91.0 	1.02 	0.010000000000000009
92.0 	1.03 	0.010000000000000009
93.0 	1.05 	0.020000000000000018
94.0 	1.06 	0.010000000000000009
95.0 	1.07 	0.010000000000000009
96.0 	1.09 	0.020000000000000018
97.0 	1.1 	0.010000000000000009
98.0 	1.11 	0.010000000000000009
99.0 	1.11 	0.0
100.0 	1.12 	0.010000000000000009
101.0 	1.13 	0.009999999999999787
102.0 	1.14 	0.010000000000000009
103.0 	1.15 	0.010000000000000009
104.0 	1.17 	0.020000000000000018
105.0 	1.18 	0.010000000000000009
106.0 	1.18 	0.0
107.0 	1.19 	0.010000000000000009
108.0 	1.2 	0.010000000000000009
109.0 	1.21 	0.010000000000000009
110.0 	1.22 	0.010000000000000009
111.0 	1.23 	0.010000000000000009
112.0 	1.24 	0.010000000000000009
113.0 	1.25 	0.010000000000000009
114.0 	1.25 	0.0
115.0 	1.26 	0.010000000000000009
116.0 	1.27 	0.010000000000000009
117.0 	1.28 	0.010000000000000009
118.0 	1.29 	0.010000000000000009
119.0 	1.3 	0.010000000000000009
120.0 	1.31 	0.010000000000000009
121.0 	1.32 	0.010000000000000009
122.0 	1.33 	0.010000000000000009
123.0 	1.34 	0.010000000000000009
124.0 	1.35 	0.010000000000000009
125.0 	1.36 	0.010000000000000009
126.0 	1.37 	0.010000000000000009
127.0 	1.38 	0.009999999999999787
128.0 	1.38 	0.0
129.0 	1.39 	0.010000000000000009
130.0 	1.4 	0.010000000000000009
131.0 	1.41 	0.010000000000000009
132.0 	1.42 	0.010000000000000009
133.0 	1.42 	0.0
134.0 	1.43 	0.010000000000000009
135.0 	1.44 	0.010000000000000009
136.0 	1.45 	0.010000000000000009
137.0 	1.46 	0.010000000000000009
138.0 	1.47 	0.010000000000000009
139.0 	1.48 	0.010000000000000009
140.0 	1.49 	0.010000000000000009
141.0 	1.5 	0.010000000000000009
142.0 	1.51 	0.010000000000000009
143.0 	1.52 	0.010000000000000009
144.0 	1.52 	0.0
145.0 	1.54 	0.020000000000000018
146.0 	1.55 	0.010000000000000009
147.0 	1.56 	0.010000000000000009
148.0 	1.57 	0.010000000000000009
149.0 	1.57 	0.0
150.0 	1.58 	0.010000000000000009
151.0 	1.59 	0.010000000000000009
152.0 	1.6 	0.010000000000000009
153.0 	1.61 	0.010000000000000009
154.0 	1.62 	0.010000000000000009
155.0 	1.63 	0.009999999999999787
156.0 	1.64 	0.010000000000000009
157.0 	1.65 	0.010000000000000009
158.0 	1.65 	0.0
159.0 	1.66 	0.010000000000000009
160.0 	1.67 	0.010000000000000009
161.0 	1.68 	0.010000000000000009
162.0 	1.69 	0.010000000000000009
163.0 	1.7 	0.010000000000000009
164.0 	1.71 	0.010000000000000009
165.0 	1.72 	0.010000000000000009
166.0 	1.72 	0.0
167.0 	1.73 	0.010000000000000009
168.0 	1.74 	0.010000000000000009
169.0 	1.75 	0.010000000000000009
170.0 	1.76 	0.010000000000000009
171.0 	1.77 	0.010000000000000009
172.0 	1.78 	0.010000000000000009
173.0 	1.79 	0.010000000000000009
174.0 	1.79 	0.0
175.0 	1.8 	0.010000000000000009
176.0 	1.81 	0.010000000000000009
177.0 	1.82 	0.010000000000000009
178.0 	1.83 	0.010000000000000009
179.0 	1.83 	0.0
180.0 	1.84 	0.010000000000000009
181.0 	1.85 	0.010000000000000009
182.0 	1.86 	0.010000000000000009
183.0 	1.87 	0.010000000000000009
184.0 	1.88 	0.009999999999999787
185.0 	1.89 	0.010000000000000009
186.0 	1.9 	0.010000000000000009
187.0 	1.91 	0.010000000000000009
188.0 	1.92 	0.010000000000000009
189.0 	1.93 	0.010000000000000009
190.0 	1.94 	0.010000000000000009
191.0 	1.95 	0.010000000000000009
192.0 	1.96 	0.010000000000000009
193.0 	1.97 	0.010000000000000009
194.0 	1.98 	0.010000000000000009
195.0 	1.99 	0.010000000000000009
196.0 	2.0 	0.010000000000000009
197.0 	2.01 	0.009999999999999787
198.0 	2.02 	0.010000000000000231
199.0 	2.03 	0.009999999999999787
200.0 	2.04 	0.010000000000000231
201.0 	2.05 	0.009999999999999787
202.0 	2.06 	0.010000000000000231
203.0 	2.07 	0.009999999999999787
204.0 	2.08 	0.010000000000000231
205.0 	2.09 	0.009999999999999787
206.0 	2.1 	0.010000000000000231
207.0 	2.11 	0.009999999999999787
208.0 	2.12 	0.010000000000000231
209.0 	2.13 	0.009999999999999787
210.0 	2.14 	0.010000000000000231
211.0 	2.15 	0.009999999999999787
212.0 	2.16 	0.010000000000000231
213.0 	2.17 	0.009999999999999787
214.0 	2.18 	0.010000000000000231
215.0 	2.19 	0.009999999999999787
216.0 	2.2 	0.010000000000000231
217.0 	2.21 	0.009999999999999787
218.0 	2.22 	0.010000000000000231
219.0 	2.23 	0.009999999999999787
220.0 	2.24 	0.010000000000000231
221.0 	2.24 	0.0
222.0 	2.25 	0.009999999999999787
223.0 	2.26 	0.009999999999999787
224.0 	2.27 	0.010000000000000231
225.0 	2.28 	0.009999999999999787
226.0 	2.29 	0.010000000000000231
227.0 	2.3 	0.009999999999999787
228.0 	2.31 	0.010000000000000231
229.0 	2.32 	0.009999999999999787
230.0 	2.33 	0.010000000000000231
231.0 	2.34 	0.009999999999999787
232.0 	2.35 	0.010000000000000231
233.0 	2.36 	0.009999999999999787
234.0 	2.37 	0.010000000000000231
235.0 	2.38 	0.009999999999999787
236.0 	2.39 	0.010000000000000231
237.0 	2.4 	0.009999999999999787
238.0 	2.41 	0.010000000000000231
239.0 	2.42 	0.009999999999999787
240.0 	2.43 	0.010000000000000231
241.0 	2.43 	0.0
242.0 	2.44 	0.009999999999999787
243.0 	2.45 	0.010000000000000231
244.0 	2.46 	0.009999999999999787
245.0 	2.47 	0.010000000000000231
246.0 	2.48 	0.009999999999999787
247.0 	2.49 	0.010000000000000231
248.0 	2.5 	0.009999999999999787
249.0 	2.5 	0.0
250.0 	2.51 	0.009999999999999787
251.0 	2.52 	0.010000000000000231
252.0 	2.53 	0.009999999999999787
253.0 	2.54 	0.010000000000000231
254.0 	2.55 	0.009999999999999787
255.0 	2.56 	0.010000000000000231
256.0 	2.57 	0.009999999999999787
257.0 	2.58 	0.010000000000000231
258.0 	2.59 	0.009999999999999787
259.0 	2.6 	0.010000000000000231
260.0 	2.61 	0.009999999999999787
261.0 	2.61 	0.0
262.0 	2.62 	0.010000000000000231
263.0 	2.63 	0.009999999999999787
264.0 	2.64 	0.010000000000000231
265.0 	2.65 	0.009999999999999787
266.0 	2.66 	0.010000000000000231
267.0 	2.67 	0.009999999999999787
268.0 	2.67 	0.0
269.0 	2.68 	0.010000000000000231
270.0 	2.69 	0.009999999999999787
271.0 	2.7 	0.010000000000000231
272.0 	2.71 	0.009999999999999787
273.0 	2.71 	0.0
274.0 	2.72 	0.010000000000000231
275.0 	2.73 	0.009999999999999787
276.0 	2.74 	0.010000000000000231
277.0 	2.74 	0.0
278.0 	2.75 	0.009999999999999787
279.0 	2.76 	0.009999999999999787
280.0 	2.77 	0.010000000000000231
281.0 	2.78 	0.009999999999999787
282.0 	2.79 	0.010000000000000231
283.0 	2.79 	0.0
284.0 	2.8 	0.009999999999999787
285.0 	2.81 	0.010000000000000231
286.0 	2.82 	0.009999999999999787
287.0 	2.83 	0.010000000000000231
288.0 	2.84 	0.009999999999999787
289.0 	2.84 	0.0
290.0 	2.85 	0.010000000000000231
291.0 	2.86 	0.009999999999999787
292.0 	2.87 	0.010000000000000231
293.0 	2.88 	0.009999999999999787
294.0 	2.89 	0.010000000000000231
295.0 	2.9 	0.009999999999999787
296.0 	2.9 	0.0
297.0 	2.91 	0.010000000000000231
298.0 	2.92 	0.009999999999999787
299.0 	2.93 	0.010000000000000231
300.0 	2.94 	0.009999999999999787
301.0 	2.94 	0.0
302.0 	2.95 	0.010000000000000231
303.0 	2.96 	0.009999999999999787
304.0 	2.97 	0.010000000000000231
305.0 	2.98 	0.009999999999999787
306.0 	2.99 	0.010000000000000231
307.0 	3.0 	0.009999999999999787
308.0 	3.01 	0.009999999999999787
309.0 	3.02 	0.010000000000000231
310.0 	3.03 	0.009999999999999787
311.0 	3.04 	0.010000000000000231
312.0 	3.05 	0.009999999999999787
313.0 	3.06 	0.010000000000000231
314.0 	3.08 	0.020000000000000018
315.0 	3.09 	0.009999999999999787
316.0 	3.1 	0.010000000000000231
317.0 	3.11 	0.009999999999999787
318.0 	3.12 	0.010000000000000231
319.0 	3.13 	0.009999999999999787
320.0 	3.14 	0.010000000000000231
321.0 	3.14 	0.0
322.0 	3.15 	0.009999999999999787
323.0 	3.16 	0.010000000000000231
324.0 	3.17 	0.009999999999999787
325.0 	3.18 	0.010000000000000231
326.0 	3.19 	0.009999999999999787
327.0 	3.19 	0.0
328.0 	3.2 	0.010000000000000231
329.0 	3.21 	0.009999999999999787
330.0 	3.22 	0.010000000000000231
331.0 	3.23 	0.009999999999999787
332.0 	3.24 	0.010000000000000231
333.0 	3.24 	0.0
334.0 	3.25 	0.009999999999999787
335.0 	3.26 	0.009999999999999787
336.0 	3.27 	0.010000000000000231
337.0 	3.28 	0.009999999999999787
338.0 	3.29 	0.010000000000000231
339.0 	3.3 	0.009999999999999787
340.0 	3.3 	0.0
341.0 	3.31 	0.010000000000000231
342.0 	3.32 	0.009999999999999787
343.0 	3.33 	0.010000000000000231
344.0 	3.34 	0.009999999999999787
345.0 	3.35 	0.010000000000000231
346.0 	3.36 	0.009999999999999787
347.0 	3.37 	0.010000000000000231
348.0 	3.37 	0.0
349.0 	3.38 	0.009999999999999787
350.0 	3.39 	0.010000000000000231
351.0 	3.4 	0.009999999999999787
352.0 	3.41 	0.010000000000000231
353.0 	3.42 	0.009999999999999787
354.0 	3.43 	0.010000000000000231
355.0 	3.44 	0.009999999999999787
356.0 	3.45 	0.010000000000000231
357.0 	3.46 	0.009999999999999787
358.0 	3.47 	0.010000000000000231
359.0 	3.48 	0.009999999999999787
360.0 	3.49 	0.010000000000000231
361.0 	3.5 	0.009999999999999787
362.0 	3.51 	0.009999999999999787
363.0 	3.52 	0.010000000000000231
364.0 	3.53 	0.009999999999999787
365.0 	3.54 	0.010000000000000231
366.0 	3.55 	0.009999999999999787
367.0 	3.56 	0.010000000000000231
368.0 	3.57 	0.009999999999999787
369.0 	3.58 	0.010000000000000231
370.0 	3.6 	0.020000000000000018
371.0 	3.61 	0.009999999999999787
372.0 	3.62 	0.010000000000000231
373.0 	3.63 	0.009999999999999787
374.0 	3.63 	0.0
375.0 	3.64 	0.010000000000000231
376.0 	3.65 	0.009999999999999787
377.0 	3.67 	0.020000000000000018
378.0 	3.67 	0.0
379.0 	3.68 	0.010000000000000231
380.0 	3.7 	0.020000000000000018
381.0 	3.71 	0.009999999999999787
382.0 	3.72 	0.010000000000000231
383.0 	3.73 	0.009999999999999787
384.0 	3.74 	0.010000000000000231
385.0 	3.75 	0.009999999999999787
386.0 	3.75 	0.0
387.0 	3.76 	0.009999999999999787
388.0 	3.77 	0.010000000000000231
389.0 	3.78 	0.009999999999999787
390.0 	3.79 	0.010000000000000231
391.0 	3.8 	0.009999999999999787
392.0 	3.81 	0.010000000000000231
393.0 	3.81 	0.0
394.0 	3.82 	0.009999999999999787
395.0 	3.83 	0.010000000000000231
396.0 	3.84 	0.009999999999999787
397.0 	3.85 	0.010000000000000231
398.0 	3.86 	0.009999999999999787
399.0 	3.86 	0.0
400.0 	3.87 	0.010000000000000231
401.0 	3.88 	0.009999999999999787
402.0 	3.89 	0.010000000000000231
403.0 	3.89 	0.0
404.0 	3.9 	0.009999999999999787
405.0 	3.92 	0.020000000000000018
406.0 	3.92 	0.0
407.0 	3.93 	0.010000000000000231
408.0 	3.94 	0.009999999999999787
409.0 	3.95 	0.010000000000000231
410.0 	3.96 	0.009999999999999787
411.0 	3.97 	0.010000000000000231
412.0 	3.97 	0.0
413.0 	3.98 	0.009999999999999787
414.0 	3.99 	0.010000000000000231
415.0 	4.0 	0.009999999999999787
416.0 	4.01 	0.009999999999999787
417.0 	4.01 	0.0
418.0 	4.02 	0.009999999999999787
419.0 	4.03 	0.010000000000000675
420.0 	4.03 	0.0
421.0 	4.04 	0.009999999999999787
422.0 	4.05 	0.009999999999999787
423.0 	4.06 	0.009999999999999787
424.0 	4.07 	0.010000000000000675
425.0 	4.08 	0.009999999999999787
426.0 	4.1 	0.019999999999999574
427.0 	4.11 	0.010000000000000675
428.0 	4.12 	0.009999999999999787
429.0 	4.13 	0.009999999999999787
430.0 	4.14 	0.009999999999999787
431.0 	4.15 	0.010000000000000675
432.0 	4.16 	0.009999999999999787
433.0 	4.17 	0.009999999999999787
434.0 	4.18 	0.009999999999999787
435.0 	4.19 	0.010000000000000675
436.0 	4.2 	0.009999999999999787
437.0 	4.2 	0.0
438.0 	4.21 	0.009999999999999787
439.0 	4.22 	0.009999999999999787
440.0 	4.23 	0.010000000000000675
441.0 	4.24 	0.009999999999999787
442.0 	4.25 	0.009999999999999787
443.0 	4.26 	0.009999999999999787
444.0 	4.27 	0.009999999999999787
445.0 	4.28 	0.010000000000000675
446.0 	4.29 	0.009999999999999787
447.0 	4.3 	0.009999999999999787
448.0 	4.31 	0.009999999999999787
449.0 	4.32 	0.010000000000000675
450.0 	4.33 	0.009999999999999787
451.0 	4.34 	0.009999999999999787
452.0 	4.35 	0.009999999999999787
453.0 	4.35 	0.0
454.0 	4.36 	0.010000000000000675
455.0 	4.37 	0.009999999999999787
456.0 	4.37 	0.0
457.0 	4.39 	0.019999999999999574
458.0 	4.39 	0.0
459.0 	4.4 	0.010000000000000675
460.0 	4.41 	0.009999999999999787
461.0 	4.41 	0.0
462.0 	4.42 	0.009999999999999787
463.0 	4.43 	0.009999999999999787
464.0 	4.44 	0.010000000000000675
465.0 	4.44 	0.0
466.0 	4.45 	0.009999999999999787
467.0 	4.46 	0.009999999999999787
468.0 	4.47 	0.009999999999999787
469.0 	4.47 	0.0
470.0 	4.48 	0.010000000000000675
471.0 	4.49 	0.009999999999999787
472.0 	4.5 	0.009999999999999787
473.0 	4.51 	0.009999999999999787
474.0 	4.51 	0.0
475.0 	4.52 	0.009999999999999787
476.0 	4.53 	0.010000000000000675
477.0 	4.55 	0.019999999999999574
478.0 	4.55 	0.0
479.0 	4.56 	0.009999999999999787
480.0 	4.57 	0.010000000000000675
481.0 	4.57 	0.0
482.0 	4.58 	0.009999999999999787
483.0 	4.59 	0.009999999999999787
484.0 	4.6 	0.009999999999999787
485.0 	4.61 	0.010000000000000675
486.0 	4.62 	0.009999999999999787
487.0 	4.63 	0.009999999999999787
488.0 	4.64 	0.009999999999999787
489.0 	4.66 	0.020000000000000462
490.0 	4.67 	0.009999999999999787
491.0 	4.67 	0.0
492.0 	4.69 	0.020000000000000462
493.0 	4.7 	0.009999999999999787
494.0 	4.71 	0.009999999999999787
495.0 	4.72 	0.009999999999999787
496.0 	4.73 	0.010000000000000675
497.0 	4.74 	0.009999999999999787
498.0 	4.75 	0.009999999999999787
499.0 	4.76 	0.009999999999999787
500.0 	4.77 	0.009999999999999787
501.0 	4.78 	0.010000000000000675
502.0 	4.79 	0.009999999999999787
503.0 	4.8 	0.009999999999999787
504.0 	4.81 	0.009999999999999787
505.0 	4.82 	0.010000000000000675
506.0 	4.83 	0.009999999999999787
507.0 	4.84 	0.009999999999999787
508.0 	4.85 	0.009999999999999787
509.0 	4.86 	0.010000000000000675
510.0 	4.87 	0.009999999999999787
511.0 	4.88 	0.009999999999999787
512.0 	4.89 	0.009999999999999787
513.0 	4.9 	0.010000000000000675
514.0 	4.9 	0.0
515.0 	4.91 	0.009999999999999787
516.0 	4.92 	0.009999999999999787
517.0 	4.93 	0.009999999999999787
518.0 	4.94 	0.010000000000000675
519.0 	4.94 	0.0
520.0 	4.95 	0.009999999999999787
521.0 	4.96 	0.009999999999999787
522.0 	4.97 	0.009999999999999787
523.0 	4.98 	0.010000000000000675
524.0 	4.99 	0.009999999999999787
525.0 	4.99 	0.0
526.0 	5.0 	0.009999999999999787
527.0 	5.01 	0.009999999999999787
528.0 	5.02 	0.009999999999999787
529.0 	5.03 	0.010000000000000675
530.0 	5.04 	0.009999999999999787
531.0 	5.04 	0.0
532.0 	5.05 	0.009999999999999787
533.0 	5.06 	0.009999999999999787
534.0 	5.07 	0.010000000000000675
535.0 	5.08 	0.009999999999999787
536.0 	5.08 	0.0
537.0 	5.09 	0.009999999999999787
538.0 	5.1 	0.009999999999999787
539.0 	5.11 	0.010000000000000675
540.0 	5.11 	0.0
541.0 	5.12 	0.009999999999999787
542.0 	5.13 	0.009999999999999787
543.0 	5.14 	0.009999999999999787
544.0 	5.14 	0.0
545.0 	5.15 	0.010000000000000675
546.0 	5.16 	0.009999999999999787
547.0 	5.16 	0.0
548.0 	5.17 	0.009999999999999787
549.0 	5.18 	0.009999999999999787
550.0 	5.19 	0.010000000000000675
551.0 	5.2 	0.009999999999999787
552.0 	5.21 	0.009999999999999787
553.0 	5.21 	0.0
554.0 	5.22 	0.009999999999999787
555.0 	5.23 	0.010000000000000675
556.0 	5.24 	0.009999999999999787
557.0 	5.24 	0.0
558.0 	5.25 	0.009999999999999787
559.0 	5.26 	0.009999999999999787
560.0 	5.27 	0.009999999999999787
561.0 	5.27 	0.0
562.0 	5.28 	0.010000000000000675
563.0 	5.29 	0.009999999999999787
564.0 	5.3 	0.009999999999999787
565.0 	5.3 	0.0
566.0 	5.31 	0.009999999999999787
567.0 	5.32 	0.010000000000000675
568.0 	5.33 	0.009999999999999787
569.0 	5.33 	0.0
570.0 	5.34 	0.009999999999999787
571.0 	5.35 	0.009999999999999787
572.0 	5.36 	0.010000000000000675
573.0 	5.36 	0.0
574.0 	5.37 	0.009999999999999787
575.0 	5.38 	0.009999999999999787
576.0 	5.39 	0.009999999999999787
577.0 	5.39 	0.0
578.0 	5.4 	0.010000000000000675
579.0 	5.41 	0.009999999999999787
580.0 	5.42 	0.009999999999999787
581.0 	5.42 	0.0
582.0 	5.43 	0.009999999999999787
583.0 	5.44 	0.010000000000000675
584.0 	5.45 	0.009999999999999787
585.0 	5.45 	0.0
586.0 	5.46 	0.009999999999999787
587.0 	5.47 	0.009999999999999787
588.0 	5.48 	0.010000000000000675
589.0 	5.48 	0.0
590.0 	5.49 	0.009999999999999787
591.0 	5.5 	0.009999999999999787
592.0 	5.51 	0.009999999999999787
593.0 	5.52 	0.009999999999999787
594.0 	5.53 	0.010000000000000675
595.0 	5.54 	0.009999999999999787
596.0 	5.54 	0.0
597.0 	5.55 	0.009999999999999787
598.0 	5.56 	0.009999999999999787
599.0 	5.57 	0.010000000000000675
600.0 	5.58 	0.009999999999999787
601.0 	5.58 	0.0
602.0 	5.59 	0.009999999999999787
603.0 	5.6 	0.009999999999999787
604.0 	5.61 	0.010000000000000675
605.0 	5.61 	0.0
606.0 	5.62 	0.009999999999999787
607.0 	5.63 	0.009999999999999787
608.0 	5.64 	0.009999999999999787
609.0 	5.65 	0.010000000000000675
610.0 	5.66 	0.009999999999999787
611.0 	5.67 	0.009999999999999787
612.0 	5.68 	0.009999999999999787
613.0 	5.69 	0.010000000000000675
614.0 	5.7 	0.009999999999999787
615.0 	5.7 	0.0
616.0 	5.71 	0.009999999999999787
617.0 	5.72 	0.009999999999999787
618.0 	5.73 	0.010000000000000675
619.0 	5.73 	0.0
620.0 	5.74 	0.009999999999999787
621.0 	5.75 	0.009999999999999787
622.0 	5.76 	0.009999999999999787
623.0 	5.77 	0.009999999999999787
624.0 	5.78 	0.010000000000000675
625.0 	5.8 	0.019999999999999574
626.0 	5.81 	0.009999999999999787
627.0 	5.82 	0.010000000000000675
628.0 	5.83 	0.009999999999999787
629.0 	5.84 	0.009999999999999787
630.0 	5.85 	0.009999999999999787
631.0 	5.86 	0.010000000000000675
632.0 	5.87 	0.009999999999999787
633.0 	5.88 	0.009999999999999787
634.0 	5.89 	0.009999999999999787
635.0 	5.9 	0.010000000000000675
636.0 	5.91 	0.009999999999999787
637.0 	5.92 	0.009999999999999787
638.0 	5.93 	0.009999999999999787
639.0 	5.94 	0.010000000000000675
640.0 	5.95 	0.009999999999999787
641.0 	5.97 	0.019999999999999574
642.0 	5.97 	0.0
643.0 	5.98 	0.010000000000000675
644.0 	6.0 	0.019999999999999574
645.0 	6.01 	0.009999999999999787
646.0 	6.02 	0.009999999999999787
647.0 	6.03 	0.010000000000000675
648.0 	6.04 	0.009999999999999787
649.0 	6.05 	0.009999999999999787
650.0 	6.06 	0.009999999999999787
651.0 	6.07 	0.010000000000000675
652.0 	6.08 	0.009999999999999787
653.0 	6.09 	0.009999999999999787
654.0 	6.11 	0.020000000000000462
655.0 	6.12 	0.009999999999999787
656.0 	6.13 	0.009999999999999787
657.0 	6.14 	0.009999999999999787
658.0 	6.15 	0.010000000000000675
659.0 	6.16 	0.009999999999999787
660.0 	6.17 	0.009999999999999787
661.0 	6.18 	0.009999999999999787
662.0 	6.19 	0.010000000000000675
663.0 	6.2 	0.009999999999999787
664.0 	6.21 	0.009999999999999787
665.0 	6.22 	0.009999999999999787
666.0 	6.23 	0.010000000000000675
667.0 	6.24 	0.009999999999999787
668.0 	6.25 	0.009999999999999787
669.0 	6.26 	0.009999999999999787
670.0 	6.27 	0.009999999999999787
671.0 	6.27 	0.0
672.0 	6.28 	0.010000000000000675
673.0 	6.29 	0.009999999999999787
674.0 	6.29 	0.0
675.0 	6.3 	0.009999999999999787
676.0 	6.31 	0.009999999999999787
677.0 	6.32 	0.010000000000000675
678.0 	6.33 	0.009999999999999787
679.0 	6.34 	0.009999999999999787
680.0 	6.35 	0.009999999999999787
681.0 	6.35 	0.0
682.0 	6.36 	0.010000000000000675
683.0 	6.37 	0.009999999999999787
684.0 	6.37 	0.0
685.0 	6.38 	0.009999999999999787
686.0 	6.39 	0.009999999999999787
687.0 	6.4 	0.010000000000000675
688.0 	6.4 	0.0
689.0 	6.41 	0.009999999999999787
690.0 	6.42 	0.009999999999999787
691.0 	6.42 	0.0
692.0 	6.43 	0.009999999999999787
693.0 	6.44 	0.010000000000000675
694.0 	6.45 	0.009999999999999787
695.0 	6.45 	0.0
696.0 	6.46 	0.009999999999999787
697.0 	6.47 	0.009999999999999787
698.0 	6.47 	0.0
699.0 	6.48 	0.010000000000000675
700.0 	6.49 	0.009999999999999787
701.0 	6.5 	0.009999999999999787
702.0 	6.5 	0.0
703.0 	6.51 	0.009999999999999787
704.0 	6.52 	0.009999999999999787
705.0 	6.53 	0.010000000000000675
706.0 	6.53 	0.0
707.0 	6.54 	0.009999999999999787
708.0 	6.55 	0.009999999999999787
709.0 	6.56 	0.009999999999999787
710.0 	6.56 	0.0
711.0 	6.57 	0.010000000000000675
712.0 	6.58 	0.009999999999999787
713.0 	6.59 	0.009999999999999787
714.0 	6.6 	0.009999999999999787
715.0 	6.61 	0.010000000000000675
716.0 	6.62 	0.009999999999999787
717.0 	6.63 	0.009999999999999787
718.0 	6.64 	0.009999999999999787
719.0 	6.65 	0.010000000000000675
720.0 	6.66 	0.009999999999999787
721.0 	6.67 	0.009999999999999787
722.0 	6.68 	0.009999999999999787
723.0 	6.69 	0.010000000000000675
724.0 	6.7 	0.009999999999999787
725.0 	6.71 	0.009999999999999787
726.0 	6.72 	0.009999999999999787
727.0 	6.73 	0.010000000000000675
728.0 	6.74 	0.009999999999999787
729.0 	6.75 	0.009999999999999787
730.0 	6.76 	0.009999999999999787
731.0 	6.77 	0.009999999999999787
732.0 	6.78 	0.010000000000000675
733.0 	6.79 	0.009999999999999787
734.0 	6.8 	0.009999999999999787
735.0 	6.8 	0.0
736.0 	6.81 	0.009999999999999787
737.0 	6.81 	0.0
738.0 	6.82 	0.010000000000000675
739.0 	6.83 	0.009999999999999787
740.0 	6.84 	0.009999999999999787
741.0 	6.85 	0.009999999999999787
742.0 	6.85 	0.0
743.0 	6.86 	0.010000000000000675
744.0 	6.87 	0.009999999999999787
745.0 	6.88 	0.009999999999999787
746.0 	6.89 	0.009999999999999787
747.0 	6.89 	0.0
748.0 	6.9 	0.010000000000000675
749.0 	6.91 	0.009999999999999787
750.0 	6.92 	0.009999999999999787
751.0 	6.92 	0.0
752.0 	6.93 	0.009999999999999787
753.0 	6.94 	0.010000000000000675
754.0 	6.95 	0.009999999999999787
755.0 	6.96 	0.009999999999999787
756.0 	6.96 	0.0
757.0 	6.97 	0.009999999999999787
758.0 	6.98 	0.010000000000000675
759.0 	6.99 	0.009999999999999787
760.0 	6.99 	0.0
761.0 	7.0 	0.009999999999999787
762.0 	7.01 	0.009999999999999787
763.0 	7.02 	0.009999999999999787
764.0 	7.03 	0.010000000000000675
765.0 	7.04 	0.009999999999999787
766.0 	7.05 	0.009999999999999787
767.0 	7.05 	0.0
768.0 	7.06 	0.009999999999999787
769.0 	7.07 	0.010000000000000675
770.0 	7.08 	0.009999999999999787
771.0 	7.09 	0.009999999999999787
772.0 	7.1 	0.009999999999999787
773.0 	7.1 	0.0
774.0 	7.11 	0.010000000000000675
775.0 	7.12 	0.009999999999999787
776.0 	7.13 	0.009999999999999787
777.0 	7.14 	0.009999999999999787
778.0 	7.15 	0.010000000000000675
779.0 	7.16 	0.009999999999999787
780.0 	7.17 	0.009999999999999787
781.0 	7.17 	0.0
782.0 	7.18 	0.009999999999999787
783.0 	7.19 	0.010000000000000675
784.0 	7.2 	0.009999999999999787
785.0 	7.21 	0.009999999999999787
786.0 	7.22 	0.009999999999999787
787.0 	7.22 	0.0
788.0 	7.23 	0.010000000000000675
789.0 	7.24 	0.009999999999999787
790.0 	7.25 	0.009999999999999787
791.0 	7.25 	0.0
792.0 	7.26 	0.009999999999999787
793.0 	7.27 	0.009999999999999787
794.0 	7.28 	0.010000000000000675
795.0 	7.28 	0.0
796.0 	7.29 	0.009999999999999787
797.0 	7.3 	0.009999999999999787
798.0 	7.3 	0.0
799.0 	7.31 	0.009999999999999787
800.0 	7.32 	0.010000000000000675
801.0 	7.33 	0.009999999999999787
802.0 	7.34 	0.009999999999999787
803.0 	7.34 	0.0
804.0 	7.35 	0.009999999999999787
805.0 	7.36 	0.010000000000000675
806.0 	7.37 	0.009999999999999787
807.0 	7.37 	0.0
808.0 	7.38 	0.009999999999999787
809.0 	7.39 	0.009999999999999787
810.0 	7.4 	0.010000000000000675
811.0 	7.41 	0.009999999999999787
812.0 	7.42 	0.009999999999999787
813.0 	7.43 	0.009999999999999787
814.0 	7.44 	0.010000000000000675
815.0 	7.45 	0.009999999999999787
816.0 	7.46 	0.009999999999999787
817.0 	7.47 	0.009999999999999787
818.0 	7.48 	0.010000000000000675
819.0 	7.49 	0.009999999999999787
820.0 	7.5 	0.009999999999999787
821.0 	7.51 	0.009999999999999787
822.0 	7.51 	0.0
823.0 	7.52 	0.009999999999999787
824.0 	7.53 	0.010000000000000675
825.0 	7.54 	0.009999999999999787
826.0 	7.54 	0.0
827.0 	7.55 	0.009999999999999787
828.0 	7.56 	0.009999999999999787
829.0 	7.57 	0.010000000000000675
830.0 	7.58 	0.009999999999999787
831.0 	7.58 	0.0
832.0 	7.59 	0.009999999999999787
833.0 	7.6 	0.009999999999999787
834.0 	7.6 	0.0
835.0 	7.61 	0.010000000000000675
836.0 	7.62 	0.009999999999999787
837.0 	7.63 	0.009999999999999787
838.0 	7.64 	0.009999999999999787
839.0 	7.65 	0.010000000000000675
840.0 	7.66 	0.009999999999999787
841.0 	7.66 	0.0
842.0 	7.67 	0.009999999999999787
843.0 	7.68 	0.009999999999999787
844.0 	7.69 	0.010000000000000675
845.0 	7.7 	0.009999999999999787
846.0 	7.7 	0.0
847.0 	7.71 	0.009999999999999787
848.0 	7.71 	0.0
849.0 	7.72 	0.009999999999999787
850.0 	7.73 	0.010000000000000675
851.0 	7.74 	0.009999999999999787
852.0 	7.75 	0.009999999999999787
853.0 	7.75 	0.0
854.0 	7.76 	0.009999999999999787
855.0 	7.77 	0.009999999999999787
856.0 	7.78 	0.010000000000000675
857.0 	7.78 	0.0
858.0 	7.79 	0.009999999999999787
859.0 	7.8 	0.009999999999999787
860.0 	7.81 	0.009999999999999787
861.0 	7.82 	0.010000000000000675
862.0 	7.83 	0.009999999999999787
863.0 	7.84 	0.009999999999999787
864.0 	7.85 	0.009999999999999787
865.0 	7.86 	0.010000000000000675
866.0 	7.86 	0.0
867.0 	7.87 	0.009999999999999787
868.0 	7.89 	0.019999999999999574
869.0 	7.9 	0.010000000000000675
870.0 	7.9 	0.0
871.0 	7.91 	0.009999999999999787
872.0 	7.92 	0.009999999999999787
873.0 	7.93 	0.009999999999999787
874.0 	7.94 	0.010000000000000675
875.0 	7.95 	0.009999999999999787
876.0 	7.95 	0.0
877.0 	7.96 	0.009999999999999787
878.0 	7.97 	0.009999999999999787
879.0 	7.98 	0.010000000000000675
880.0 	7.99 	0.009999999999999787
881.0 	7.99 	0.0
882.0 	8.0 	0.009999999999999787
883.0 	8.01 	0.009999999999999787
884.0 	8.02 	0.009999999999999787
885.0 	8.02 	0.0
886.0 	8.03 	0.009999999999999787
887.0 	8.04 	0.009999999999999787
888.0 	8.04 	0.0
889.0 	8.05 	0.010000000000001563
890.0 	8.06 	0.009999999999999787
891.0 	8.07 	0.009999999999999787
892.0 	8.07 	0.0
893.0 	8.08 	0.009999999999999787
894.0 	8.09 	0.009999999999999787
895.0 	8.09 	0.0
896.0 	8.1 	0.009999999999999787
897.0 	8.11 	0.009999999999999787
898.0 	8.12 	0.009999999999999787
899.0 	8.13 	0.010000000000001563
900.0 	8.14 	0.009999999999999787
901.0 	8.15 	0.009999999999999787
902.0 	8.16 	0.009999999999999787
903.0 	8.16 	0.0
904.0 	8.17 	0.009999999999999787
905.0 	8.18 	0.009999999999999787
906.0 	8.19 	0.009999999999999787
907.0 	8.2 	0.009999999999999787
908.0 	8.2 	0.0
909.0 	8.21 	0.010000000000001563
910.0 	8.22 	0.009999999999999787
911.0 	8.23 	0.009999999999999787
912.0 	8.24 	0.009999999999999787
913.0 	8.25 	0.009999999999999787
914.0 	8.26 	0.009999999999999787
915.0 	8.27 	0.009999999999999787
916.0 	8.28 	0.009999999999999787
917.0 	8.29 	0.009999999999999787
918.0 	8.3 	0.010000000000001563
919.0 	8.31 	0.009999999999999787
920.0 	8.32 	0.009999999999999787
921.0 	8.33 	0.009999999999999787
922.0 	8.34 	0.009999999999999787
923.0 	8.35 	0.009999999999999787
924.0 	8.36 	0.009999999999999787
925.0 	8.37 	0.009999999999999787
926.0 	8.38 	0.010000000000001563
927.0 	8.39 	0.009999999999999787
928.0 	8.4 	0.009999999999999787
929.0 	8.41 	0.009999999999999787
930.0 	8.41 	0.0
931.0 	8.42 	0.009999999999999787
932.0 	8.43 	0.009999999999999787
933.0 	8.44 	0.009999999999999787
934.0 	8.44 	0.0
935.0 	8.45 	0.009999999999999787
936.0 	8.46 	0.010000000000001563
937.0 	8.47 	0.009999999999999787
938.0 	8.47 	0.0
939.0 	8.49 	0.019999999999999574
940.0 	8.49 	0.0
941.0 	8.5 	0.009999999999999787
942.0 	8.51 	0.009999999999999787
943.0 	8.52 	0.009999999999999787
944.0 	8.52 	0.0
945.0 	8.53 	0.009999999999999787
946.0 	8.54 	0.009999999999999787
947.0 	8.54 	0.0
948.0 	8.55 	0.010000000000001563
949.0 	8.55 	0.0
950.0 	8.56 	0.009999999999999787
951.0 	8.57 	0.009999999999999787
952.0 	8.58 	0.009999999999999787
953.0 	8.58 	0.0
954.0 	8.59 	0.009999999999999787
955.0 	8.6 	0.009999999999999787
956.0 	8.61 	0.009999999999999787
957.0 	8.62 	0.009999999999999787
958.0 	8.62 	0.0
959.0 	8.63 	0.010000000000001563
960.0 	8.64 	0.009999999999999787
961.0 	8.65 	0.009999999999999787
962.0 	8.66 	0.009999999999999787
963.0 	8.67 	0.009999999999999787
964.0 	8.68 	0.009999999999999787
965.0 	8.69 	0.009999999999999787
966.0 	8.7 	0.009999999999999787
967.0 	8.71 	0.010000000000001563
968.0 	8.72 	0.009999999999999787
969.0 	8.73 	0.009999999999999787
970.0 	8.74 	0.009999999999999787
971.0 	8.75 	0.009999999999999787
972.0 	8.76 	0.009999999999999787
973.0 	8.77 	0.009999999999999787
974.0 	8.78 	0.009999999999999787
975.0 	8.79 	0.009999999999999787
976.0 	8.8 	0.010000000000001563
977.0 	8.8 	0.0
978.0 	8.81 	0.009999999999999787
979.0 	8.82 	0.009999999999999787
980.0 	8.83 	0.009999999999999787
981.0 	8.83 	0.0
982.0 	8.84 	0.009999999999999787
983.0 	8.85 	0.009999999999999787
984.0 	8.85 	0.0
985.0 	8.86 	0.009999999999999787
986.0 	8.87 	0.009999999999999787
987.0 	8.87 	0.0
988.0 	8.88 	0.010000000000001563
989.0 	8.89 	0.009999999999999787
990.0 	8.89 	0.0
991.0 	8.9 	0.009999999999999787
992.0 	8.91 	0.009999999999999787
993.0 	8.92 	0.009999999999999787
994.0 	8.93 	0.009999999999999787
995.0 	8.94 	0.009999999999999787
996.0 	8.94 	0.0
997.0 	8.95 	0.009999999999999787
998.0 	8.96 	0.010000000000001563
999.0 	8.96 	0.0
1000.0 	8.97 	0.009999999999999787
1001.0 	8.98 	0.009999999999999787
1002.0 	8.99 	0.009999999999999787
1003.0 	8.99 	0.0
1004.0 	9.0 	0.009999999999999787
1005.0 	9.01 	0.009999999999999787
1006.0 	9.01 	0.0
1007.0 	9.02 	0.009999999999999787
1008.0 	9.02 	0.0
1009.0 	9.03 	0.009999999999999787
1010.0 	9.04 	0.009999999999999787
1011.0 	9.05 	0.010000000000001563
1012.0 	9.05 	0.0
1013.0 	9.06 	0.009999999999999787
1014.0 	9.07 	0.009999999999999787
1015.0 	9.08 	0.009999999999999787
1016.0 	9.08 	0.0
1017.0 	9.1 	0.019999999999999574
1018.0 	9.11 	0.009999999999999787
1019.0 	9.11 	0.0
1020.0 	9.12 	0.009999999999999787
1021.0 	9.13 	0.010000000000001563
1022.0 	9.14 	0.009999999999999787
1023.0 	9.15 	0.009999999999999787
1024.0 	9.16 	0.009999999999999787
1025.0 	9.17 	0.009999999999999787
1026.0 	9.18 	0.009999999999999787
1027.0 	9.19 	0.009999999999999787
1028.0 	9.2 	0.009999999999999787
1029.0 	9.21 	0.010000000000001563
1030.0 	9.22 	0.009999999999999787
1031.0 	9.23 	0.009999999999999787
1032.0 	9.24 	0.009999999999999787
1033.0 	9.25 	0.009999999999999787
1034.0 	9.26 	0.009999999999999787
1035.0 	9.27 	0.009999999999999787
1036.0 	9.27 	0.0
1037.0 	9.28 	0.009999999999999787
1038.0 	9.29 	0.009999999999999787
1039.0 	9.3 	0.010000000000001563
1040.0 	9.31 	0.009999999999999787
1041.0 	9.32 	0.009999999999999787
1042.0 	9.33 	0.009999999999999787
1043.0 	9.33 	0.0
1044.0 	9.34 	0.009999999999999787
1045.0 	9.35 	0.009999999999999787
1046.0 	9.35 	0.0
1047.0 	9.36 	0.009999999999999787
1048.0 	9.37 	0.009999999999999787
1049.0 	9.38 	0.010000000000001563
1050.0 	9.38 	0.0
1051.0 	9.39 	0.009999999999999787
1052.0 	9.4 	0.009999999999999787
1053.0 	9.4 	0.0
1054.0 	9.41 	0.009999999999999787
1055.0 	9.42 	0.009999999999999787
1056.0 	9.43 	0.009999999999999787
1057.0 	9.43 	0.0
1058.0 	9.44 	0.009999999999999787
1059.0 	9.45 	0.009999999999999787
1060.0 	9.46 	0.010000000000001563
1061.0 	9.47 	0.009999999999999787
1062.0 	9.47 	0.0
1063.0 	9.48 	0.009999999999999787
1064.0 	9.49 	0.009999999999999787
1065.0 	9.5 	0.009999999999999787
1066.0 	9.5 	0.0
1067.0 	9.51 	0.009999999999999787
1068.0 	9.52 	0.009999999999999787
1069.0 	9.53 	0.009999999999999787
1070.0 	9.53 	0.0
1071.0 	9.54 	0.009999999999999787
1072.0 	9.55 	0.010000000000001563
1073.0 	9.56 	0.009999999999999787
1074.0 	9.56 	0.0
1075.0 	9.57 	0.009999999999999787
1076.0 	9.58 	0.009999999999999787
1077.0 	9.58 	0.0
1078.0 	9.59 	0.009999999999999787
1079.0 	9.6 	0.009999999999999787
1080.0 	9.61 	0.009999999999999787
1081.0 	9.61 	0.0
1082.0 	9.62 	0.009999999999999787
1083.0 	9.63 	0.010000000000001563
1084.0 	9.64 	0.009999999999999787
1085.0 	9.64 	0.0
1086.0 	9.65 	0.009999999999999787
1087.0 	9.66 	0.009999999999999787
1088.0 	9.67 	0.009999999999999787
1089.0 	9.67 	0.0
1090.0 	9.68 	0.009999999999999787
1091.0 	9.69 	0.009999999999999787
1092.0 	9.69 	0.0
1093.0 	9.7 	0.009999999999999787
1094.0 	9.71 	0.010000000000001563
1095.0 	9.72 	0.009999999999999787
1096.0 	9.72 	0.0
1097.0 	9.73 	0.009999999999999787
1098.0 	9.74 	0.009999999999999787
1099.0 	9.74 	0.0
1100.0 	9.75 	0.009999999999999787
1101.0 	9.76 	0.009999999999999787
1102.0 	9.77 	0.009999999999999787
1103.0 	9.77 	0.0
1104.0 	9.78 	0.009999999999999787
1105.0 	9.79 	0.009999999999999787
1106.0 	9.79 	0.0
1107.0 	9.8 	0.010000000000001563
1108.0 	9.81 	0.009999999999999787
1109.0 	9.82 	0.009999999999999787
1110.0 	9.82 	0.0
1111.0 	9.83 	0.009999999999999787
1112.0 	9.83 	0.0
1113.0 	9.84 	0.009999999999999787
1114.0 	9.85 	0.009999999999999787
1115.0 	9.86 	0.009999999999999787
1116.0 	9.86 	0.0
1117.0 	9.87 	0.009999999999999787
1118.0 	9.88 	0.010000000000001563
1119.0 	9.89 	0.009999999999999787
1120.0 	9.89 	0.0
1121.0 	9.9 	0.009999999999999787
1122.0 	9.91 	0.009999999999999787
1123.0 	9.93 	0.019999999999999574
1124.0 	9.93 	0.0
1125.0 	9.94 	0.009999999999999787
1126.0 	9.94 	0.0
1127.0 	9.95 	0.009999999999999787
1128.0 	9.96 	0.010000000000001563
1129.0 	9.97 	0.009999999999999787
1130.0 	9.98 	0.009999999999999787
1131.0 	9.99 	0.009999999999999787
1132.0 	10.0 	0.009999999999999787
1133.0 	10.01 	0.009999999999999787
1134.0 	10.01 	0.0
1135.0 	10.02 	0.009999999999999787
1136.0 	10.03 	0.009999999999999787
1137.0 	10.04 	0.009999999999999787
1138.0 	10.05 	0.010000000000001563
1139.0 	10.05 	0.0
1140.0 	10.06 	0.009999999999999787
1141.0 	10.07 	0.009999999999999787
1142.0 	10.08 	0.009999999999999787
1143.0 	10.08 	0.0
1144.0 	10.09 	0.009999999999999787
1145.0 	10.1 	0.009999999999999787
1146.0 	10.11 	0.009999999999999787
1147.0 	10.11 	0.0
1148.0 	10.12 	0.009999999999999787
1149.0 	10.13 	0.010000000000001563
1150.0 	10.14 	0.009999999999999787
1151.0 	10.14 	0.0
1152.0 	10.15 	0.009999999999999787
1153.0 	10.16 	0.009999999999999787
1154.0 	10.17 	0.009999999999999787
1155.0 	10.17 	0.0
1156.0 	10.18 	0.009999999999999787
1157.0 	10.2 	0.019999999999999574
1158.0 	10.21 	0.010000000000001563
1159.0 	10.22 	0.009999999999999787
1160.0 	10.22 	0.0
1161.0 	10.23 	0.009999999999999787
1162.0 	10.24 	0.009999999999999787
1163.0 	10.25 	0.009999999999999787
1164.0 	10.25 	0.0
1165.0 	10.26 	0.009999999999999787
1166.0 	10.26 	0.0
1167.0 	10.27 	0.009999999999999787
1168.0 	10.28 	0.009999999999999787
1169.0 	10.29 	0.009999999999999787
1170.0 	10.29 	0.0
1171.0 	10.3 	0.010000000000001563
1172.0 	10.31 	0.009999999999999787
1173.0 	10.32 	0.009999999999999787
1174.0 	10.33 	0.009999999999999787
1175.0 	10.34 	0.009999999999999787
1176.0 	10.35 	0.009999999999999787
1177.0 	10.36 	0.009999999999999787
1178.0 	10.37 	0.009999999999999787
1179.0 	10.38 	0.010000000000001563
1180.0 	10.39 	0.009999999999999787
1181.0 	10.4 	0.009999999999999787
1182.0 	10.41 	0.009999999999999787
1183.0 	10.42 	0.009999999999999787
1184.0 	10.43 	0.009999999999999787
1185.0 	10.44 	0.009999999999999787
1186.0 	10.45 	0.009999999999999787
1187.0 	10.46 	0.010000000000001563
1188.0 	10.47 	0.009999999999999787
1189.0 	10.48 	0.009999999999999787
1190.0 	10.48 	0.0
1191.0 	10.49 	0.009999999999999787
1192.0 	10.51 	0.019999999999999574
1193.0 	10.52 	0.009999999999999787
1194.0 	10.53 	0.009999999999999787
1195.0 	10.54 	0.009999999999999787
1196.0 	10.55 	0.010000000000001563
1197.0 	10.56 	0.009999999999999787
1198.0 	10.57 	0.009999999999999787
1199.0 	10.58 	0.009999999999999787
1200.0 	10.59 	0.009999999999999787
1201.0 	10.6 	0.009999999999999787
1202.0 	10.61 	0.009999999999999787
1203.0 	10.62 	0.009999999999999787
1204.0 	10.63 	0.010000000000001563
1205.0 	10.64 	0.009999999999999787
1206.0 	10.65 	0.009999999999999787
1207.0 	10.66 	0.009999999999999787
1208.0 	10.67 	0.009999999999999787
1209.0 	10.68 	0.009999999999999787
1210.0 	10.69 	0.009999999999999787
1211.0 	10.7 	0.009999999999999787
1212.0 	10.71 	0.010000000000001563
1213.0 	10.72 	0.009999999999999787
1214.0 	10.73 	0.009999999999999787
1215.0 	10.74 	0.009999999999999787
1216.0 	10.75 	0.009999999999999787
1217.0 	10.75 	0.0
1218.0 	10.76 	0.009999999999999787
1219.0 	10.77 	0.009999999999999787
1220.0 	10.78 	0.009999999999999787
1221.0 	10.78 	0.0
1222.0 	10.79 	0.009999999999999787
1223.0 	10.8 	0.010000000000001563
1224.0 	10.81 	0.009999999999999787
1225.0 	10.81 	0.0
1226.0 	10.82 	0.009999999999999787
