# time 	Initial 	Final 	Iterations
1.0 	5.42902e-09 	2.52076e-11 	1
2.0 	8.71275e-09 	4.93812e-11 	1
3.0 	1.04542e-08 	6.53006e-11 	1
4.0 	1.17383e-08 	7.49864e-11 	1
5.0 	1.29324e-08 	7.97846e-11 	1
6.0 	1.39623e-08 	7.9518e-11 	1
7.0 	1.67561e-08 	7.78424e-11 	1
8.0 	1.39558e-08 	7.96462e-11 	1
9.0 	1.31326e-08 	8.09385e-11 	1
10.0 	1.41943e-08 	7.35187e-11 	1
11.0 	1.67851e-08 	7.07699e-11 	1
12.0 	1.29408e-08 	6.86401e-11 	1
13.0 	1.16546e-08 	6.85722e-11 	1
14.0 	1.63047e-08 	6.32681e-11 	1
15.0 	1.17236e-08 	6.08592e-11 	1
16.0 	1.02435e-08 	6.06799e-11 	1
17.0 	1.60437e-08 	5.71565e-11 	1
18.0 	1.17223e-08 	5.51208e-11 	1
19.0 	9.18422e-09 	5.38252e-11 	1
20.0 	1.60568e-08 	5.15938e-11 	1
21.0 	8.73816e-09 	4.96629e-11 	1
22.0 	7.71406e-09 	4.81601e-11 	1
23.0 	6.76197e-09 	4.82982e-11 	1
24.0 	1.53343e-08 	4.50206e-11 	1
25.0 	1.55013e-07 	4.38845e-11 	1
26.0 	2.04718e-07 	4.27775e-11 	1
27.0 	2.01337e-07 	4.07083e-11 	1
28.0 	1.53779e-07 	3.94774e-11 	1
29.0 	9.93614e-08 	3.77568e-11 	1
30.0 	8.2208e-08 	3.62962e-11 	1
31.0 	4.60975e-08 	3.48661e-11 	1
32.0 	5.08254e-08 	3.35455e-11 	1
33.0 	4.83889e-08 	3.2268e-11 	1
34.0 	4.97221e-08 	3.10588e-11 	1
35.0 	5.45466e-08 	2.99326e-11 	1
36.0 	5.61684e-08 	2.88017e-11 	1
37.0 	6.41495e-08 	2.7755e-11 	1
38.0 	6.17666e-08 	2.66799e-11 	1
39.0 	6.32244e-08 	2.56597e-11 	1
40.0 	6.40536e-08 	2.46988e-11 	1
41.0 	6.20012e-08 	2.37699e-11 	1
42.0 	5.40869e-08 	2.28983e-11 	1
43.0 	4.28833e-08 	2.20298e-11 	1
44.0 	3.27894e-08 	2.12554e-11 	1
45.0 	2.25735e-08 	2.05467e-11 	1
46.0 	1.82651e-08 	1.98235e-11 	1
47.0 	9.56877e-09 	1.92131e-11 	1
48.0 	7.15556e-09 	1.86683e-11 	1
49.0 	8.57524e-09 	1.81977e-11 	1
50.0 	1.37375e-08 	1.78095e-11 	1
51.0 	1.14442e-08 	1.74267e-11 	1
52.0 	1.15015e-08 	1.7053e-11 	1
53.0 	1.85197e-08 	1.66745e-11 	1
54.0 	1.39908e-08 	1.63035e-11 	1
55.0 	1.50856e-08 	1.5959e-11 	1
56.0 	2.49233e-08 	1.56959e-11 	1
57.0 	1.98387e-08 	1.54685e-11 	1
58.0 	2.90026e-08 	1.52667e-11 	1
59.0 	2.53185e-08 	1.50996e-11 	1
60.0 	4.47437e-08 	1.49607e-11 	1
61.0 	5.89802e-08 	1.48277e-11 	1
62.0 	8.75706e-08 	1.47131e-11 	1
63.0 	3.07695e-08 	1.45908e-11 	1
64.0 	9.42056e-09 	1.44107e-11 	1
65.0 	2.9831e-09 	1.41836e-11 	1
66.0 	1.25338e-09 	1.39404e-11 	1
67.0 	2.098e-09 	1.35733e-11 	1
68.0 	1.78324e-09 	1.32464e-11 	1
69.0 	8.26817e-10 	1.29074e-11 	1
70.0 	5.90304e-10 	1.30667e-11 	1
71.0 	5.13863e-10 	1.71474e-11 	1
72.0 	5.07604e-10 	1.85211e-11 	1
73.0 	5.08256e-10 	1.69063e-11 	1
74.0 	5.12226e-10 	1.16683e-11 	1
75.0 	5.87553e-09 	1.10441e-11 	1
76.0 	1.77802e-09 	1.08025e-11 	1
77.0 	8.55767e-10 	1.05479e-11 	1
78.0 	5.15381e-10 	1.04479e-11 	1
79.0 	5.12648e-10 	1.02387e-11 	1
80.0 	6.16634e-10 	1.00077e-11 	1
81.0 	4.62128e-10 	9.87232e-12 	1
82.0 	3.9661e-10 	1.04704e-11 	1
83.0 	3.7968e-10 	1.1045e-11 	1
84.0 	3.84846e-10 	1.18398e-11 	1
85.0 	3.85288e-10 	1.21046e-11 	1
86.0 	3.53001e-10 	1.25904e-11 	1
87.0 	3.41654e-10 	1.23518e-11 	1
88.0 	3.30847e-10 	1.20333e-11 	1
89.0 	3.22851e-10 	1.19151e-11 	1
90.0 	3.14282e-10 	1.19689e-11 	1
91.0 	3.06933e-10 	1.21629e-11 	1
92.0 	2.99433e-10 	1.23575e-11 	1
93.0 	2.1244e-09 	8.18381e-12 	1
94.0 	3.55e-10 	8.49828e-12 	1
95.0 	9.77968e-10 	8.04378e-12 	1
96.0 	2.84249e-09 	7.98651e-12 	1
97.0 	1.22504e-09 	7.89569e-12 	1
98.0 	7.07844e-10 	7.84527e-12 	1
99.0 	5.50977e-10 	7.77978e-12 	1
100.0 	4.11397e-10 	7.71784e-12 	1
101.0 	3.69513e-10 	7.66565e-12 	1
102.0 	3.22224e-10 	7.6512e-12 	1
103.0 	2.98173e-10 	7.70986e-12 	1
104.0 	2.80704e-10 	7.88191e-12 	1
105.0 	2.67652e-10 	8.21651e-12 	1
106.0 	2.72353e-10 	8.85364e-12 	1
107.0 	2.52533e-10 	9.27581e-12 	1
108.0 	2.42389e-10 	9.67198e-12 	1
109.0 	2.36654e-10 	1.00735e-11 	1
110.0 	2.31708e-10 	1.03405e-11 	1
111.0 	2.30072e-10 	1.03176e-11 	1
112.0 	2.46557e-10 	7.57079e-12 	1
113.0 	2.81258e-10 	7.00732e-12 	1
114.0 	2.94453e-10 	6.97287e-12 	1
115.0 	2.81705e-10 	7.01075e-12 	1
116.0 	2.69765e-10 	7.12817e-12 	1
117.0 	2.70023e-10 	7.18565e-12 	1
118.0 	2.74794e-10 	7.05852e-12 	1
119.0 	2.74169e-10 	6.99669e-12 	1
120.0 	2.66054e-10 	7.02074e-12 	1
121.0 	2.56072e-10 	7.11447e-12 	1
122.0 	2.47669e-10 	7.23653e-12 	1
123.0 	2.44286e-10 	7.35074e-12 	1
124.0 	2.3736e-10 	7.40782e-12 	1
125.0 	2.37085e-10 	7.45622e-12 	1
126.0 	2.38117e-10 	7.485e-12 	1
127.0 	2.33723e-10 	7.4447e-12 	1
128.0 	2.34254e-10 	7.4139e-12 	1
129.0 	2.24087e-10 	7.30061e-12 	1
130.0 	2.254e-10 	7.24219e-12 	1
131.0 	2.22191e-10 	7.1489e-12 	1
132.0 	2.2845e-10 	7.1035e-12 	1
133.0 	2.19406e-10 	6.97476e-12 	1
134.0 	2.20177e-10 	6.90241e-12 	1
135.0 	2.23768e-10 	6.8351e-12 	1
136.0 	2.26619e-10 	6.75212e-12 	1
137.0 	2.35846e-10 	6.64731e-12 	1
138.0 	2.49133e-10 	6.55264e-12 	1
139.0 	2.44568e-10 	6.46065e-12 	1
140.0 	2.52076e-10 	6.42486e-12 	1
141.0 	2.63223e-10 	6.41723e-12 	1
142.0 	2.42132e-10 	6.34466e-12 	1
143.0 	2.44282e-10 	6.30591e-12 	1
144.0 	2.44241e-10 	6.25337e-12 	1
145.0 	2.50614e-10 	6.21364e-12 	1
146.0 	2.47879e-10 	6.15473e-12 	1
147.0 	2.57134e-10 	6.11414e-12 	1
148.0 	2.58453e-10 	6.05302e-12 	1
149.0 	2.75807e-10 	6.0016e-12 	1
150.0 	2.92768e-10 	5.93093e-12 	1
151.0 	3.43158e-10 	5.87644e-12 	1
152.0 	4.32843e-10 	5.8275e-12 	1
153.0 	6.48624e-10 	5.78621e-12 	1
154.0 	1.0853e-09 	5.74658e-12 	1
155.0 	1.15365e-09 	5.70396e-12 	1
156.0 	5.29551e-10 	5.66944e-12 	1
157.0 	3.31318e-10 	5.63418e-12 	1
158.0 	2.74929e-10 	5.59784e-12 	1
159.0 	2.58369e-10 	5.5487e-12 	1
160.0 	2.88924e-10 	5.51001e-12 	1
161.0 	5.38958e-10 	5.46674e-12 	1
162.0 	3.07751e-10 	5.42469e-12 	1
163.0 	3.16065e-10 	5.37759e-12 	1
164.0 	2.86795e-10 	5.33095e-12 	1
165.0 	2.77165e-10 	5.28195e-12 	1
166.0 	2.68539e-10 	5.23349e-12 	1
167.0 	2.66185e-10 	5.18684e-12 	1
168.0 	2.63121e-10 	5.14066e-12 	1
169.0 	2.63362e-10 	5.09715e-12 	1
170.0 	2.62417e-10 	5.05466e-12 	1
171.0 	2.6299e-10 	5.01428e-12 	1
172.0 	2.88532e-10 	4.99345e-12 	1
173.0 	2.65454e-10 	4.95035e-12 	1
174.0 	2.65643e-10 	4.90967e-12 	1
175.0 	2.639e-10 	4.86707e-12 	1
176.0 	2.64203e-10 	4.8265e-12 	1
177.0 	2.63731e-10 	4.78628e-12 	1
178.0 	2.63356e-10 	4.74656e-12 	1
179.0 	2.62805e-10 	4.70727e-12 	1
180.0 	2.62231e-10 	4.6679e-12 	1
181.0 	2.61615e-10 	4.6288e-12 	1
182.0 	2.63256e-10 	4.58718e-12 	1
183.0 	2.78765e-10 	4.55894e-12 	1
184.0 	2.66011e-10 	4.51876e-12 	1
185.0 	2.70742e-10 	4.4775e-12 	1
186.0 	2.6373e-10 	4.44024e-12 	1
187.0 	2.56741e-10 	4.40467e-12 	1
188.0 	2.57952e-10 	4.3752e-12 	1
189.0 	2.54817e-10 	4.34495e-12 	1
190.0 	2.53899e-10 	4.31745e-12 	1
191.0 	2.5254e-10 	4.29034e-12 	1
192.0 	2.51244e-10 	4.2632e-12 	1
193.0 	2.49816e-10 	4.23662e-12 	1
194.0 	2.48262e-10 	4.21198e-12 	1
195.0 	2.46551e-10 	4.18885e-12 	1
196.0 	2.44721e-10 	4.16654e-12 	1
197.0 	2.42736e-10 	4.14457e-12 	1
198.0 	2.40611e-10 	4.12241e-12 	1
199.0 	2.38372e-10 	4.10371e-12 	1
200.0 	2.36083e-10 	4.08843e-12 	1
201.0 	2.33727e-10 	4.07465e-12 	1
202.0 	2.31286e-10 	4.06442e-12 	1
203.0 	2.30752e-10 	4.05781e-12 	1
204.0 	2.27834e-10 	4.04895e-12 	1
205.0 	2.26727e-10 	4.04144e-12 	1
206.0 	2.2157e-10 	4.03325e-12 	1
207.0 	2.18715e-10 	4.02714e-12 	1
208.0 	2.16682e-10 	4.02016e-12 	1
209.0 	2.14435e-10 	4.0134e-12 	1
210.0 	2.1126e-10 	4.00631e-12 	1
211.0 	2.08712e-10 	4.0023e-12 	1
212.0 	2.07436e-10 	3.99857e-12 	1
213.0 	2.05634e-10 	3.99277e-12 	1
214.0 	2.04926e-10 	3.98909e-12 	1
215.0 	1.09914e-10 	7.57828e-12 	1
216.0 	1.01962e-10 	9.14132e-12 	1
217.0 	1.00427e-10 	9.37913e-12 	1
218.0 	9.74166e-11 	9.74166e-11 	0
219.0 	1.74109e-10 	6.87438e-12 	1
220.0 	8.67317e-11 	8.67317e-11 	0
221.0 	1.60238e-10 	7.54924e-12 	1
222.0 	9.20232e-11 	9.20232e-11 	0
223.0 	1.62031e-10 	7.49578e-12 	1
224.0 	8.68725e-11 	8.68725e-11 	0
225.0 	1.58995e-10 	7.71279e-12 	1
226.0 	8.63384e-11 	8.63384e-11 	0
227.0 	1.5766e-10 	7.82134e-12 	1
228.0 	8.56085e-11 	8.56085e-11 	0
229.0 	1.56058e-10 	7.96111e-12 	1
230.0 	8.53e-11 	8.53e-11 	0
231.0 	1.55477e-10 	8.10679e-12 	1
232.0 	8.66404e-11 	8.66404e-11 	0
233.0 	1.54969e-10 	8.22699e-12 	1
234.0 	8.47724e-11 	8.47724e-11 	0
235.0 	1.52818e-10 	8.37571e-12 	1
236.0 	8.50832e-11 	8.50832e-11 	0
237.0 	1.52552e-10 	8.51516e-12 	1
238.0 	8.39797e-11 	8.39797e-11 	0
239.0 	1.53555e-10 	8.57118e-12 	1
240.0 	8.54629e-11 	8.54629e-11 	0
241.0 	1.51681e-10 	8.75066e-12 	1
242.0 	8.35556e-11 	8.35556e-11 	0
243.0 	1.49827e-10 	8.85998e-12 	1
244.0 	8.38415e-11 	8.38415e-11 	0
245.0 	1.49069e-10 	8.96186e-12 	1
246.0 	8.29306e-11 	8.29306e-11 	0
247.0 	1.48347e-10 	9.07356e-12 	1
248.0 	8.27484e-11 	8.27484e-11 	0
249.0 	1.47819e-10 	9.15087e-12 	1
250.0 	8.69617e-11 	8.69617e-11 	0
251.0 	1.50561e-10 	9.10042e-12 	1
252.0 	8.46661e-11 	8.46661e-11 	0
253.0 	1.47229e-10 	9.23818e-12 	1
254.0 	8.27923e-11 	8.27923e-11 	0
255.0 	1.46387e-10 	9.33289e-12 	1
256.0 	8.23162e-11 	8.23162e-11 	0
257.0 	1.45679e-10 	9.38494e-12 	1
258.0 	8.1715e-11 	8.1715e-11 	0
259.0 	1.44684e-10 	9.43235e-12 	1
260.0 	8.15354e-11 	8.15354e-11 	0
261.0 	1.44258e-10 	9.46981e-12 	1
262.0 	8.15513e-11 	8.15513e-11 	0
263.0 	1.43426e-10 	9.49753e-12 	1
264.0 	8.25481e-11 	8.25481e-11 	0
265.0 	1.43655e-10 	9.49342e-12 	1
266.0 	8.16285e-11 	8.16285e-11 	0
267.0 	1.42243e-10 	9.51224e-12 	1
268.0 	8.34876e-11 	8.34876e-11 	0
269.0 	1.41841e-10 	9.56894e-12 	1
270.0 	8.10738e-11 	8.10738e-11 	0
271.0 	1.39678e-10 	9.61115e-12 	1
272.0 	8.00837e-11 	8.00837e-11 	0
273.0 	1.3842e-10 	9.67213e-12 	1
274.0 	7.96151e-11 	7.96151e-11 	0
275.0 	1.37128e-10 	9.70956e-12 	1
276.0 	7.92846e-11 	7.92846e-11 	0
277.0 	1.36283e-10 	9.75939e-12 	1
278.0 	7.90849e-11 	7.90849e-11 	0
279.0 	1.3493e-10 	9.82633e-12 	1
280.0 	7.85199e-11 	7.85199e-11 	0
281.0 	1.3341e-10 	9.87922e-12 	1
282.0 	7.80979e-11 	7.80979e-11 	0
283.0 	1.32002e-10 	9.94348e-12 	1
284.0 	7.76543e-11 	7.76543e-11 	0
285.0 	1.30519e-10 	1.00107e-11 	1
286.0 	7.71787e-11 	7.71787e-11 	0
287.0 	1.29016e-10 	1.00847e-11 	1
288.0 	7.66785e-11 	7.66785e-11 	0
289.0 	1.27468e-10 	1.01641e-11 	1
290.0 	7.61483e-11 	7.61483e-11 	0
291.0 	1.25852e-10 	1.02483e-11 	1
292.0 	7.60244e-11 	7.60244e-11 	0
293.0 	1.24367e-10 	1.03482e-11 	1
294.0 	7.52232e-11 	7.52232e-11 	0
295.0 	1.22655e-10 	1.04492e-11 	1
296.0 	7.4969e-11 	7.4969e-11 	0
297.0 	1.21955e-10 	1.06119e-11 	1
298.0 	7.39209e-11 	7.39209e-11 	0
299.0 	1.19261e-10 	1.0692e-11 	1
300.0 	7.43619e-11 	7.43619e-11 	0
301.0 	1.17777e-10 	1.08064e-11 	1
302.0 	7.26707e-11 	7.26707e-11 	0
303.0 	1.1624e-10 	1.09714e-11 	1
304.0 	7.35103e-11 	7.35103e-11 	0
305.0 	1.14191e-10 	1.11009e-11 	1
306.0 	7.14698e-11 	7.14698e-11 	0
307.0 	1.11589e-10 	1.12167e-11 	1
308.0 	7.02033e-11 	7.02033e-11 	0
309.0 	1.0932e-10 	1.13676e-11 	1
310.0 	6.93615e-11 	6.93615e-11 	0
311.0 	1.07282e-10 	1.15166e-11 	1
312.0 	6.88047e-11 	6.88047e-11 	0
313.0 	1.05387e-10 	1.16722e-11 	1
314.0 	6.76213e-11 	6.76213e-11 	0
315.0 	1.02958e-10 	1.17991e-11 	1
316.0 	6.66975e-11 	6.66975e-11 	0
317.0 	1.0077e-10 	1.19342e-11 	1
318.0 	6.57228e-11 	6.57228e-11 	0
319.0 	9.85661e-11 	9.85661e-11 	0
320.0 	1.30961e-10 	1.08636e-11 	1
321.0 	6.48135e-11 	6.48135e-11 	0
322.0 	9.45008e-11 	9.45008e-11 	0
323.0 	1.24823e-10 	1.12698e-11 	1
324.0 	6.46201e-11 	6.46201e-11 	0
325.0 	9.30141e-11 	9.30141e-11 	0
326.0 	1.21481e-10 	1.17465e-11 	1
327.0 	6.38239e-11 	6.38239e-11 	0
328.0 	8.99427e-11 	8.99427e-11 	0
329.0 	1.1757e-10 	1.22296e-11 	1
330.0 	6.19299e-11 	6.19299e-11 	0
331.0 	8.81109e-11 	8.81109e-11 	0
332.0 	1.13459e-10 	1.26712e-11 	1
333.0 	6.07006e-11 	6.07006e-11 	0
334.0 	8.51698e-11 	8.51698e-11 	0
335.0 	1.09401e-10 	1.30609e-11 	1
336.0 	6.05076e-11 	6.05076e-11 	0
337.0 	8.26081e-11 	8.26081e-11 	0
338.0 	1.05965e-10 	1.33948e-11 	1
339.0 	5.87973e-11 	5.87973e-11 	0
340.0 	8.09787e-11 	8.09787e-11 	0
341.0 	1.02199e-10 	1.36282e-11 	1
342.0 	5.83927e-11 	5.83927e-11 	0
343.0 	7.81384e-11 	7.81384e-11 	0
344.0 	9.89753e-11 	9.89753e-11 	0
345.0 	1.19408e-10 	1.34559e-11 	1
346.0 	5.8595e-11 	5.8595e-11 	0
347.0 	7.46472e-11 	7.46472e-11 	0
348.0 	9.32075e-11 	9.32075e-11 	0
349.0 	1.12338e-10 	1.3844e-11 	1
350.0 	5.87364e-11 	5.87364e-11 	0
351.0 	7.37723e-11 	7.37723e-11 	0
352.0 	9.14309e-11 	9.14309e-11 	0
353.0 	1.08662e-10 	1.39942e-11 	1
354.0 	5.84324e-11 	5.84324e-11 	0
355.0 	7.1669e-11 	7.1669e-11 	0
356.0 	8.80529e-11 	8.80529e-11 	0
357.0 	1.0439e-10 	1.40585e-11 	1
358.0 	5.76176e-11 	5.76176e-11 	0
359.0 	7.04592e-11 	7.04592e-11 	0
360.0 	8.63667e-11 	8.63667e-11 	0
361.0 	1.00823e-10 	1.39569e-11 	1
362.0 	5.67112e-11 	5.67112e-11 	0
363.0 	6.78824e-11 	6.78824e-11 	0
364.0 	8.31647e-11 	8.31647e-11 	0
365.0 	9.70072e-11 	9.70072e-11 	0
366.0 	1.11407e-10 	1.35344e-11 	1
367.0 	5.9281e-11 	5.9281e-11 	0
368.0 	6.54272e-11 	6.54272e-11 	0
369.0 	7.84314e-11 	7.84314e-11 	0
370.0 	9.17467e-11 	9.17467e-11 	0
371.0 	1.04947e-10 	1.36529e-11 	1
372.0 	5.85165e-11 	5.85165e-11 	0
373.0 	6.49521e-11 	6.49521e-11 	0
374.0 	7.7255e-11 	7.7255e-11 	0
375.0 	8.95653e-11 	8.95653e-11 	0
376.0 	1.01744e-10 	1.33946e-11 	1
377.0 	5.90268e-11 	5.90268e-11 	0
378.0 	6.44019e-11 	6.44019e-11 	0
379.0 	7.57033e-11 	7.57033e-11 	0
380.0 	8.74347e-11 	8.74347e-11 	0
381.0 	9.85912e-11 	9.85912e-11 	0
382.0 	1.09993e-10 	1.29701e-11 	1
383.0 	6.23657e-11 	6.23657e-11 	0
384.0 	6.46383e-11 	6.46383e-11 	0
385.0 	7.41027e-11 	7.41027e-11 	0
386.0 	8.44749e-11 	8.44749e-11 	0
387.0 	9.48302e-11 	9.48302e-11 	0
388.0 	1.04748e-10 	1.32615e-11 	1
389.0 	6.19369e-11 	6.19369e-11 	0
390.0 	6.41468e-11 	6.41468e-11 	0
391.0 	7.33523e-11 	7.33523e-11 	0
392.0 	8.32228e-11 	8.32228e-11 	0
393.0 	9.32069e-11 	9.32069e-11 	0
394.0 	1.03304e-10 	1.29982e-11 	1
395.0 	6.24662e-11 	6.24662e-11 	0
396.0 	6.45204e-11 	6.45204e-11 	0
397.0 	7.3826e-11 	7.3826e-11 	0
398.0 	8.31039e-11 	8.31039e-11 	0
399.0 	9.28983e-11 	9.28983e-11 	0
400.0 	1.02858e-10 	1.32067e-11 	1
401.0 	6.27025e-11 	6.27025e-11 	0
402.0 	6.48714e-11 	6.48714e-11 	0
403.0 	7.37423e-11 	7.37423e-11 	0
404.0 	8.33303e-11 	8.33303e-11 	0
405.0 	9.30793e-11 	9.30793e-11 	0
406.0 	1.02981e-10 	1.32104e-11 	1
407.0 	6.29865e-11 	6.29865e-11 	0
408.0 	6.57866e-11 	6.57866e-11 	0
409.0 	7.43061e-11 	7.43061e-11 	0
410.0 	8.39164e-11 	8.39164e-11 	0
411.0 	9.33533e-11 	9.33533e-11 	0
412.0 	1.02616e-10 	1.34111e-11 	1
413.0 	6.36695e-11 	6.36695e-11 	0
414.0 	6.60285e-11 	6.60285e-11 	0
415.0 	7.42942e-11 	7.42942e-11 	0
416.0 	8.32406e-11 	8.32406e-11 	0
417.0 	9.20493e-11 	9.20493e-11 	0
418.0 	1.01509e-10 	1.34913e-11 	1
419.0 	6.35824e-11 	6.35824e-11 	0
420.0 	6.57831e-11 	6.57831e-11 	0
421.0 	7.37611e-11 	7.37611e-11 	0
422.0 	8.23888e-11 	8.23888e-11 	0
423.0 	9.10905e-11 	9.10905e-11 	0
424.0 	9.98508e-11 	9.98508e-11 	0
425.0 	1.08658e-10 	1.35045e-11 	1
426.0 	6.61228e-11 	6.61228e-11 	0
427.0 	6.70612e-11 	6.70612e-11 	0
428.0 	7.24515e-11 	7.24515e-11 	0
429.0 	8.02688e-11 	8.02688e-11 	0
430.0 	8.82891e-11 	8.82891e-11 	0
431.0 	9.63584e-11 	9.63584e-11 	0
432.0 	1.04463e-10 	1.41016e-11 	1
433.0 	6.64317e-11 	6.64317e-11 	0
434.0 	6.72268e-11 	6.72268e-11 	0
435.0 	7.29605e-11 	7.29605e-11 	0
436.0 	8.05369e-11 	8.05369e-11 	0
437.0 	8.77017e-11 	8.77017e-11 	0
438.0 	9.52757e-11 	9.52757e-11 	0
439.0 	1.02801e-10 	1.41973e-11 	1
440.0 	6.76641e-11 	6.76641e-11 	0
441.0 	6.80901e-11 	6.80901e-11 	0
442.0 	7.27715e-11 	7.27715e-11 	0
443.0 	7.96884e-11 	7.96884e-11 	0
444.0 	8.62519e-11 	8.62519e-11 	0
445.0 	9.30779e-11 	9.30779e-11 	0
446.0 	1.00742e-10 	1.48794e-11 	1
447.0 	6.803e-11 	6.803e-11 	0
448.0 	6.98358e-11 	6.98358e-11 	0
449.0 	7.44408e-11 	7.44408e-11 	0
450.0 	8.06013e-11 	8.06013e-11 	0
451.0 	8.68973e-11 	8.68973e-11 	0
452.0 	9.32362e-11 	9.32362e-11 	0
453.0 	9.92162e-11 	9.92162e-11 	0
454.0 	1.0556e-10 	1.46749e-11 	1
455.0 	7.04418e-11 	7.04418e-11 	0
456.0 	7.08796e-11 	7.08796e-11 	0
457.0 	7.31215e-11 	7.31215e-11 	0
458.0 	7.83391e-11 	7.83391e-11 	0
459.0 	8.35915e-11 	8.35915e-11 	0
460.0 	8.95518e-11 	8.95518e-11 	0
461.0 	9.55969e-11 	9.55969e-11 	0
462.0 	1.01703e-10 	1.49402e-11 	1
463.0 	7.02499e-11 	7.02499e-11 	0
464.0 	7.02417e-11 	7.02417e-11 	0
465.0 	7.32655e-11 	7.32655e-11 	0
466.0 	7.87583e-11 	7.87583e-11 	0
467.0 	8.44848e-11 	8.44848e-11 	0
468.0 	9.02726e-11 	9.02726e-11 	0
469.0 	9.61535e-11 	9.61535e-11 	0
470.0 	1.02003e-10 	1.4298e-11 	1
471.0 	7.17369e-11 	7.17369e-11 	0
472.0 	7.24505e-11 	7.24505e-11 	0
473.0 	7.55267e-11 	7.55267e-11 	0
474.0 	8.03364e-11 	8.03364e-11 	0
475.0 	8.53584e-11 	8.53584e-11 	0
476.0 	9.08091e-11 	9.08091e-11 	0
477.0 	9.63197e-11 	9.63197e-11 	0
478.0 	1.01493e-10 	1.48646e-11 	1
479.0 	7.2303e-11 	7.2303e-11 	0
480.0 	7.34818e-11 	7.34818e-11 	0
481.0 	7.63016e-11 	7.63016e-11 	0
482.0 	8.05733e-11 	8.05733e-11 	0
483.0 	8.5142e-11 	8.5142e-11 	0
484.0 	9.0126e-11 	9.0126e-11 	0
485.0 	9.54174e-11 	9.54174e-11 	0
486.0 	1.00726e-10 	1.44641e-11 	1
487.0 	7.28858e-11 	7.28858e-11 	0
488.0 	7.36818e-11 	7.36818e-11 	0
489.0 	7.67043e-11 	7.67043e-11 	0
490.0 	8.07785e-11 	8.07785e-11 	0
491.0 	8.52237e-11 	8.52237e-11 	0
492.0 	8.95166e-11 	8.95166e-11 	0
493.0 	9.4107e-11 	9.4107e-11 	0
494.0 	9.87905e-11 	9.87905e-11 	0
495.0 	1.03467e-10 	1.53652e-11 	1
496.0 	7.52459e-11 	7.52459e-11 	0
497.0 	7.56043e-11 	7.56043e-11 	0
498.0 	7.73435e-11 	7.73435e-11 	0
499.0 	8.06005e-11 	8.06005e-11 	0
500.0 	8.45414e-11 	8.45414e-11 	0
501.0 	8.88155e-11 	8.88155e-11 	0
502.0 	9.27325e-11 	9.27325e-11 	0
503.0 	9.68194e-11 	9.68194e-11 	0
504.0 	1.00894e-10 	1.50476e-11 	1
505.0 	7.60901e-11 	7.60901e-11 	0
506.0 	7.64822e-11 	7.64822e-11 	0
507.0 	7.82607e-11 	7.82607e-11 	0
508.0 	8.13966e-11 	8.13966e-11 	0
509.0 	8.47694e-11 	8.47694e-11 	0
510.0 	8.80825e-11 	8.80825e-11 	0
511.0 	9.13498e-11 	9.13498e-11 	0
512.0 	9.45911e-11 	9.45911e-11 	0
513.0 	9.79734e-11 	9.79734e-11 	0
514.0 	1.01514e-10 	1.5302e-11 	1
515.0 	7.8017e-11 	7.8017e-11 	0
516.0 	7.81601e-11 	7.81601e-11 	0
517.0 	7.93637e-11 	7.93637e-11 	0
518.0 	8.15135e-11 	8.15135e-11 	0
519.0 	8.44549e-11 	8.44549e-11 	0
520.0 	8.75707e-11 	8.75707e-11 	0
521.0 	9.07215e-11 	9.07215e-11 	0
522.0 	9.38786e-11 	9.38786e-11 	0
523.0 	9.7036e-11 	9.7036e-11 	0
524.0 	1.00197e-10 	1.44082e-11 	1
525.0 	7.9188e-11 	7.9188e-11 	0
526.0 	7.97163e-11 	7.97163e-11 	0
527.0 	8.10552e-11 	8.10552e-11 	0
528.0 	8.3463e-11 	8.3463e-11 	0
529.0 	8.61598e-11 	8.61598e-11 	0
530.0 	8.88274e-11 	8.88274e-11 	0
531.0 	9.14568e-11 	9.14568e-11 	0
532.0 	9.40661e-11 	9.40661e-11 	0
533.0 	9.66578e-11 	9.66578e-11 	0
534.0 	9.92285e-11 	9.92285e-11 	0
535.0 	1.01787e-10 	1.45312e-11 	1
536.0 	8.17906e-11 	8.17906e-11 	0
537.0 	8.23053e-11 	8.23053e-11 	0
538.0 	8.34694e-11 	8.34694e-11 	0
539.0 	8.50308e-11 	8.50308e-11 	0
540.0 	8.7312e-11 	8.7312e-11 	0
541.0 	8.97785e-11 	8.97785e-11 	0
542.0 	9.22762e-11 	9.22762e-11 	0
543.0 	9.47844e-11 	9.47844e-11 	0
544.0 	9.72779e-11 	9.72779e-11 	0
545.0 	9.97526e-11 	9.97526e-11 	0
546.0 	1.02204e-10 	1.4488e-11 	1
547.0 	8.40459e-11 	8.40459e-11 	0
548.0 	8.46942e-11 	8.46942e-11 	0
549.0 	8.58491e-11 	8.58491e-11 	0
550.0 	8.7556e-11 	8.7556e-11 	0
551.0 	8.96366e-11 	8.96366e-11 	0
552.0 	9.17096e-11 	9.17096e-11 	0
553.0 	9.37277e-11 	9.37277e-11 	0
554.0 	9.57019e-11 	9.57019e-11 	0
555.0 	9.76379e-11 	9.76379e-11 	0
556.0 	9.95463e-11 	9.95463e-11 	0
557.0 	1.0142e-10 	1.54841e-11 	1
558.0 	8.60839e-11 	8.60839e-11 	0
559.0 	8.66334e-11 	8.66334e-11 	0
560.0 	8.77054e-11 	8.77054e-11 	0
561.0 	8.90529e-11 	8.90529e-11 	0
562.0 	9.08333e-11 	9.08333e-11 	0
563.0 	9.27019e-11 	9.27019e-11 	0
564.0 	9.45568e-11 	9.45568e-11 	0
565.0 	9.63793e-11 	9.63793e-11 	0
566.0 	9.81742e-11 	9.81742e-11 	0
567.0 	9.99548e-11 	9.99548e-11 	0
568.0 	1.01714e-10 	1.57448e-11 	1
569.0 	8.7808e-11 	8.7808e-11 	0
570.0 	8.84922e-11 	8.84922e-11 	0
571.0 	8.95482e-11 	8.95482e-11 	0
572.0 	9.08504e-11 	9.08504e-11 	0
573.0 	9.24427e-11 	9.24427e-11 	0
574.0 	9.40206e-11 	9.40206e-11 	0
575.0 	9.5543e-11 	9.5543e-11 	0
576.0 	9.70198e-11 	9.70198e-11 	0
577.0 	9.84609e-11 	9.84609e-11 	0
578.0 	9.98699e-11 	9.98699e-11 	0
579.0 	1.01245e-10 	1.5887e-11 	1
580.0 	8.9255e-11 	8.9255e-11 	0
581.0 	9.01076e-11 	9.01076e-11 	0
582.0 	9.12486e-11 	9.12486e-11 	0
583.0 	9.25062e-11 	9.25062e-11 	0
584.0 	9.39752e-11 	9.39752e-11 	0
585.0 	9.5458e-11 	9.5458e-11 	0
586.0 	9.68866e-11 	9.68866e-11 	0
587.0 	9.83009e-11 	9.83009e-11 	0
588.0 	9.96378e-11 	9.96378e-11 	0
589.0 	1.00931e-10 	1.52065e-11 	1
590.0 	9.02744e-11 	9.02744e-11 	0
591.0 	9.14437e-11 	9.14437e-11 	0
592.0 	9.27404e-11 	9.27404e-11 	0
593.0 	9.41558e-11 	9.41558e-11 	0
594.0 	9.55256e-11 	9.55256e-11 	0
595.0 	9.6785e-11 	9.6785e-11 	0
596.0 	9.79506e-11 	9.79506e-11 	0
597.0 	9.90383e-11 	9.90383e-11 	0
598.0 	1.00062e-10 	1.51134e-11 	1
599.0 	9.07142e-11 	9.07142e-11 	0
600.0 	9.20268e-11 	9.20268e-11 	0
601.0 	9.33811e-11 	9.33811e-11 	0
602.0 	9.47715e-11 	9.47715e-11 	0
603.0 	9.60809e-11 	9.60809e-11 	0
604.0 	9.72769e-11 	9.72769e-11 	0
605.0 	9.83743e-11 	9.83743e-11 	0
606.0 	9.93898e-11 	9.93898e-11 	0
607.0 	1.00332e-10 	1.43517e-11 	1
608.0 	9.08072e-11 	9.08072e-11 	0
609.0 	9.23e-11 	9.23e-11 	0
610.0 	9.36933e-11 	9.36933e-11 	0
611.0 	9.5001e-11 	9.5001e-11 	0
612.0 	9.61688e-11 	9.61688e-11 	0
613.0 	9.71924e-11 	9.71924e-11 	0
614.0 	9.81006e-11 	9.81006e-11 	0
615.0 	9.89115e-11 	9.89115e-11 	0
616.0 	9.96442e-11 	9.96442e-11 	0
617.0 	1.0031e-10 	1.33475e-11 	1
618.0 	9.04151e-11 	9.04151e-11 	0
619.0 	9.21506e-11 	9.21506e-11 	0
620.0 	9.36994e-11 	9.36994e-11 	0
621.0 	9.5085e-11 	9.5085e-11 	0
622.0 	9.63143e-11 	9.63143e-11 	0
623.0 	9.74e-11 	9.74e-11 	0
624.0 	9.83539e-11 	9.83539e-11 	0
625.0 	9.91943e-11 	9.91943e-11 	0
626.0 	9.99436e-11 	9.99436e-11 	0
627.0 	1.0062e-10 	1.1516e-11 	1
628.0 	8.93532e-11 	8.93532e-11 	0
629.0 	9.15651e-11 	9.15651e-11 	0
630.0 	9.33981e-11 	9.33981e-11 	0
631.0 	9.49376e-11 	9.49376e-11 	0
632.0 	9.622e-11 	9.622e-11 	0
633.0 	9.72927e-11 	9.72927e-11 	0
634.0 	9.82076e-11 	9.82076e-11 	0
635.0 	9.89866e-11 	9.89866e-11 	0
636.0 	9.96598e-11 	9.96598e-11 	0
637.0 	1.00249e-10 	1.01295e-11 	1
638.0 	8.79009e-11 	8.79009e-11 	0
639.0 	9.04031e-11 	9.04031e-11 	0
640.0 	9.24993e-11 	9.24993e-11 	0
641.0 	9.42613e-11 	9.42613e-11 	0
642.0 	9.57313e-11 	9.57313e-11 	0
643.0 	9.69671e-11 	9.69671e-11 	0
644.0 	9.80159e-11 	9.80159e-11 	0
645.0 	9.89176e-11 	9.89176e-11 	0
646.0 	9.96978e-11 	9.96978e-11 	0
647.0 	1.00379e-10 	8.80332e-12 	1
648.0 	8.61537e-11 	8.61537e-11 	0
649.0 	8.91348e-11 	8.91348e-11 	0
650.0 	9.15089e-11 	9.15089e-11 	0
651.0 	9.34212e-11 	9.34212e-11 	0
652.0 	9.49624e-11 	9.49624e-11 	0
653.0 	9.62173e-11 	9.62173e-11 	0
654.0 	9.72588e-11 	9.72588e-11 	0
655.0 	9.81323e-11 	9.81323e-11 	0
656.0 	9.88714e-11 	9.88714e-11 	0
657.0 	9.95057e-11 	9.95057e-11 	0
658.0 	1.00052e-10 	7.83928e-12 	1
659.0 	8.44422e-11 	8.44422e-11 	0
660.0 	8.77005e-11 	8.77005e-11 	0
661.0 	9.03754e-11 	9.03754e-11 	0
662.0 	9.25926e-11 	9.25926e-11 	0
663.0 	9.44124e-11 	9.44124e-11 	0
664.0 	9.59203e-11 	9.59203e-11 	0
665.0 	9.7181e-11 	9.7181e-11 	0
666.0 	9.8244e-11 	9.8244e-11 	0
667.0 	9.91547e-11 	9.91547e-11 	0
668.0 	9.99392e-11 	9.99392e-11 	0
669.0 	1.00623e-10 	6.95041e-12 	1
670.0 	8.25373e-11 	8.25373e-11 	0
671.0 	8.64882e-11 	8.64882e-11 	0
672.0 	8.95827e-11 	8.95827e-11 	0
673.0 	9.20913e-11 	9.20913e-11 	0
674.0 	9.40444e-11 	9.40444e-11 	0
675.0 	9.56192e-11 	9.56192e-11 	0
676.0 	9.68829e-11 	9.68829e-11 	0
677.0 	9.79894e-11 	9.79894e-11 	0
678.0 	9.88949e-11 	9.88949e-11 	0
679.0 	9.96615e-11 	9.96615e-11 	0
680.0 	1.00315e-10 	6.34302e-12 	1
681.0 	8.07026e-11 	8.07026e-11 	0
682.0 	8.48534e-11 	8.48534e-11 	0
683.0 	8.82599e-11 	8.82599e-11 	0
684.0 	9.10649e-11 	9.10649e-11 	0
685.0 	9.3355e-11 	9.3355e-11 	0
686.0 	9.52413e-11 	9.52413e-11 	0
687.0 	9.68087e-11 	9.68087e-11 	0
688.0 	9.8123e-11 	9.8123e-11 	0
689.0 	9.92355e-11 	9.92355e-11 	0
690.0 	1.00189e-10 	5.83789e-12 	1
691.0 	7.83838e-11 	7.83838e-11 	0
692.0 	8.3171e-11 	8.3171e-11 	0
693.0 	8.69026e-11 	8.69026e-11 	0
694.0 	8.98369e-11 	8.98369e-11 	0
695.0 	9.21476e-11 	9.21476e-11 	0
696.0 	9.39845e-11 	9.39845e-11 	0
697.0 	9.54859e-11 	9.54859e-11 	0
698.0 	9.67248e-11 	9.67248e-11 	0
699.0 	9.77616e-11 	9.77616e-11 	0
700.0 	9.86367e-11 	9.86367e-11 	0
701.0 	9.93779e-11 	9.93779e-11 	0
702.0 	1.00018e-10 	5.44115e-12 	1
703.0 	7.67706e-11 	7.67706e-11 	0
704.0 	8.17912e-11 	8.17912e-11 	0
705.0 	8.58982e-11 	8.58982e-11 	0
706.0 	8.9258e-11 	8.9258e-11 	0
707.0 	9.20046e-11 	9.20046e-11 	0
708.0 	9.42648e-11 	9.42648e-11 	0
709.0 	9.61385e-11 	9.61385e-11 	0
710.0 	9.77002e-11 	9.77002e-11 	0
711.0 	9.9011e-11 	9.9011e-11 	0
712.0 	1.00123e-10 	5.08437e-12 	1
713.0 	7.43146e-11 	7.43146e-11 	0
714.0 	8.01285e-11 	8.01285e-11 	0
715.0 	8.4626e-11 	8.4626e-11 	0
716.0 	8.81277e-11 	8.81277e-11 	0
717.0 	9.0868e-11 	9.0868e-11 	0
718.0 	9.30302e-11 	9.30302e-11 	0
719.0 	9.47788e-11 	9.47788e-11 	0
720.0 	9.62095e-11 	9.62095e-11 	0
721.0 	9.73951e-11 	9.73951e-11 	0
722.0 	9.83854e-11 	9.83854e-11 	0
723.0 	9.92182e-11 	9.92182e-11 	0
724.0 	9.99335e-11 	9.99335e-11 	0
725.0 	1.00556e-10 	4.79988e-12 	1
726.0 	7.30998e-11 	7.30998e-11 	0
727.0 	7.91788e-11 	7.91788e-11 	0
728.0 	8.41977e-11 	8.41977e-11 	0
729.0 	8.82887e-11 	8.82887e-11 	0
730.0 	9.16389e-11 	9.16389e-11 	0
731.0 	9.44072e-11 	9.44072e-11 	0
732.0 	9.67047e-11 	9.67047e-11 	0
733.0 	9.86165e-11 	9.86165e-11 	0
734.0 	1.00212e-10 	4.55477e-12 	1
735.0 	7.00578e-11 	7.00578e-11 	0
736.0 	7.67733e-11 	7.67733e-11 	0
737.0 	8.19489e-11 	8.19489e-11 	0
738.0 	8.59663e-11 	8.59663e-11 	0
739.0 	8.91039e-11 	8.91039e-11 	0
740.0 	9.1574e-11 	9.1574e-11 	0
741.0 	9.35512e-11 	9.35512e-11 	0
742.0 	9.51752e-11 	9.51752e-11 	0
743.0 	9.65076e-11 	9.65076e-11 	0
744.0 	9.76129e-11 	9.76129e-11 	0
745.0 	9.8539e-11 	9.8539e-11 	0
746.0 	9.93226e-11 	9.93226e-11 	0
747.0 	9.99967e-11 	9.99967e-11 	0
748.0 	1.0059e-10 	4.34391e-12 	1
749.0 	6.93308e-11 	6.93308e-11 	0
750.0 	7.6349e-11 	7.6349e-11 	0
751.0 	8.21571e-11 	8.21571e-11 	0
752.0 	8.69329e-11 	8.69329e-11 	0
753.0 	9.08629e-11 	9.08629e-11 	0
754.0 	9.41305e-11 	9.41305e-11 	0
755.0 	9.6844e-11 	9.6844e-11 	0
756.0 	9.90997e-11 	9.90997e-11 	0
757.0 	1.00977e-10 	4.14242e-12 	1
758.0 	6.62561e-11 	6.62561e-11 	0
759.0 	7.41161e-11 	7.41161e-11 	0
760.0 	8.01467e-11 	8.01467e-11 	0
761.0 	8.48171e-11 	8.48171e-11 	0
762.0 	8.8464e-11 	8.8464e-11 	0
763.0 	9.1338e-11 	9.1338e-11 	0
764.0 	9.36375e-11 	9.36375e-11 	0
765.0 	9.55153e-11 	9.55153e-11 	0
766.0 	9.70574e-11 	9.70574e-11 	0
767.0 	9.83375e-11 	9.83375e-11 	0
768.0 	9.94119e-11 	9.94119e-11 	0
769.0 	1.00319e-10 	3.96128e-12 	1
770.0 	6.54215e-11 	6.54215e-11 	0
771.0 	7.31128e-11 	7.31128e-11 	0
772.0 	7.95349e-11 	7.95349e-11 	0
773.0 	8.48536e-11 	8.48536e-11 	0
774.0 	8.92105e-11 	8.92105e-11 	0
775.0 	9.28332e-11 	9.28332e-11 	0
776.0 	9.58436e-11 	9.58436e-11 	0
777.0 	9.83502e-11 	9.83502e-11 	0
778.0 	1.00445e-10 	3.78499e-12 	1
779.0 	6.23399e-11 	6.23399e-11 	0
780.0 	7.10607e-11 	7.10607e-11 	0
781.0 	7.77728e-11 	7.77728e-11 	0
782.0 	8.29726e-11 	8.29726e-11 	0
783.0 	8.70305e-11 	8.70305e-11 	0
784.0 	9.02323e-11 	9.02323e-11 	0
785.0 	9.28126e-11 	9.28126e-11 	0
786.0 	9.49201e-11 	9.49201e-11 	0
787.0 	9.66537e-11 	9.66537e-11 	0
788.0 	9.80911e-11 	9.80911e-11 	0
789.0 	9.92936e-11 	9.92936e-11 	0
790.0 	1.00311e-10 	3.6234e-12 	1
791.0 	6.19452e-11 	6.19452e-11 	0
792.0 	7.03352e-11 	7.03352e-11 	0
793.0 	7.73847e-11 	7.73847e-11 	0
794.0 	8.32514e-11 	8.32514e-11 	0
795.0 	8.80956e-11 	8.80956e-11 	0
796.0 	9.21254e-11 	9.21254e-11 	0
797.0 	9.54773e-11 	9.54773e-11 	0
798.0 	9.82697e-11 	9.82697e-11 	0
799.0 	1.006e-10 	3.46182e-12 	1
800.0 	5.89016e-11 	5.89016e-11 	0
801.0 	6.85535e-11 	6.85535e-11 	0
802.0 	7.59731e-11 	7.59731e-11 	0
803.0 	8.17134e-11 	8.17134e-11 	0
804.0 	8.6188e-11 	8.6188e-11 	0
805.0 	8.97213e-11 	8.97213e-11 	0
806.0 	9.25577e-11 	9.25577e-11 	0
807.0 	9.4883e-11 	9.4883e-11 	0
808.0 	9.67969e-11 	9.67969e-11 	0
809.0 	9.83835e-11 	9.83835e-11 	0
810.0 	9.97123e-11 	9.97123e-11 	0
811.0 	1.0084e-10 	3.31582e-12 	1
812.0 	5.89598e-11 	5.89598e-11 	0
813.0 	6.80557e-11 	6.80557e-11 	0
814.0 	7.57545e-11 	7.57545e-11 	0
815.0 	8.21958e-11 	8.21958e-11 	0
816.0 	8.75278e-11 	8.75278e-11 	0
817.0 	9.19612e-11 	9.19612e-11 	0
818.0 	9.56572e-11 	9.56572e-11 	0
819.0 	9.87295e-11 	9.87295e-11 	0
820.0 	1.01295e-10 	3.16649e-12 	1
821.0 	5.59366e-11 	5.59366e-11 	0
822.0 	6.65468e-11 	6.65468e-11 	0
823.0 	7.46919e-11 	7.46919e-11 	0
824.0 	8.09763e-11 	8.09763e-11 	0
825.0 	8.58653e-11 	8.58653e-11 	0
826.0 	8.97214e-11 	8.97214e-11 	0
827.0 	9.28092e-11 	9.28092e-11 	0
828.0 	9.5331e-11 	9.5331e-11 	0
829.0 	9.74035e-11 	9.74035e-11 	0
830.0 	9.91187e-11 	9.91187e-11 	0
831.0 	1.00558e-10 	3.03421e-12 	1
832.0 	5.59416e-11 	5.59416e-11 	0
833.0 	6.54847e-11 	6.54847e-11 	0
834.0 	7.36072e-11 	7.36072e-11 	0
835.0 	8.04248e-11 	8.04248e-11 	0
836.0 	8.60714e-11 	8.60714e-11 	0
837.0 	9.07514e-11 	9.07514e-11 	0
838.0 	9.46493e-11 	9.46493e-11 	0
839.0 	9.78839e-11 	9.78839e-11 	0
840.0 	1.00574e-10 	2.89833e-12 	1
841.0 	5.29716e-11 	5.29716e-11 	0
842.0 	6.42105e-11 	6.42105e-11 	0
843.0 	7.28295e-11 	7.28295e-11 	0
844.0 	7.94616e-11 	7.94616e-11 	0
845.0 	8.46075e-11 	8.46075e-11 	0
846.0 	8.86628e-11 	8.86628e-11 	0
847.0 	9.18996e-11 	9.18996e-11 	0
848.0 	9.45383e-11 	9.45383e-11 	0
849.0 	9.66974e-11 	9.66974e-11 	0
850.0 	9.84823e-11 	9.84823e-11 	0
851.0 	9.99772e-11 	9.99772e-11 	0
852.0 	1.01244e-10 	2.78114e-12 	1
853.0 	5.38454e-11 	5.38454e-11 	0
854.0 	6.40896e-11 	6.40896e-11 	0
855.0 	7.28566e-11 	7.28566e-11 	0
856.0 	8.02424e-11 	8.02424e-11 	0
857.0 	8.63765e-11 	8.63765e-11 	0
858.0 	9.14781e-11 	9.14781e-11 	0
859.0 	9.57155e-11 	9.57155e-11 	0
860.0 	9.92316e-11 	9.92316e-11 	0
861.0 	1.0215e-10 	2.65681e-12 	1
862.0 	5.08945e-11 	5.08945e-11 	0
863.0 	6.31237e-11 	6.31237e-11 	0
864.0 	7.24502e-11 	7.24502e-11 	0
865.0 	7.95966e-11 	7.95966e-11 	0
866.0 	8.51153e-11 	8.51153e-11 	0
867.0 	8.94411e-11 	8.94411e-11 	0
868.0 	9.28778e-11 	9.28778e-11 	0
869.0 	9.56663e-11 	9.56663e-11 	0
870.0 	9.79376e-11 	9.79376e-11 	0
871.0 	9.98111e-11 	9.98111e-11 	0
872.0 	1.01364e-10 	2.55081e-12 	1
873.0 	5.16067e-11 	5.16067e-11 	0
874.0 	6.22416e-11 	6.22416e-11 	0
875.0 	7.13888e-11 	7.13888e-11 	0
876.0 	7.90983e-11 	7.90983e-11 	0
877.0 	8.54949e-11 	8.54949e-11 	0
878.0 	9.07898e-11 	9.07898e-11 	0
879.0 	9.5196e-11 	9.5196e-11 	0
880.0 	9.88398e-11 	9.88398e-11 	0
881.0 	1.01856e-10 	2.4379e-12 	1
882.0 	4.86621e-11 	4.86621e-11 	0
883.0 	6.14679e-11 	6.14679e-11 	0
884.0 	7.12067e-11 	7.12067e-11 	0
885.0 	7.86379e-11 	7.86379e-11 	0
886.0 	8.4356e-11 	8.4356e-11 	0
887.0 	8.88201e-11 	8.88201e-11 	0
888.0 	9.23516e-11 	9.23516e-11 	0
889.0 	9.52068e-11 	9.52068e-11 	0
890.0 	9.75248e-11 	9.75248e-11 	0
891.0 	9.94206e-11 	9.94206e-11 	0
892.0 	1.00987e-10 	2.34201e-12 	1
893.0 	4.96287e-11 	4.96287e-11 	0
894.0 	6.06257e-11 	6.06257e-11 	0
895.0 	7.01226e-11 	7.01226e-11 	0
896.0 	7.81447e-11 	7.81447e-11 	0
897.0 	8.47996e-11 	8.47996e-11 	0
898.0 	9.02988e-11 	9.02988e-11 	0
899.0 	9.48671e-11 	9.48671e-11 	0
900.0 	9.86383e-11 	9.86383e-11 	0
901.0 	1.01754e-10 	2.23976e-12 	1
902.0 	4.67195e-11 	4.67195e-11 	0
903.0 	6.00709e-11 	6.00709e-11 	0
904.0 	7.01837e-11 	7.01837e-11 	0
905.0 	7.78714e-11 	7.78714e-11 	0
906.0 	8.37616e-11 	8.37616e-11 	0
907.0 	8.834e-11 	8.834e-11 	0
908.0 	9.19455e-11 	9.19455e-11 	0
909.0 	9.485e-11 	9.485e-11 	0
910.0 	9.71963e-11 	9.71963e-11 	0
911.0 	9.91043e-11 	9.91043e-11 	0
912.0 	1.00662e-10 	2.15278e-12 	1
913.0 	4.79024e-11 	4.79024e-11 	0
914.0 	5.92203e-11 	5.92203e-11 	0
915.0 	6.90335e-11 	6.90335e-11 	0
916.0 	7.73341e-11 	7.73341e-11 	0
917.0 	8.42237e-11 	8.42237e-11 	0
918.0 	8.9916e-11 	8.9916e-11 	0
919.0 	9.46382e-11 	9.46382e-11 	0
920.0 	9.85319e-11 	9.85319e-11 	0
921.0 	1.01744e-10 	2.06058e-12 	1
922.0 	4.50156e-11 	4.50156e-11 	0
923.0 	5.88689e-11 	5.88689e-11 	0
924.0 	6.93266e-11 	6.93266e-11 	0
925.0 	7.72526e-11 	7.72526e-11 	0
926.0 	8.3305e-11 	8.3305e-11 	0
927.0 	8.79899e-11 	8.79899e-11 	0
928.0 	9.16677e-11 	9.16677e-11 	0
929.0 	9.46269e-11 	9.46269e-11 	0
930.0 	9.70088e-11 	9.70088e-11 	0
931.0 	9.89287e-11 	9.89287e-11 	0
932.0 	1.00505e-10 	1.98154e-12 	1
933.0 	4.63951e-11 	4.63951e-11 	0
934.0 	5.79988e-11 	5.79988e-11 	0
935.0 	6.81129e-11 	6.81129e-11 	0
936.0 	7.66727e-11 	7.66727e-11 	0
937.0 	8.37883e-11 	8.37883e-11 	0
938.0 	8.96716e-11 	8.96716e-11 	0
939.0 	9.45495e-11 	9.45495e-11 	0
940.0 	9.85717e-11 	9.85717e-11 	0
941.0 	1.0187e-10 	1.89866e-12 	1
942.0 	4.35157e-11 	4.35157e-11 	0
943.0 	5.78285e-11 	5.78285e-11 	0
944.0 	6.86076e-11 	6.86076e-11 	0
945.0 	7.67607e-11 	7.67607e-11 	0
946.0 	8.29722e-11 	8.29722e-11 	0
947.0 	8.77655e-11 	8.77655e-11 	0
948.0 	9.15225e-11 	9.15225e-11 	0
949.0 	9.45315e-11 	9.45315e-11 	0
950.0 	9.69648e-11 	9.69648e-11 	0
951.0 	9.89272e-11 	9.89272e-11 	0
952.0 	1.00539e-10 	1.82637e-12 	1
953.0 	4.50776e-11 	4.50776e-11 	0
954.0 	5.69142e-11 	5.69142e-11 	0
955.0 	6.72886e-11 	6.72886e-11 	0
956.0 	7.60979e-11 	7.60979e-11 	0
957.0 	8.34328e-11 	8.34328e-11 	0
958.0 	8.95054e-11 	8.95054e-11 	0
959.0 	9.45185e-11 	9.45185e-11 	0
960.0 	9.86513e-11 	9.86513e-11 	0
961.0 	1.02065e-10 	1.75217e-12 	1
962.0 	4.21621e-11 	4.21621e-11 	0
963.0 	5.68724e-11 	5.68724e-11 	0
964.0 	6.79339e-11 	6.79339e-11 	0
965.0 	7.62909e-11 	7.62909e-11 	0
966.0 	8.26467e-11 	8.26467e-11 	0
967.0 	8.75181e-11 	8.75181e-11 	0
968.0 	9.13471e-11 	9.13471e-11 	0
969.0 	9.4422e-11 	9.4422e-11 	0
970.0 	9.68957e-11 	9.68957e-11 	0
971.0 	9.89021e-11 	9.89021e-11 	0
972.0 	1.0054e-10 	1.68632e-12 	1
973.0 	4.38169e-11 	4.38169e-11 	0
974.0 	5.58943e-11 	5.58943e-11 	0
975.0 	6.6484e-11 	6.6484e-11 	0
976.0 	7.54899e-11 	7.54899e-11 	0
977.0 	8.29998e-11 	8.29998e-11 	0
978.0 	8.92236e-11 	8.92236e-11 	0
979.0 	9.43987e-11 	9.43987e-11 	0
980.0 	9.86645e-11 	9.86645e-11 	0
981.0 	1.02188e-10 	1.62064e-12 	1
982.0 	4.08867e-11 	4.08867e-11 	0
983.0 	5.5951e-11 	5.5951e-11 	0
984.0 	6.72359e-11 	6.72359e-11 	0
985.0 	7.57562e-11 	7.57562e-11 	0
986.0 	8.22283e-11 	8.22283e-11 	0
987.0 	8.7205e-11 	8.7205e-11 	0
988.0 	9.11166e-11 	9.11166e-11 	0
989.0 	9.42486e-11 	9.42486e-11 	0
990.0 	9.6769e-11 	9.6769e-11 	0
991.0 	9.881e-11 	9.881e-11 	0
992.0 	1.00482e-10 	1.56227e-12 	1
993.0 	4.27141e-11 	4.27141e-11 	0
994.0 	5.49435e-11 	5.49435e-11 	0
995.0 	6.57348e-11 	6.57348e-11 	0
996.0 	7.49346e-11 	7.49346e-11 	0
997.0 	8.2618e-11 	8.2618e-11 	0
998.0 	8.89928e-11 	8.89928e-11 	0
999.0 	9.42994e-11 	9.42994e-11 	0
1000.0 	9.86757e-11 	9.86757e-11 	0
1001.0 	1.02294e-10 	1.50563e-12 	1
1002.0 	3.97761e-11 	3.97761e-11 	0
1003.0 	5.50873e-11 	5.50873e-11 	0
1004.0 	6.65998e-11 	6.65998e-11 	0
1005.0 	7.52862e-11 	7.52862e-11 	0
1006.0 	8.18833e-11 	8.18833e-11 	0
1007.0 	8.69549e-11 	8.69549e-11 	0
1008.0 	9.09439e-11 	9.09439e-11 	0
1009.0 	9.41389e-11 	9.41389e-11 	0
1010.0 	9.67083e-11 	9.67083e-11 	0
1011.0 	9.87906e-11 	9.87906e-11 	0
1012.0 	1.00495e-10 	1.45419e-12 	1
1013.0 	4.17386e-11 	4.17386e-11 	0
1014.0 	5.41113e-11 	5.41113e-11 	0
1015.0 	6.50646e-11 	6.50646e-11 	0
1016.0 	7.44256e-11 	7.44256e-11 	0
1017.0 	8.22595e-11 	8.22595e-11 	0
1018.0 	8.87714e-11 	8.87714e-11 	0
1019.0 	9.41953e-11 	9.41953e-11 	0
1020.0 	9.86721e-11 	9.86721e-11 	0
1021.0 	1.02373e-10 	1.40361e-12 	1
1022.0 	3.87815e-11 	3.87815e-11 	0
1023.0 	5.43338e-11 	5.43338e-11 	0
1024.0 	6.60321e-11 	6.60321e-11 	0
1025.0 	7.48579e-11 	7.48579e-11 	0
1026.0 	8.15616e-11 	8.15616e-11 	0
1027.0 	8.67176e-11 	8.67176e-11 	0
1028.0 	9.07667e-11 	9.07667e-11 	0
1029.0 	9.40112e-11 	9.40112e-11 	0
1030.0 	9.66164e-11 	9.66164e-11 	0
1031.0 	9.87253e-11 	9.87253e-11 	0
1032.0 	1.00458e-10 	1.35735e-12 	1
1033.0 	4.08507e-11 	4.08507e-11 	0
1034.0 	5.33531e-11 	5.33531e-11 	0
1035.0 	6.44454e-11 	6.44454e-11 	0
1036.0 	7.39455e-11 	7.39455e-11 	0
1037.0 	8.19046e-11 	8.19046e-11 	0
1038.0 	8.85293e-11 	8.85293e-11 	0
1039.0 	9.40513e-11 	9.40513e-11 	0
1040.0 	9.86127e-11 	9.86127e-11 	0
1041.0 	1.02386e-10 	1.31143e-12 	1
1042.0 	3.78881e-11 	3.78881e-11 	0
1043.0 	5.36557e-11 	5.36557e-11 	0
1044.0 	6.55167e-11 	6.55167e-11 	0
1045.0 	7.44623e-11 	7.44623e-11 	0
1046.0 	8.12566e-11 	8.12566e-11 	0
1047.0 	8.64786e-11 	8.64786e-11 	0
1048.0 	9.05691e-11 	9.05691e-11 	0
1049.0 	9.38472e-11 	9.38472e-11 	0
1050.0 	9.64779e-11 	9.64779e-11 	0
1051.0 	9.86039e-11 	9.86039e-11 	0
1052.0 	1.0035e-10 	1.26944e-12 	1
1053.0 	4.00525e-11 	4.00525e-11 	0
1054.0 	5.2673e-11 	5.2673e-11 	0
1055.0 	6.38857e-11 	6.38857e-11 	0
1056.0 	7.35025e-11 	7.35025e-11 	0
1057.0 	8.15662e-11 	8.15662e-11 	0
1058.0 	8.82824e-11 	8.82824e-11 	0
1059.0 	9.38811e-11 	9.38811e-11 	0
1060.0 	9.85063e-11 	9.85063e-11 	0
1061.0 	1.02333e-10 	1.22733e-12 	1
1062.0 	3.70759e-11 	3.70759e-11 	0
1063.0 	5.30397e-11 	5.30397e-11 	0
1064.0 	6.50422e-11 	6.50422e-11 	0
1065.0 	7.40894e-11 	7.40894e-11 	0
1066.0 	8.09572e-11 	8.09572e-11 	0
1067.0 	8.62309e-11 	8.62309e-11 	0
1068.0 	9.03517e-11 	9.03517e-11 	0
1069.0 	9.36528e-11 	9.36528e-11 	0
1070.0 	9.62986e-11 	9.62986e-11 	0
1071.0 	9.84333e-11 	9.84333e-11 	0
1072.0 	1.00179e-10 	1.18882e-12 	1
1073.0 	3.93258e-11 	3.93258e-11 	0
1074.0 	5.20571e-11 	5.20571e-11 	0
1075.0 	6.33793e-11 	6.33793e-11 	0
1076.0 	7.30966e-11 	7.30966e-11 	0
1077.0 	8.1248e-11 	8.1248e-11 	0
1078.0 	8.80369e-11 	8.80369e-11 	0
1079.0 	9.36956e-11 	9.36956e-11 	0
1080.0 	9.83683e-11 	9.83683e-11 	0
1081.0 	1.02232e-10 	1.15017e-12 	1
1082.0 	3.63385e-11 	3.63385e-11 	0
1083.0 	5.24859e-11 	5.24859e-11 	0
1084.0 	6.46158e-11 	6.46158e-11 	0
1085.0 	7.37517e-11 	7.37517e-11 	0
1086.0 	8.06811e-11 	8.06811e-11 	0
1087.0 	8.59955e-11 	8.59955e-11 	0
1088.0 	9.01406e-11 	9.01406e-11 	0
1089.0 	9.34528e-11 	9.34528e-11 	0
1090.0 	9.61047e-11 	9.61047e-11 	0
1091.0 	9.82396e-11 	9.82396e-11 	0
1092.0 	9.99777e-11 	9.99777e-11 	0
1093.0 	1.01405e-10 	1.1145e-12 	1
1094.0 	3.9322e-11 	3.9322e-11 	0
1095.0 	5.24343e-11 	5.24343e-11 	0
1096.0 	6.41596e-11 	6.41596e-11 	0
1097.0 	7.42514e-11 	7.42514e-11 	0
1098.0 	8.27361e-11 	8.27361e-11 	0
1099.0 	8.98248e-11 	8.98248e-11 	0
1100.0 	9.57234e-11 	9.57234e-11 	0
1101.0 	1.00595e-10 	1.07806e-12 	1
1102.0 	3.44953e-11 	3.44953e-11 	0
1103.0 	4.98363e-11 	4.98363e-11 	0
1104.0 	6.13643e-11 	6.13643e-11 	0
1105.0 	7.00547e-11 	7.00547e-11 	0
1106.0 	7.6653e-11 	7.6653e-11 	0
1107.0 	8.17144e-11 	8.17144e-11 	0
1108.0 	8.56481e-11 	8.56481e-11 	0
1109.0 	8.87762e-11 	8.87762e-11 	0
1110.0 	9.12992e-11 	9.12992e-11 	0
1111.0 	9.332e-11 	9.332e-11 	0
1112.0 	9.49655e-11 	9.49655e-11 	0
1113.0 	9.63153e-11 	9.63153e-11 	0
1114.0 	9.7425e-11 	9.7425e-11 	0
1115.0 	9.83485e-11 	9.83485e-11 	0
1116.0 	9.91415e-11 	9.91415e-11 	0
1117.0 	9.98431e-11 	9.98431e-11 	0
1118.0 	1.00449e-10 	1.04714e-12 	1
1119.0 	3.89697e-11 	3.89697e-11 	0
1120.0 	5.23136e-11 	5.23136e-11 	0
1121.0 	6.43614e-11 	6.43614e-11 	0
1122.0 	7.47678e-11 	7.47678e-11 	0
1123.0 	8.3615e-11 	8.3615e-11 	0
1124.0 	9.10151e-11 	9.10151e-11 	0
1125.0 	9.71653e-11 	9.71653e-11 	0
1126.0 	1.0226e-10 	1.0097e-12 	1
1127.0 	3.41738e-11 	3.41738e-11 	0
1128.0 	4.98816e-11 	4.98816e-11 	0
1129.0 	6.16443e-11 	6.16443e-11 	0
1130.0 	7.05081e-11 	7.05081e-11 	0
1131.0 	7.72363e-11 	7.72363e-11 	0
1132.0 	8.23991e-11 	8.23991e-11 	0
1133.0 	8.64013e-11 	8.64013e-11 	0
1134.0 	8.95318e-11 	8.95318e-11 	0
1135.0 	9.20341e-11 	9.20341e-11 	0
1136.0 	9.40687e-11 	9.40687e-11 	0
1137.0 	9.57208e-11 	9.57208e-11 	0
1138.0 	9.70636e-11 	9.70636e-11 	0
1139.0 	9.81661e-11 	9.81661e-11 	0
1140.0 	9.90697e-11 	9.90697e-11 	0
1141.0 	9.98235e-11 	9.98235e-11 	0
1142.0 	1.00457e-10 	9.80882e-13 	1
1143.0 	3.85402e-11 	3.85402e-11 	0
1144.0 	5.20098e-11 	5.20098e-11 	0
1145.0 	6.41796e-11 	6.41796e-11 	0
1146.0 	7.46995e-11 	7.46995e-11 	0
1147.0 	8.36298e-11 	8.36298e-11 	0
1148.0 	9.11133e-11 	9.11133e-11 	0
1149.0 	9.7324e-11 	9.7324e-11 	0
1150.0 	1.02457e-10 	9.47848e-13 	1
1151.0 	3.36921e-11 	3.36921e-11 	0
1152.0 	4.95917e-11 	4.95917e-11 	0
1153.0 	6.15053e-11 	6.15053e-11 	0
1154.0 	7.04678e-11 	7.04678e-11 	0
1155.0 	7.72667e-11 	7.72667e-11 	0
1156.0 	8.24776e-11 	8.24776e-11 	0
1157.0 	8.65117e-11 	8.65117e-11 	0
1158.0 	8.96697e-11 	8.96697e-11 	0
1159.0 	9.21636e-11 	9.21636e-11 	0
1160.0 	9.41953e-11 	9.41953e-11 	0
1161.0 	9.58436e-11 	9.58436e-11 	0
1162.0 	9.71926e-11 	9.71926e-11 	0
1163.0 	9.82897e-11 	9.82897e-11 	0
1164.0 	9.9201e-11 	9.9201e-11 	0
1165.0 	9.99463e-11 	9.99463e-11 	0
1166.0 	1.00566e-10 	9.20317e-13 	1
1167.0 	3.81361e-11 	3.81361e-11 	0
1168.0 	5.17327e-11 	5.17327e-11 	0
1169.0 	6.40424e-11 	6.40424e-11 	0
1170.0 	7.46955e-11 	7.46955e-11 	0
1171.0 	8.37403e-11 	8.37403e-11 	0
1172.0 	9.13245e-11 	9.13245e-11 	0
1173.0 	9.76183e-11 	9.76183e-11 	0
1174.0 	1.02821e-10 	8.89982e-13 	1
1175.0 	3.32547e-11 	3.32547e-11 	0
1176.0 	4.93531e-11 	4.93531e-11 	0
1177.0 	6.14197e-11 	6.14197e-11 	0
1178.0 	7.04974e-11 	7.04974e-11 	0
1179.0 	7.73838e-11 	7.73838e-11 	0
1180.0 	8.26571e-11 	8.26571e-11 	0
1181.0 	8.67443e-11 	8.67443e-11 	0
1182.0 	8.9947e-11 	8.9947e-11 	0
1183.0 	9.24822e-11 	9.24822e-11 	0
1184.0 	9.45481e-11 	9.45481e-11 	0
1185.0 	9.62261e-11 	9.62261e-11 	0
1186.0 	9.75946e-11 	9.75946e-11 	0
1187.0 	9.87263e-11 	9.87263e-11 	0
1188.0 	9.96636e-11 	9.96636e-11 	0
1189.0 	1.00437e-10 	8.66112e-13 	1
1190.0 	3.75315e-11 	3.75315e-11 	0
1191.0 	5.11264e-11 	5.11264e-11 	0
1192.0 	6.34398e-11 	6.34398e-11 	0
1193.0 	7.40963e-11 	7.40963e-11 	0
1194.0 	8.31228e-11 	8.31228e-11 	0
1195.0 	9.07069e-11 	9.07069e-11 	0
1196.0 	9.69997e-11 	9.69997e-11 	0
1197.0 	1.02205e-10 	8.36824e-13 	1
1198.0 	3.26412e-11 	3.26412e-11 	0
1199.0 	4.8767e-11 	4.8767e-11 	0
1200.0 	6.08709e-11 	6.08709e-11 	0
1201.0 	6.99809e-11 	6.99809e-11 	0
1202.0 	7.68978e-11 	7.68978e-11 	0
1203.0 	8.21959e-11 	8.21959e-11 	0
1204.0 	8.63053e-11 	8.63053e-11 	0
1205.0 	8.95316e-11 	8.95316e-11 	0
1206.0 	9.21019e-11 	9.21019e-11 	0
1207.0 	9.42002e-11 	9.42002e-11 	0
1208.0 	9.59072e-11 	9.59072e-11 	0
1209.0 	9.7296e-11 	9.7296e-11 	0
1210.0 	9.84476e-11 	9.84476e-11 	0
1211.0 	9.94106e-11 	9.94106e-11 	0
1212.0 	1.00212e-10 	8.15457e-13 	1
1213.0 	3.69892e-11 	3.69892e-11 	0
1214.0 	5.06e-11 	5.06e-11 	0
1215.0 	6.29255e-11 	6.29255e-11 	0
1216.0 	7.35934e-11 	7.35934e-11 	0
1217.0 	8.26345e-11 	8.26345e-11 	0
1218.0 	9.02347e-11 	9.02347e-11 	0
1219.0 	9.6547e-11 	9.6547e-11 	0
1220.0 	1.01771e-10 	7.87452e-13 	1
1221.0 	3.20905e-11 	3.20905e-11 	0
1222.0 	4.82492e-11 	4.82492e-11 	0
1223.0 	6.03853e-11 	6.03853e-11 	0
1224.0 	6.95264e-11 	6.95264e-11 	0
1225.0 	7.64713e-11 	7.64713e-11 	0
1226.0 	8.17969e-11 	8.17969e-11 	0
