# time 	Initial 	Final 	Iterations
1.0 	3.06677e-06 	4.05073e-11 	3
2.0 	1.65986e-06 	4.63662e-11 	3
3.0 	8.61553e-07 	2.87114e-12 	4
4.0 	5.78684e-07 	9.23612e-11 	3
5.0 	6.48358e-07 	1.87667e-11 	3
6.0 	7.2129e-07 	9.78593e-11 	3
7.0 	7.077e-07 	7.67065e-11 	3
8.0 	6.35364e-07 	7.16823e-11 	3
9.0 	5.75592e-07 	6.41137e-11 	3
10.0 	5.64167e-07 	5.04921e-11 	3
11.0 	5.84394e-07 	3.75287e-11 	3
12.0 	5.93717e-07 	2.96214e-11 	3
13.0 	5.90081e-07 	2.65131e-11 	3
14.0 	5.68845e-07 	2.69839e-11 	3
15.0 	5.37052e-07 	2.88963e-11 	3
16.0 	5.07184e-07 	3.13351e-11 	3
17.0 	4.91061e-07 	3.97314e-11 	3
18.0 	4.79221e-07 	5.37768e-11 	3
19.0 	4.65672e-07 	7.18556e-11 	3
20.0 	4.49517e-07 	8.8406e-11 	3
21.0 	4.35408e-07 	9.91258e-11 	3
22.0 	4.23438e-07 	1.2452e-11 	3
23.0 	4.14903e-07 	9.51101e-11 	3
24.0 	4.09511e-07 	8.72993e-11 	3
25.0 	4.05283e-07 	8.02941e-11 	3
26.0 	4.00993e-07 	7.508e-11 	3
27.0 	3.95966e-07 	7.19726e-11 	3
28.0 	3.9056e-07 	6.94037e-11 	3
29.0 	3.85134e-07 	6.94646e-11 	3
30.0 	3.80042e-07 	7.14637e-11 	3
31.0 	3.75748e-07 	7.2999e-11 	3
32.0 	3.72397e-07 	7.32068e-11 	3
33.0 	3.70103e-07 	7.20425e-11 	3
34.0 	3.68661e-07 	7.05285e-11 	3
35.0 	3.67601e-07 	6.83608e-11 	3
36.0 	3.66565e-07 	6.58107e-11 	3
37.0 	3.65251e-07 	6.31645e-11 	3
38.0 	3.63568e-07 	6.06938e-11 	3
39.0 	3.61591e-07 	5.86009e-11 	3
40.0 	3.59608e-07 	5.68101e-11 	3
41.0 	3.5754e-07 	5.55045e-11 	3
42.0 	3.55442e-07 	5.4945e-11 	3
43.0 	3.53262e-07 	5.50513e-11 	3
44.0 	3.50917e-07 	5.54974e-11 	3
45.0 	3.48129e-07 	5.6458e-11 	3
46.0 	3.44759e-07 	5.78935e-11 	3
47.0 	3.41086e-07 	5.9631e-11 	3
48.0 	3.36948e-07 	6.13858e-11 	3
49.0 	3.32245e-07 	6.29874e-11 	3
50.0 	3.27027e-07 	6.43385e-11 	3
51.0 	3.22006e-07 	6.53755e-11 	3
52.0 	3.17159e-07 	6.60153e-11 	3
53.0 	3.12433e-07 	6.61382e-11 	3
54.0 	3.07834e-07 	6.57883e-11 	3
55.0 	3.03399e-07 	6.49543e-11 	3
56.0 	2.99323e-07 	6.38732e-11 	3
57.0 	2.95954e-07 	6.251e-11 	3
58.0 	2.93407e-07 	6.08114e-11 	3
59.0 	2.91691e-07 	5.8946e-11 	3
60.0 	2.90618e-07 	5.69425e-11 	3
61.0 	2.89848e-07 	5.482e-11 	3
62.0 	2.89385e-07 	5.25318e-11 	3
63.0 	2.8923e-07 	5.01349e-11 	3
64.0 	2.89525e-07 	4.77222e-11 	3
65.0 	2.90212e-07 	4.52204e-11 	3
66.0 	2.91341e-07 	4.28925e-11 	3
67.0 	2.92891e-07 	4.07574e-11 	3
68.0 	2.94967e-07 	3.87505e-11 	3
69.0 	2.9771e-07 	3.71972e-11 	3
70.0 	3.01048e-07 	3.60927e-11 	3
71.0 	3.05001e-07 	3.53005e-11 	3
72.0 	3.0934e-07 	3.47392e-11 	3
73.0 	3.13693e-07 	3.43425e-11 	3
74.0 	3.1851e-07 	3.43312e-11 	3
75.0 	3.23469e-07 	3.47399e-11 	3
76.0 	3.28287e-07 	3.53358e-11 	3
77.0 	3.33169e-07 	3.61019e-11 	3
78.0 	3.38243e-07 	3.70162e-11 	3
79.0 	3.43493e-07 	3.81192e-11 	3
80.0 	3.4886e-07 	3.94566e-11 	3
81.0 	3.54454e-07 	4.09888e-11 	3
82.0 	3.60473e-07 	4.27401e-11 	3
83.0 	3.66799e-07 	4.46165e-11 	3
84.0 	3.73437e-07 	4.65462e-11 	3
85.0 	3.80217e-07 	4.8458e-11 	3
86.0 	3.87448e-07 	5.03141e-11 	3
87.0 	3.94794e-07 	5.20583e-11 	3
88.0 	4.02394e-07 	5.36677e-11 	3
89.0 	4.10095e-07 	5.5136e-11 	3
90.0 	4.17942e-07 	5.64204e-11 	3
91.0 	4.25859e-07 	5.75912e-11 	3
92.0 	4.33944e-07 	5.87002e-11 	3
93.0 	4.42186e-07 	5.97232e-11 	3
94.0 	4.50373e-07 	6.06421e-11 	3
95.0 	4.58789e-07 	6.15748e-11 	3
96.0 	4.67676e-07 	6.25873e-11 	3
97.0 	4.7671e-07 	6.36141e-11 	3
98.0 	4.85828e-07 	6.46308e-11 	3
99.0 	4.94825e-07 	6.56412e-11 	3
100.0 	5.04045e-07 	6.67493e-11 	3
101.0 	5.13563e-07 	6.79462e-11 	3
102.0 	5.23566e-07 	6.93156e-11 	3
103.0 	5.33727e-07 	7.07769e-11 	3
104.0 	5.43981e-07 	7.22677e-11 	3
105.0 	5.54471e-07 	7.3812e-11 	3
106.0 	5.65175e-07 	7.53968e-11 	3
107.0 	5.75967e-07 	7.69893e-11 	3
108.0 	5.87036e-07 	7.8638e-11 	3
109.0 	5.98518e-07 	8.0386e-11 	3
110.0 	6.10356e-07 	8.22568e-11 	3
111.0 	6.22484e-07 	8.42587e-11 	3
112.0 	6.34875e-07 	8.63272e-11 	3
113.0 	6.47479e-07 	8.84243e-11 	3
114.0 	6.60242e-07 	9.05714e-11 	3
115.0 	6.7318e-07 	9.27488e-11 	3
116.0 	6.86301e-07 	9.49293e-11 	3
117.0 	6.99634e-07 	9.71093e-11 	3
118.0 	7.13167e-07 	9.92925e-11 	3
119.0 	7.2689e-07 	2.0707e-11 	3
120.0 	7.40782e-07 	2.12739e-11 	3
121.0 	7.54826e-07 	2.18485e-11 	3
122.0 	7.68973e-07 	2.24284e-11 	3
123.0 	7.83214e-07 	2.30244e-11 	3
124.0 	7.97512e-07 	2.36335e-11 	3
125.0 	8.11843e-07 	2.4251e-11 	3
126.0 	8.26257e-07 	2.48835e-11 	3
127.0 	8.40582e-07 	2.55007e-11 	3
128.0 	8.54953e-07 	2.61137e-11 	3
129.0 	8.69269e-07 	2.67146e-11 	3
130.0 	8.83554e-07 	2.73284e-11 	3
131.0 	8.97889e-07 	2.79381e-11 	3
132.0 	9.12242e-07 	2.85217e-11 	3
133.0 	9.26414e-07 	2.90586e-11 	3
134.0 	9.40396e-07 	2.95657e-11 	3
135.0 	9.54164e-07 	3.0041e-11 	3
136.0 	9.67723e-07 	3.04523e-11 	3
137.0 	9.80997e-07 	3.08068e-11 	3
138.0 	9.93976e-07 	3.10907e-11 	3
139.0 	1.00658e-06 	3.12835e-11 	3
140.0 	1.01889e-06 	3.14582e-11 	3
141.0 	1.03096e-06 	3.15696e-11 	3
142.0 	1.04256e-06 	3.15616e-11 	3
143.0 	1.0539e-06 	3.14628e-11 	3
144.0 	1.06492e-06 	3.1281e-11 	3
145.0 	1.07559e-06 	3.10339e-11 	3
146.0 	1.08586e-06 	3.07725e-11 	3
147.0 	1.09579e-06 	3.04812e-11 	3
148.0 	1.10526e-06 	3.01601e-11 	3
149.0 	1.11432e-06 	2.98219e-11 	3
150.0 	1.12282e-06 	2.95284e-11 	3
151.0 	1.13091e-06 	2.93823e-11 	3
152.0 	1.13858e-06 	2.94716e-11 	3
153.0 	1.14587e-06 	3.04194e-11 	3
154.0 	1.15266e-06 	3.15227e-11 	3
155.0 	1.15905e-06 	3.27714e-11 	3
156.0 	1.16499e-06 	3.42288e-11 	3
157.0 	1.17049e-06 	3.57882e-11 	3
158.0 	1.17589e-06 	3.74888e-11 	3
159.0 	1.18123e-06 	3.96351e-11 	3
160.0 	1.18644e-06 	4.17467e-11 	3
161.0 	1.19156e-06 	4.36774e-11 	3
162.0 	1.19652e-06 	4.53163e-11 	3
163.0 	1.20116e-06 	4.67996e-11 	3
164.0 	1.20553e-06 	4.82809e-11 	3
165.0 	1.2093e-06 	4.98809e-11 	3
166.0 	1.21255e-06 	5.14957e-11 	3
167.0 	1.21517e-06 	5.32831e-11 	3
168.0 	1.21699e-06 	5.58939e-11 	3
169.0 	1.21807e-06 	5.96205e-11 	3
170.0 	1.21901e-06 	6.77755e-11 	3
171.0 	1.21977e-06 	8.34083e-11 	3
172.0 	1.2206e-06 	4.4993e-12 	4
173.0 	1.22135e-06 	4.52821e-12 	4
174.0 	1.22248e-06 	9.29939e-11 	3
175.0 	1.22405e-06 	7.68201e-11 	3
176.0 	1.22583e-06 	6.86365e-11 	3
177.0 	1.22754e-06 	6.34136e-11 	3
178.0 	1.22927e-06 	5.82486e-11 	3
179.0 	1.2311e-06 	5.32039e-11 	3
180.0 	1.23271e-06 	4.92564e-11 	3
181.0 	1.23401e-06 	4.52825e-11 	3
182.0 	1.23472e-06 	4.14256e-11 	3
183.0 	1.23485e-06 	3.79469e-11 	3
184.0 	1.23444e-06 	3.47417e-11 	3
185.0 	1.23339e-06 	3.17262e-11 	3
186.0 	1.23199e-06 	2.84594e-11 	3
187.0 	1.23023e-06 	2.55905e-11 	3
188.0 	1.22839e-06 	2.29859e-11 	3
189.0 	1.22612e-06 	2.07198e-11 	3
190.0 	1.22424e-06 	1.87818e-11 	3
191.0 	1.22246e-06 	1.71e-11 	3
192.0 	1.22066e-06 	1.57665e-11 	3
193.0 	1.21886e-06 	9.92232e-11 	3
194.0 	1.21696e-06 	9.63928e-11 	3
195.0 	1.21492e-06 	9.4009e-11 	3
196.0 	1.21291e-06 	9.19746e-11 	3
197.0 	1.21068e-06 	9.00421e-11 	3
198.0 	1.20826e-06 	8.83237e-11 	3
199.0 	1.20534e-06 	8.68198e-11 	3
200.0 	1.20247e-06 	8.53975e-11 	3
201.0 	1.19926e-06 	8.39183e-11 	3
202.0 	1.19571e-06 	8.22751e-11 	3
203.0 	1.19193e-06 	8.10885e-11 	3
204.0 	1.18799e-06 	8.03496e-11 	3
205.0 	1.18383e-06 	7.94527e-11 	3
206.0 	1.17953e-06 	7.81605e-11 	3
207.0 	1.17557e-06 	7.74326e-11 	3
208.0 	1.17122e-06 	7.7066e-11 	3
209.0 	1.16668e-06 	7.74026e-11 	3
210.0 	1.162e-06 	7.70461e-11 	3
211.0 	1.15745e-06 	7.57018e-11 	3
212.0 	1.15259e-06 	7.46655e-11 	3
213.0 	1.14761e-06 	7.52915e-11 	3
214.0 	1.1427e-06 	7.53378e-11 	3
215.0 	1.13731e-06 	7.58502e-11 	3
216.0 	1.13193e-06 	7.70911e-11 	3
217.0 	1.12638e-06 	7.74449e-11 	3
218.0 	1.12072e-06 	7.64515e-11 	3
219.0 	1.11542e-06 	7.44551e-11 	3
220.0 	1.10976e-06 	7.35703e-11 	3
221.0 	1.10414e-06 	7.36629e-11 	3
222.0 	1.09819e-06 	7.81208e-11 	3
223.0 	1.09218e-06 	8.07327e-11 	3
224.0 	1.08629e-06 	7.99508e-11 	3
225.0 	1.07985e-06 	7.83286e-11 	3
226.0 	1.07362e-06 	7.8487e-11 	3
227.0 	1.06669e-06 	7.83525e-11 	3
228.0 	1.06008e-06 	7.81354e-11 	3
229.0 	1.05326e-06 	7.79737e-11 	3
230.0 	1.04651e-06 	7.77777e-11 	3
231.0 	1.03938e-06 	7.72295e-11 	3
232.0 	1.03221e-06 	7.60874e-11 	3
233.0 	1.02541e-06 	7.48483e-11 	3
234.0 	1.018e-06 	7.46666e-11 	3
235.0 	1.01063e-06 	7.72354e-11 	3
236.0 	1.0033e-06 	7.9508e-11 	3
237.0 	9.95495e-07 	7.90011e-11 	3
238.0 	9.87332e-07 	7.7792e-11 	3
239.0 	9.7945e-07 	7.70088e-11 	3
240.0 	9.71131e-07 	7.66235e-11 	3
241.0 	9.63019e-07 	7.61987e-11 	3
242.0 	9.55138e-07 	7.5696e-11 	3
243.0 	9.46455e-07 	7.54274e-11 	3
244.0 	9.38524e-07 	7.50505e-11 	3
245.0 	9.30061e-07 	7.43761e-11 	3
246.0 	9.21459e-07 	7.37465e-11 	3
247.0 	9.12864e-07 	7.29374e-11 	3
248.0 	9.03917e-07 	7.18777e-11 	3
249.0 	8.95074e-07 	7.08114e-11 	3
250.0 	8.8583e-07 	6.97195e-11 	3
251.0 	8.76312e-07 	6.85768e-11 	3
252.0 	8.66592e-07 	6.7394e-11 	3
253.0 	8.56917e-07 	6.64502e-11 	3
254.0 	8.47091e-07 	6.54327e-11 	3
255.0 	8.372e-07 	6.43401e-11 	3
256.0 	8.27712e-07 	6.39465e-11 	3
257.0 	8.18438e-07 	6.68347e-11 	3
258.0 	8.09269e-07 	6.89929e-11 	3
259.0 	8.00011e-07 	6.95942e-11 	3
260.0 	7.9051e-07 	6.88201e-11 	3
261.0 	7.81366e-07 	6.79408e-11 	3
262.0 	7.71849e-07 	6.79412e-11 	3
263.0 	7.62571e-07 	6.80251e-11 	3
264.0 	7.53192e-07 	6.80879e-11 	3
265.0 	7.44262e-07 	6.8238e-11 	3
266.0 	7.35842e-07 	6.86658e-11 	3
267.0 	7.27446e-07 	6.89844e-11 	3
268.0 	7.1938e-07 	6.92009e-11 	3
269.0 	7.11665e-07 	6.9518e-11 	3
270.0 	7.04165e-07 	7.01399e-11 	3
271.0 	6.96223e-07 	7.11972e-11 	3
272.0 	6.87841e-07 	7.37964e-11 	3
273.0 	6.79253e-07 	7.99456e-11 	3
274.0 	6.70782e-07 	9.39431e-11 	3
275.0 	6.62505e-07 	4.5154e-11 	3
276.0 	6.5448e-07 	4.66728e-11 	3
277.0 	6.4662e-07 	6.66645e-11 	3
278.0 	6.39101e-07 	5.8983e-11 	3
279.0 	6.31943e-07 	5.55454e-11 	3
280.0 	6.25275e-07 	5.36753e-11 	3
281.0 	6.19059e-07 	5.30924e-11 	3
282.0 	6.13055e-07 	5.50696e-11 	3
283.0 	6.07212e-07 	3.65101e-11 	3
284.0 	6.01425e-07 	6.08115e-12 	4
285.0 	5.95633e-07 	9.5963e-11 	3
286.0 	5.90026e-07 	7.98936e-11 	3
287.0 	5.84435e-07 	5.55255e-12 	4
288.0 	5.7871e-07 	6.18233e-12 	4
289.0 	5.72977e-07 	6.52771e-12 	4
290.0 	5.67271e-07 	6.82867e-12 	4
291.0 	5.61786e-07 	7.06699e-12 	4
292.0 	5.56384e-07 	7.34877e-12 	4
293.0 	5.50861e-07 	6.9438e-11 	3
294.0 	5.45263e-07 	5.97479e-11 	3
295.0 	5.39437e-07 	5.47077e-11 	3
296.0 	5.32949e-07 	5.26198e-11 	3
297.0 	5.26317e-07 	6.45672e-11 	3
298.0 	5.20018e-07 	7.75454e-11 	3
299.0 	5.14104e-07 	8.07983e-11 	3
300.0 	5.08414e-07 	7.71455e-11 	3
301.0 	5.02905e-07 	7.39874e-12 	4
302.0 	4.97619e-07 	6.75982e-12 	4
303.0 	4.92507e-07 	6.06585e-12 	4
304.0 	4.87691e-07 	5.11345e-12 	4
305.0 	4.83136e-07 	8.36461e-11 	3
306.0 	4.78793e-07 	5.34641e-12 	4
307.0 	4.74497e-07 	6.67565e-12 	4
308.0 	4.70438e-07 	7.17837e-11 	3
309.0 	4.66591e-07 	5.76593e-11 	3
310.0 	4.62856e-07 	5.39968e-11 	3
311.0 	4.59239e-07 	5.24435e-11 	3
312.0 	4.55839e-07 	5.15933e-11 	3
313.0 	4.52482e-07 	5.11647e-11 	3
314.0 	4.4937e-07 	5.11446e-11 	3
315.0 	4.4622e-07 	5.11289e-11 	3
316.0 	4.42982e-07 	5.10824e-11 	3
317.0 	4.3958e-07 	5.08199e-11 	3
318.0 	4.34695e-07 	5.47588e-11 	3
319.0 	4.28676e-07 	6.00471e-11 	3
320.0 	4.23576e-07 	9.05923e-11 	3
321.0 	4.19017e-07 	6.46073e-12 	4
322.0 	4.14725e-07 	4.66276e-12 	4
323.0 	4.10607e-07 	7.0598e-11 	3
324.0 	4.06717e-07 	6.38611e-11 	3
325.0 	4.02944e-07 	6.15063e-11 	3
326.0 	3.99202e-07 	6.00964e-11 	3
327.0 	3.9563e-07 	5.82047e-11 	3
328.0 	3.9203e-07 	5.64896e-11 	3
329.0 	3.88418e-07 	5.37859e-11 	3
330.0 	3.84918e-07 	5.11228e-11 	3
331.0 	3.81413e-07 	4.82137e-11 	3
332.0 	3.77934e-07 	4.49968e-11 	3
333.0 	3.74465e-07 	4.22014e-11 	3
334.0 	3.70963e-07 	3.9646e-11 	3
335.0 	3.67467e-07 	3.71842e-11 	3
336.0 	3.64048e-07 	3.50919e-11 	3
337.0 	3.6062e-07 	9.96111e-11 	3
338.0 	3.57108e-07 	9.74709e-11 	3
339.0 	3.53682e-07 	9.47992e-11 	3
340.0 	3.50313e-07 	9.22253e-11 	3
341.0 	3.47006e-07 	8.9983e-11 	3
342.0 	3.43856e-07 	8.78868e-11 	3
343.0 	3.40688e-07 	8.61037e-11 	3
344.0 	3.37548e-07 	8.43698e-11 	3
345.0 	3.34619e-07 	8.26414e-11 	3
346.0 	3.31945e-07 	8.10398e-11 	3
347.0 	3.29448e-07 	7.97526e-11 	3
348.0 	3.26968e-07 	7.86435e-11 	3
349.0 	3.24498e-07 	7.78912e-11 	3
350.0 	3.22e-07 	7.78806e-11 	3
351.0 	3.19294e-07 	7.79519e-11 	3
352.0 	3.16819e-07 	7.81167e-11 	3
353.0 	3.14288e-07 	7.90786e-11 	3
354.0 	3.11707e-07 	8.18244e-11 	3
355.0 	3.09181e-07 	8.75932e-11 	3
356.0 	3.06737e-07 	9.46791e-11 	3
357.0 	3.04175e-07 	3.79874e-11 	3
358.0 	3.01919e-07 	4.53424e-11 	3
359.0 	2.99671e-07 	6.84247e-11 	3
360.0 	2.97527e-07 	4.02334e-11 	3
361.0 	2.95359e-07 	8.86285e-11 	3
362.0 	2.93067e-07 	5.80973e-11 	3
363.0 	2.9067e-07 	9.9486e-11 	2
364.0 	2.88373e-07 	9.50262e-11 	2
365.0 	2.86141e-07 	9.08219e-11 	2
366.0 	2.83973e-07 	8.83495e-11 	2
367.0 	2.81859e-07 	8.67554e-11 	2
368.0 	2.79758e-07 	8.51744e-11 	2
369.0 	2.77848e-07 	8.35899e-11 	2
370.0 	2.76029e-07 	8.21029e-11 	2
371.0 	2.74253e-07 	8.16738e-11 	2
372.0 	2.72468e-07 	8.14769e-11 	2
373.0 	2.70649e-07 	8.02752e-11 	2
374.0 	2.6884e-07 	7.8689e-11 	2
375.0 	2.66794e-07 	7.69191e-11 	2
376.0 	2.64479e-07 	7.52378e-11 	2
377.0 	2.62265e-07 	7.37083e-11 	2
378.0 	2.60098e-07 	7.21309e-11 	2
379.0 	2.58187e-07 	7.0526e-11 	2
380.0 	2.56388e-07 	6.91023e-11 	2
381.0 	2.54685e-07 	6.80253e-11 	2
382.0 	2.53041e-07 	6.70549e-11 	2
383.0 	2.51422e-07 	6.61324e-11 	2
384.0 	2.497e-07 	6.51042e-11 	2
385.0 	2.47482e-07 	6.39305e-11 	2
386.0 	2.45514e-07 	6.29517e-11 	2
387.0 	2.437e-07 	6.21463e-11 	2
388.0 	2.4195e-07 	6.14409e-11 	2
389.0 	2.40319e-07 	6.07715e-11 	2
390.0 	2.38731e-07 	6.01548e-11 	2
391.0 	2.37181e-07 	5.95405e-11 	2
392.0 	2.3569e-07 	5.9059e-11 	2
393.0 	2.34275e-07 	5.85269e-11 	2
394.0 	2.32886e-07 	5.82577e-11 	2
395.0 	2.31637e-07 	5.78062e-11 	2
396.0 	2.30412e-07 	5.73747e-11 	2
397.0 	2.2923e-07 	5.69889e-11 	2
398.0 	2.28067e-07 	5.67531e-11 	2
399.0 	2.26891e-07 	5.65637e-11 	2
400.0 	2.25911e-07 	5.6004e-11 	2
401.0 	2.24809e-07 	5.52293e-11 	2
402.0 	2.23925e-07 	5.45446e-11 	2
403.0 	2.23037e-07 	5.38735e-11 	2
404.0 	2.22202e-07 	5.32715e-11 	2
405.0 	2.21392e-07 	5.25902e-11 	2
406.0 	2.20644e-07 	5.21272e-11 	2
407.0 	2.19858e-07 	5.22869e-11 	2
408.0 	2.19162e-07 	5.20933e-11 	2
409.0 	2.18522e-07 	5.18893e-11 	2
410.0 	2.17862e-07 	5.17486e-11 	2
411.0 	2.17191e-07 	5.20497e-11 	2
412.0 	2.1645e-07 	5.21677e-11 	2
413.0 	2.1579e-07 	5.19477e-11 	2
414.0 	2.13976e-07 	5.11726e-11 	2
415.0 	2.12136e-07 	5.03468e-11 	2
416.0 	2.10595e-07 	4.99358e-11 	2
417.0 	2.09253e-07 	5.01483e-11 	2
418.0 	2.0802e-07 	5.04661e-11 	2
419.0 	2.06861e-07 	5.05894e-11 	2
420.0 	2.05798e-07 	5.09027e-11 	2
421.0 	2.04876e-07 	5.11224e-11 	2
422.0 	2.04138e-07 	5.1283e-11 	2
423.0 	2.03439e-07 	5.13964e-11 	2
424.0 	2.02799e-07 	5.1341e-11 	2
425.0 	2.02105e-07 	5.11569e-11 	2
426.0 	2.01391e-07 	5.08985e-11 	2
427.0 	2.00598e-07 	5.05233e-11 	2
428.0 	1.99889e-07 	5.01473e-11 	2
429.0 	1.99307e-07 	4.98768e-11 	2
430.0 	1.98674e-07 	4.97424e-11 	2
431.0 	1.98045e-07 	4.97663e-11 	2
432.0 	1.97516e-07 	4.99133e-11 	2
433.0 	1.97144e-07 	5.01234e-11 	2
434.0 	1.96857e-07 	5.04522e-11 	2
435.0 	1.96638e-07 	5.06187e-11 	2
436.0 	1.9641e-07 	5.04785e-11 	2
437.0 	1.96147e-07 	5.04752e-11 	2
438.0 	1.95853e-07 	5.06559e-11 	2
439.0 	1.94989e-07 	5.04014e-11 	2
440.0 	1.93131e-07 	5.07501e-11 	2
441.0 	1.91676e-07 	5.07553e-11 	2
442.0 	1.90293e-07 	5.0479e-11 	2
443.0 	1.89134e-07 	5.04646e-11 	2
444.0 	1.88246e-07 	5.07169e-11 	2
445.0 	1.87458e-07 	5.10008e-11 	2
446.0 	1.86829e-07 	5.13342e-11 	2
447.0 	1.8647e-07 	5.1862e-11 	2
448.0 	1.86186e-07 	5.23164e-11 	2
449.0 	1.85997e-07 	5.28657e-11 	2
450.0 	1.85847e-07 	5.32951e-11 	2
451.0 	1.85583e-07 	5.36051e-11 	2
452.0 	1.85041e-07 	5.37346e-11 	2
453.0 	1.8427e-07 	5.37259e-11 	2
454.0 	1.83472e-07 	5.36725e-11 	2
455.0 	1.82828e-07 	5.36322e-11 	2
456.0 	1.82277e-07 	5.36978e-11 	2
457.0 	1.81854e-07 	5.39717e-11 	2
458.0 	1.81525e-07 	5.43706e-11 	2
459.0 	1.81264e-07 	5.48457e-11 	2
460.0 	1.81001e-07 	5.53612e-11 	2
461.0 	1.8068e-07 	5.58693e-11 	2
462.0 	1.80217e-07 	5.63262e-11 	2
463.0 	1.79789e-07 	5.6692e-11 	2
464.0 	1.79302e-07 	5.71021e-11 	2
465.0 	1.78824e-07 	5.75103e-11 	2
466.0 	1.78369e-07 	5.79629e-11 	2
467.0 	1.77976e-07 	5.84586e-11 	2
468.0 	1.77628e-07 	5.89961e-11 	2
469.0 	1.7724e-07 	5.95331e-11 	2
470.0 	1.76831e-07 	6.0004e-11 	2
471.0 	1.76536e-07 	6.04172e-11 	2
472.0 	1.76277e-07 	6.09093e-11 	2
473.0 	1.76079e-07 	6.13652e-11 	2
474.0 	1.75928e-07 	6.1811e-11 	2
475.0 	1.75811e-07 	6.2293e-11 	2
476.0 	1.75703e-07 	6.26947e-11 	2
477.0 	1.75602e-07 	6.29383e-11 	2
478.0 	1.7543e-07 	6.31565e-11 	2
479.0 	1.75113e-07 	6.32909e-11 	2
480.0 	1.746e-07 	6.35133e-11 	2
481.0 	1.74049e-07 	6.38158e-11 	2
482.0 	1.73519e-07 	6.41767e-11 	2
483.0 	1.73081e-07 	6.45641e-11 	2
484.0 	1.72751e-07 	6.49332e-11 	2
485.0 	1.72407e-07 	6.52392e-11 	2
486.0 	1.7209e-07 	6.54223e-11 	2
487.0 	1.718e-07 	6.53879e-11 	2
488.0 	1.71437e-07 	6.53262e-11 	2
489.0 	1.71059e-07 	6.52142e-11 	2
490.0 	1.70631e-07 	6.51225e-11 	2
491.0 	1.70119e-07 	6.50382e-11 	2
492.0 	1.69461e-07 	6.49442e-11 	2
493.0 	1.68871e-07 	6.48581e-11 	2
494.0 	1.68339e-07 	6.47232e-11 	2
495.0 	1.67821e-07 	6.45612e-11 	2
496.0 	1.67418e-07 	6.43235e-11 	2
497.0 	1.66998e-07 	6.4099e-11 	2
498.0 	1.66579e-07 	6.38796e-11 	2
499.0 	1.66153e-07 	6.36701e-11 	2
500.0 	1.65722e-07 	6.34565e-11 	2
501.0 	1.65287e-07 	6.32303e-11 	2
502.0 	1.64902e-07 	6.30006e-11 	2
503.0 	1.64479e-07 	6.27245e-11 	2
504.0 	1.64041e-07 	6.24302e-11 	2
505.0 	1.63663e-07 	6.20738e-11 	2
506.0 	1.63216e-07 	6.1735e-11 	2
507.0 	1.62754e-07 	6.13892e-11 	2
508.0 	1.62312e-07 	6.10434e-11 	2
509.0 	1.61903e-07 	6.0707e-11 	2
510.0 	1.61516e-07 	6.03868e-11 	2
511.0 	1.61124e-07 	6.00837e-11 	2
512.0 	1.60714e-07 	5.97701e-11 	2
513.0 	1.60322e-07 	5.9437e-11 	2
514.0 	1.59935e-07 	5.90988e-11 	2
515.0 	1.59617e-07 	5.87264e-11 	2
516.0 	1.59232e-07 	5.83714e-11 	2
517.0 	1.5887e-07 	5.80316e-11 	2
518.0 	1.58508e-07 	5.76814e-11 	2
519.0 	1.58163e-07 	5.73173e-11 	2
520.0 	1.57793e-07 	5.68989e-11 	2
521.0 	1.57444e-07 	5.63918e-11 	2
522.0 	1.57102e-07 	5.5864e-11 	2
523.0 	1.56757e-07 	5.5302e-11 	2
524.0 	1.56377e-07 	5.47445e-11 	2
525.0 	1.56078e-07 	5.41e-11 	2
526.0 	1.55734e-07 	5.34705e-11 	2
527.0 	1.55408e-07 	5.28354e-11 	2
528.0 	1.55084e-07 	5.2213e-11 	2
529.0 	1.54755e-07 	5.16076e-11 	2
530.0 	1.54414e-07 	5.10081e-11 	2
531.0 	1.54078e-07 	5.04041e-11 	2
532.0 	1.5373e-07 	4.98878e-11 	2
533.0 	1.53395e-07 	4.93935e-11 	2
534.0 	1.53008e-07 	4.88979e-11 	2
535.0 	1.52579e-07 	4.84307e-11 	2
536.0 	1.52216e-07 	4.80038e-11 	2
537.0 	1.51794e-07 	4.77223e-11 	2
538.0 	1.5136e-07 	4.74929e-11 	2
539.0 	1.50934e-07 	4.72764e-11 	2
540.0 	1.50342e-07 	4.70583e-11 	2
541.0 	1.493e-07 	4.5833e-11 	2
542.0 	1.48499e-07 	4.51783e-11 	2
543.0 	1.47797e-07 	4.46513e-11 	2
544.0 	1.47162e-07 	4.42071e-11 	2
545.0 	1.46533e-07 	4.37463e-11 	2
546.0 	1.45911e-07 	4.33112e-11 	2
547.0 	1.45397e-07 	4.2851e-11 	2
548.0 	1.44471e-07 	4.23285e-11 	2
549.0 	1.43732e-07 	4.19188e-11 	2
550.0 	1.43055e-07 	4.15566e-11 	2
551.0 	1.42416e-07 	4.11946e-11 	2
552.0 	1.41792e-07 	4.08368e-11 	2
553.0 	1.4122e-07 	4.04717e-11 	2
554.0 	1.40691e-07 	4.01061e-11 	2
555.0 	1.40174e-07 	3.97337e-11 	2
556.0 	1.39667e-07 	3.93035e-11 	2
557.0 	1.39165e-07 	3.88752e-11 	2
558.0 	1.38719e-07 	3.84532e-11 	2
559.0 	1.38273e-07 	3.80617e-11 	2
560.0 	1.37843e-07 	3.76608e-11 	2
561.0 	1.37425e-07 	3.72641e-11 	2
562.0 	1.37016e-07 	3.68576e-11 	2
563.0 	1.36606e-07 	3.64398e-11 	2
564.0 	1.36206e-07 	3.60262e-11 	2
565.0 	1.3584e-07 	3.56329e-11 	2
566.0 	1.3544e-07 	3.53143e-11 	2
567.0 	1.34959e-07 	3.49903e-11 	2
568.0 	1.34523e-07 	3.47038e-11 	2
569.0 	1.34132e-07 	3.44047e-11 	2
570.0 	1.33735e-07 	3.4113e-11 	2
571.0 	1.33356e-07 	3.38167e-11 	2
572.0 	1.32981e-07 	3.35168e-11 	2
573.0 	1.32616e-07 	3.3212e-11 	2
574.0 	1.32256e-07 	3.29029e-11 	2
575.0 	1.31895e-07 	3.25858e-11 	2
576.0 	1.31528e-07 	3.22605e-11 	2
577.0 	1.31156e-07 	3.19266e-11 	2
578.0 	1.30774e-07 	3.15886e-11 	2
579.0 	1.3036e-07 	3.12954e-11 	2
580.0 	1.29971e-07 	3.12386e-11 	2
581.0 	1.29567e-07 	3.11872e-11 	2
582.0 	1.29171e-07 	3.11443e-11 	2
583.0 	1.28776e-07 	3.10983e-11 	2
584.0 	1.28377e-07 	3.10677e-11 	2
585.0 	1.27975e-07 	3.10104e-11 	2
586.0 	1.27577e-07 	3.09497e-11 	2
587.0 	1.27184e-07 	3.08783e-11 	2
588.0 	1.26793e-07 	3.08256e-11 	2
589.0 	1.26391e-07 	3.0844e-11 	2
590.0 	1.2598e-07 	3.1082e-11 	2
591.0 	1.25568e-07 	3.13058e-11 	2
592.0 	1.2514e-07 	3.15179e-11 	2
593.0 	1.24713e-07 	3.17243e-11 	2
594.0 	1.24309e-07 	3.19276e-11 	2
595.0 	1.23895e-07 	3.21259e-11 	2
596.0 	1.23467e-07 	3.2311e-11 	2
597.0 	1.23073e-07 	3.25175e-11 	2
598.0 	1.22689e-07 	3.27306e-11 	2
599.0 	1.22298e-07 	3.29559e-11 	2
600.0 	1.21894e-07 	3.31617e-11 	2
601.0 	1.21504e-07 	3.33638e-11 	2
602.0 	1.21116e-07 	3.35614e-11 	2
603.0 	1.20744e-07 	3.37473e-11 	2
604.0 	1.20394e-07 	3.39122e-11 	2
605.0 	1.20062e-07 	3.40727e-11 	2
606.0 	1.19716e-07 	3.42445e-11 	2
607.0 	1.19381e-07 	3.44324e-11 	2
608.0 	1.19068e-07 	3.46399e-11 	2
609.0 	1.18749e-07 	3.48281e-11 	2
610.0 	1.18443e-07 	3.50154e-11 	2
611.0 	1.18133e-07 	3.51942e-11 	2
612.0 	1.17826e-07 	3.53682e-11 	2
613.0 	1.17515e-07 	3.55416e-11 	2
614.0 	1.17126e-07 	3.57077e-11 	2
615.0 	1.16718e-07 	3.58648e-11 	2
616.0 	1.16287e-07 	3.60164e-11 	2
617.0 	1.15902e-07 	3.61787e-11 	2
618.0 	1.15559e-07 	3.63711e-11 	2
619.0 	1.1522e-07 	3.65267e-11 	2
620.0 	1.14898e-07 	3.66715e-11 	2
621.0 	1.14578e-07 	3.68071e-11 	2
622.0 	1.14275e-07 	3.69344e-11 	2
623.0 	1.14e-07 	3.70543e-11 	2
624.0 	1.13734e-07 	3.71653e-11 	2
625.0 	1.1349e-07 	3.72702e-11 	2
626.0 	1.13269e-07 	3.7383e-11 	2
627.0 	1.13052e-07 	3.74886e-11 	2
628.0 	1.12899e-07 	3.7613e-11 	2
629.0 	1.12725e-07 	3.76905e-11 	2
630.0 	1.12556e-07 	3.7761e-11 	2
631.0 	1.12397e-07 	3.78312e-11 	2
632.0 	1.12245e-07 	3.78975e-11 	2
633.0 	1.12099e-07 	3.79678e-11 	2
634.0 	1.11976e-07 	3.80416e-11 	2
635.0 	1.11852e-07 	3.81229e-11 	2
636.0 	1.11738e-07 	3.82056e-11 	2
637.0 	1.11651e-07 	3.83287e-11 	2
638.0 	1.11641e-07 	3.85125e-11 	2
639.0 	1.11561e-07 	3.86403e-11 	2
640.0 	1.11472e-07 	3.87675e-11 	2
641.0 	1.11379e-07 	3.88859e-11 	2
642.0 	1.11285e-07 	3.90067e-11 	2
643.0 	1.11218e-07 	3.91237e-11 	2
644.0 	1.11151e-07 	3.923e-11 	2
645.0 	1.11069e-07 	3.9357e-11 	2
646.0 	1.10978e-07 	3.95396e-11 	2
647.0 	1.10886e-07 	3.97229e-11 	2
648.0 	1.10879e-07 	3.99739e-11 	2
649.0 	1.10805e-07 	4.0148e-11 	2
650.0 	1.10731e-07 	4.03044e-11 	2
651.0 	1.1064e-07 	4.04741e-11 	2
652.0 	1.1053e-07 	4.06413e-11 	2
653.0 	1.10404e-07 	4.07988e-11 	2
654.0 	1.10275e-07 	4.09487e-11 	2
655.0 	1.10138e-07 	4.1097e-11 	2
656.0 	1.09995e-07 	4.12379e-11 	2
657.0 	1.09859e-07 	4.13621e-11 	2
658.0 	1.09726e-07 	4.1461e-11 	2
659.0 	1.09679e-07 	4.16506e-11 	2
660.0 	1.09559e-07 	4.1747e-11 	2
661.0 	1.09423e-07 	4.18245e-11 	2
662.0 	1.09261e-07 	4.18855e-11 	2
663.0 	1.09092e-07 	4.19304e-11 	2
664.0 	1.08914e-07 	4.19668e-11 	2
665.0 	1.08718e-07 	4.19899e-11 	2
666.0 	1.0851e-07 	4.20108e-11 	2
667.0 	1.08292e-07 	4.20191e-11 	2
668.0 	1.08085e-07 	4.2026e-11 	2
669.0 	1.07873e-07 	4.20359e-11 	2
670.0 	1.07744e-07 	4.21281e-11 	2
671.0 	1.07496e-07 	4.21178e-11 	2
672.0 	1.07072e-07 	4.22477e-11 	2
673.0 	1.06671e-07 	4.23098e-11 	2
674.0 	1.06294e-07 	4.2328e-11 	2
675.0 	1.05975e-07 	4.23327e-11 	2
676.0 	1.05688e-07 	4.23222e-11 	2
677.0 	1.05434e-07 	4.23127e-11 	2
678.0 	1.05185e-07 	4.22674e-11 	2
679.0 	1.04957e-07 	4.22235e-11 	2
680.0 	1.04746e-07 	4.21689e-11 	2
681.0 	1.0465e-07 	4.22094e-11 	2
682.0 	1.04468e-07 	4.21662e-11 	2
683.0 	1.04289e-07 	4.21152e-11 	2
684.0 	1.04107e-07 	4.20757e-11 	2
685.0 	1.0393e-07 	4.20262e-11 	2
686.0 	1.0375e-07 	4.19642e-11 	2
687.0 	1.03571e-07 	4.18933e-11 	2
688.0 	1.03409e-07 	4.18112e-11 	2
689.0 	1.0325e-07 	4.17182e-11 	2
690.0 	1.03082e-07 	4.16148e-11 	2
691.0 	1.03031e-07 	4.16149e-11 	2
692.0 	1.02884e-07 	4.14976e-11 	2
693.0 	1.02736e-07 	4.13677e-11 	2
694.0 	1.02576e-07 	4.12233e-11 	2
695.0 	1.02405e-07 	4.10685e-11 	2
696.0 	1.02229e-07 	4.09469e-11 	2
697.0 	1.02048e-07 	4.08468e-11 	2
698.0 	1.01862e-07 	4.07428e-11 	2
699.0 	1.01685e-07 	4.06339e-11 	2
700.0 	1.01515e-07 	4.05183e-11 	2
701.0 	1.01334e-07 	4.03926e-11 	2
702.0 	1.01141e-07 	4.02591e-11 	2
703.0 	1.0107e-07 	4.02287e-11 	2
704.0 	1.00896e-07 	4.00766e-11 	2
705.0 	1.0071e-07 	3.99046e-11 	2
706.0 	1.00512e-07 	3.97176e-11 	2
707.0 	1.00306e-07 	3.95211e-11 	2
708.0 	1.00107e-07 	3.93216e-11 	2
709.0 	9.9895e-08 	3.91166e-11 	2
710.0 	9.96837e-08 	3.89055e-11 	2
711.0 	9.94867e-08 	3.86984e-11 	2
712.0 	9.92876e-08 	3.8486e-11 	2
713.0 	9.92174e-08 	3.83792e-11 	2
714.0 	9.90523e-08 	3.81521e-11 	2
715.0 	9.88914e-08 	3.79076e-11 	2
716.0 	9.87268e-08 	3.76499e-11 	2
717.0 	9.85651e-08 	3.73832e-11 	2
718.0 	9.84033e-08 	3.71165e-11 	2
719.0 	9.82555e-08 	3.68495e-11 	2
720.0 	9.81057e-08 	3.65801e-11 	2
721.0 	9.7951e-08 	3.63053e-11 	2
722.0 	9.78048e-08 	3.60306e-11 	2
723.0 	9.76702e-08 	3.5749e-11 	2
724.0 	9.75429e-08 	3.54717e-11 	2
725.0 	9.74203e-08 	3.51932e-11 	2
726.0 	9.74381e-08 	3.50243e-11 	2
727.0 	9.73499e-08 	3.47442e-11 	2
728.0 	9.72462e-08 	3.44911e-11 	2
729.0 	9.7131e-08 	3.42222e-11 	2
730.0 	9.70206e-08 	3.3959e-11 	2
731.0 	9.68982e-08 	3.37001e-11 	2
732.0 	9.67751e-08 	3.34481e-11 	2
733.0 	9.66604e-08 	3.31917e-11 	2
734.0 	9.65437e-08 	3.29401e-11 	2
735.0 	9.65641e-08 	3.27943e-11 	2
736.0 	9.64629e-08 	3.2535e-11 	2
737.0 	9.63384e-08 	3.22627e-11 	2
738.0 	9.61986e-08 	3.19841e-11 	2
739.0 	9.60656e-08 	3.16986e-11 	2
740.0 	9.59362e-08 	3.14098e-11 	2
741.0 	9.57925e-08 	3.11197e-11 	2
742.0 	9.56398e-08 	3.08396e-11 	2
743.0 	9.54816e-08 	3.05565e-11 	2
744.0 	9.5333e-08 	3.02754e-11 	2
745.0 	9.51903e-08 	3.00009e-11 	2
746.0 	9.50369e-08 	2.97373e-11 	2
747.0 	9.48729e-08 	2.94728e-11 	2
748.0 	9.47025e-08 	2.92047e-11 	2
749.0 	9.46756e-08 	2.90338e-11 	2
750.0 	9.45375e-08 	2.87549e-11 	2
751.0 	9.44064e-08 	2.84622e-11 	2
752.0 	9.42614e-08 	2.81773e-11 	2
753.0 	9.40987e-08 	2.79003e-11 	2
754.0 	9.39223e-08 	2.76216e-11 	2
755.0 	9.37616e-08 	2.73506e-11 	2
756.0 	9.3602e-08 	2.7077e-11 	2
757.0 	9.34361e-08 	2.67999e-11 	2
758.0 	9.34224e-08 	2.66728e-11 	2
759.0 	9.32818e-08 	2.64753e-11 	2
760.0 	9.3138e-08 	2.62688e-11 	2
761.0 	9.30116e-08 	2.60701e-11 	2
762.0 	9.28864e-08 	2.58668e-11 	2
763.0 	9.27642e-08 	2.56669e-11 	2
764.0 	9.26474e-08 	2.54671e-11 	2
765.0 	9.25266e-08 	2.52661e-11 	2
766.0 	9.24141e-08 	2.50642e-11 	2
767.0 	9.22958e-08 	2.48599e-11 	2
768.0 	9.21737e-08 	2.46523e-11 	2
769.0 	9.20485e-08 	2.44397e-11 	2
770.0 	9.2072e-08 	2.45063e-11 	2
771.0 	9.19861e-08 	2.44796e-11 	2
772.0 	9.18949e-08 	2.44575e-11 	2
773.0 	9.17913e-08 	2.4421e-11 	2
774.0 	9.16725e-08 	2.43613e-11 	2
775.0 	9.156e-08 	2.4328e-11 	2
776.0 	9.14424e-08 	2.4293e-11 	2
777.0 	9.13159e-08 	2.42787e-11 	2
778.0 	9.12008e-08 	2.42773e-11 	2
779.0 	9.1221e-08 	2.43779e-11 	2
780.0 	9.1111e-08 	2.43814e-11 	2
781.0 	9.09909e-08 	2.44302e-11 	2
782.0 	9.08572e-08 	2.46249e-11 	2
783.0 	9.07209e-08 	2.48119e-11 	2
784.0 	9.05862e-08 	2.49934e-11 	2
785.0 	9.04651e-08 	2.51732e-11 	2
786.0 	9.03393e-08 	2.53505e-11 	2
787.0 	9.02052e-08 	2.55244e-11 	2
788.0 	9.00645e-08 	2.56921e-11 	2
789.0 	8.99556e-08 	2.58559e-11 	2
790.0 	8.98495e-08 	2.60183e-11 	2
791.0 	8.98889e-08 	2.62662e-11 	2
792.0 	8.98435e-08 	2.64138e-11 	2
793.0 	8.97874e-08 	2.65725e-11 	2
794.0 	8.97329e-08 	2.67267e-11 	2
795.0 	8.96834e-08 	2.68747e-11 	2
796.0 	8.96325e-08 	2.70192e-11 	2
797.0 	8.9587e-08 	2.7179e-11 	2
798.0 	8.9539e-08 	2.73355e-11 	2
799.0 	8.94864e-08 	2.7487e-11 	2
800.0 	8.95817e-08 	2.7726e-11 	2
801.0 	8.95681e-08 	2.78657e-11 	2
802.0 	8.95528e-08 	2.79896e-11 	2
803.0 	8.95259e-08 	2.81008e-11 	2
804.0 	8.9486e-08 	2.82028e-11 	2
805.0 	8.94467e-08 	2.82992e-11 	2
806.0 	8.94044e-08 	2.83913e-11 	2
807.0 	8.93594e-08 	2.84842e-11 	2
808.0 	8.931e-08 	2.85777e-11 	2
809.0 	8.92695e-08 	2.86708e-11 	2
810.0 	8.92296e-08 	2.87619e-11 	2
811.0 	8.91855e-08 	2.88452e-11 	2
812.0 	8.92645e-08 	2.90152e-11 	2
813.0 	8.92244e-08 	2.90841e-11 	2
814.0 	8.91756e-08 	2.91398e-11 	2
815.0 	8.91204e-08 	2.91845e-11 	2
816.0 	8.90701e-08 	2.92209e-11 	2
817.0 	8.90145e-08 	2.9251e-11 	2
818.0 	8.8948e-08 	2.92904e-11 	2
819.0 	8.88756e-08 	2.93191e-11 	2
820.0 	8.881e-08 	2.93357e-11 	2
821.0 	8.88604e-08 	2.94339e-11 	2
822.0 	8.87933e-08 	2.94451e-11 	2
823.0 	8.87284e-08 	2.94618e-11 	2
824.0 	8.86576e-08 	2.94758e-11 	2
825.0 	8.85817e-08 	2.94932e-11 	2
826.0 	8.85073e-08 	2.95086e-11 	2
827.0 	8.84447e-08 	2.9522e-11 	2
828.0 	8.83967e-08 	2.95325e-11 	2
829.0 	8.83559e-08 	2.9541e-11 	2
830.0 	8.83229e-08 	2.95439e-11 	2
831.0 	8.82924e-08 	2.9541e-11 	2
832.0 	8.83758e-08 	2.96285e-11 	2
833.0 	8.8359e-08 	2.96168e-11 	2
834.0 	8.83395e-08 	2.95974e-11 	2
835.0 	8.83143e-08 	2.95716e-11 	2
836.0 	8.82924e-08 	2.95414e-11 	2
837.0 	8.82653e-08 	2.95245e-11 	2
838.0 	8.82356e-08 	2.95061e-11 	2
839.0 	8.81984e-08 	2.94882e-11 	2
840.0 	8.81565e-08 	2.94705e-11 	2
841.0 	8.82211e-08 	2.95403e-11 	2
842.0 	8.81893e-08 	2.95168e-11 	2
843.0 	8.8153e-08 	2.94785e-11 	2
844.0 	8.81068e-08 	2.94277e-11 	2
845.0 	8.80551e-08 	2.93671e-11 	2
846.0 	8.80065e-08 	2.92993e-11 	2
847.0 	8.79567e-08 	2.92513e-11 	2
848.0 	8.78937e-08 	2.92001e-11 	2
849.0 	8.78322e-08 	2.91892e-11 	2
850.0 	8.7775e-08 	2.91964e-11 	2
851.0 	8.77088e-08 	2.92037e-11 	2
852.0 	8.76489e-08 	2.92075e-11 	2
853.0 	8.76937e-08 	2.92972e-11 	2
854.0 	8.7647e-08 	2.93212e-11 	2
855.0 	8.75925e-08 	2.93478e-11 	2
856.0 	8.75212e-08 	2.93626e-11 	2
857.0 	8.74454e-08 	2.93688e-11 	2
858.0 	8.73597e-08 	2.93684e-11 	2
859.0 	8.72726e-08 	2.93626e-11 	2
860.0 	8.71858e-08 	2.93584e-11 	2
861.0 	8.70974e-08 	2.93566e-11 	2
862.0 	8.71112e-08 	2.94352e-11 	2
863.0 	8.70421e-08 	2.94338e-11 	2
864.0 	8.69688e-08 	2.94357e-11 	2
865.0 	8.68855e-08 	2.94254e-11 	2
866.0 	8.68068e-08 	2.94062e-11 	2
867.0 	8.67291e-08 	2.93845e-11 	2
868.0 	8.66444e-08 	2.93602e-11 	2
869.0 	8.65547e-08 	2.93308e-11 	2
870.0 	8.6464e-08 	2.92957e-11 	2
871.0 	8.63756e-08 	2.92543e-11 	2
872.0 	8.62866e-08 	2.92017e-11 	2
873.0 	8.62987e-08 	2.92363e-11 	2
874.0 	8.6227e-08 	2.91869e-11 	2
875.0 	8.61491e-08 	2.91277e-11 	2
876.0 	8.60711e-08 	2.90765e-11 	2
877.0 	8.598e-08 	2.90188e-11 	2
878.0 	8.58809e-08 	2.89731e-11 	2
879.0 	8.57835e-08 	2.89225e-11 	2
880.0 	8.56908e-08 	2.88674e-11 	2
881.0 	8.55997e-08 	2.88148e-11 	2
882.0 	8.55959e-08 	2.88445e-11 	2
883.0 	8.55146e-08 	2.88056e-11 	2
884.0 	8.54185e-08 	2.87676e-11 	2
885.0 	8.53111e-08 	2.87329e-11 	2
886.0 	8.521e-08 	2.86989e-11 	2
887.0 	8.5102e-08 	2.86631e-11 	2
888.0 	8.49856e-08 	2.86257e-11 	2
889.0 	8.48653e-08 	2.85881e-11 	2
890.0 	8.47679e-08 	2.8552e-11 	2
891.0 	8.46641e-08 	2.85111e-11 	2
892.0 	8.455e-08 	2.84896e-11 	2
893.0 	8.45177e-08 	2.85355e-11 	2
894.0 	8.44148e-08 	2.85063e-11 	2
895.0 	8.43243e-08 	2.84653e-11 	2
896.0 	8.42283e-08 	2.84144e-11 	2
897.0 	8.41272e-08 	2.83553e-11 	2
898.0 	8.4041e-08 	2.83067e-11 	2
899.0 	8.39577e-08 	2.82616e-11 	2
900.0 	8.38738e-08 	2.82123e-11 	2
901.0 	8.38018e-08 	2.81582e-11 	2
902.0 	8.38084e-08 	2.81657e-11 	2
903.0 	8.37431e-08 	2.81017e-11 	2
904.0 	8.36797e-08 	2.80268e-11 	2
905.0 	8.36077e-08 	2.79435e-11 	2
906.0 	8.35405e-08 	2.78532e-11 	2
907.0 	8.34817e-08 	2.77581e-11 	2
908.0 	8.34235e-08 	2.76584e-11 	2
909.0 	8.33608e-08 	2.7554e-11 	2
910.0 	8.32974e-08 	2.74461e-11 	2
911.0 	8.32268e-08 	2.73327e-11 	2
912.0 	8.31554e-08 	2.7218e-11 	2
913.0 	8.31515e-08 	2.71597e-11 	2
914.0 	8.30814e-08 	2.70371e-11 	2
915.0 	8.30085e-08 	2.69051e-11 	2
916.0 	8.29371e-08 	2.67641e-11 	2
917.0 	8.28606e-08 	2.66159e-11 	2
918.0 	8.27788e-08 	2.6462e-11 	2
919.0 	8.26874e-08 	2.63089e-11 	2
920.0 	8.25883e-08 	2.6157e-11 	2
921.0 	8.24843e-08 	2.60029e-11 	2
922.0 	8.24443e-08 	2.59018e-11 	2
923.0 	8.23345e-08 	2.57534e-11 	2
924.0 	8.22222e-08 	2.56164e-11 	2
925.0 	8.21143e-08 	2.54777e-11 	2
926.0 	8.19988e-08 	2.53318e-11 	2
927.0 	8.18697e-08 	2.518e-11 	2
928.0 	8.17345e-08 	2.50274e-11 	2
929.0 	8.16093e-08 	2.48808e-11 	2
930.0 	8.14915e-08 	2.47321e-11 	2
931.0 	8.13738e-08 	2.45806e-11 	2
932.0 	8.12534e-08 	2.44265e-11 	2
933.0 	8.12092e-08 	2.43186e-11 	2
934.0 	8.11034e-08 	2.41573e-11 	2
935.0 	8.09936e-08 	2.39874e-11 	2
936.0 	8.08868e-08 	2.38019e-11 	2
937.0 	8.07786e-08 	2.36174e-11 	2
938.0 	8.0672e-08 	2.3436e-11 	2
939.0 	8.0563e-08 	2.32541e-11 	2
940.0 	8.04497e-08 	2.30695e-11 	2
941.0 	8.03356e-08 	2.29003e-11 	2
942.0 	8.02834e-08 	2.27753e-11 	2
943.0 	8.0171e-08 	2.25991e-11 	2
944.0 	8.00499e-08 	2.24171e-11 	2
945.0 	7.99181e-08 	2.22286e-11 	2
946.0 	7.97741e-08 	2.20484e-11 	2
947.0 	7.96199e-08 	2.18714e-11 	2
948.0 	7.94665e-08 	2.16917e-11 	2
949.0 	7.93097e-08 	2.15099e-11 	2
950.0 	7.91554e-08 	2.1325e-11 	2
951.0 	7.90124e-08 	2.11557e-11 	2
952.0 	7.88726e-08 	2.09835e-11 	2
953.0 	7.87839e-08 	2.08649e-11 	2
954.0 	7.86364e-08 	2.07238e-11 	2
955.0 	7.84857e-08 	2.05911e-11 	2
956.0 	7.83322e-08 	2.04555e-11 	2
957.0 	7.81696e-08 	2.03151e-11 	2
958.0 	7.80022e-08 	2.01704e-11 	2
959.0 	7.78496e-08 	2.0022e-11 	2
960.0 	7.76929e-08 	1.98707e-11 	2
961.0 	7.75333e-08 	1.97167e-11 	2
962.0 	7.74217e-08 	1.96677e-11 	2
963.0 	7.72658e-08 	1.96305e-11 	2
964.0 	7.71206e-08 	1.95932e-11 	2
965.0 	7.69655e-08 	1.9563e-11 	2
966.0 	7.68096e-08 	1.95304e-11 	2
967.0 	7.66604e-08 	1.95069e-11 	2
968.0 	7.65051e-08 	1.9491e-11 	2
969.0 	7.63441e-08 	1.94797e-11 	2
970.0 	7.61933e-08 	1.94653e-11 	2
971.0 	7.60343e-08 	1.94494e-11 	2
972.0 	7.58737e-08 	1.94507e-11 	2
973.0 	7.57769e-08 	1.95586e-11 	2
974.0 	7.56287e-08 	1.96211e-11 	2
975.0 	7.54853e-08 	1.96944e-11 	2
976.0 	7.53374e-08 	1.97727e-11 	2
977.0 	7.51826e-08 	1.98642e-11 	2
978.0 	7.50355e-08 	1.99537e-11 	2
979.0 	7.48768e-08 	2.00424e-11 	2
980.0 	7.4715e-08 	2.01281e-11 	2
981.0 	7.45591e-08 	2.02109e-11 	2
982.0 	7.44439e-08 	2.03217e-11 	2
983.0 	7.42895e-08 	2.04156e-11 	2
984.0 	7.41269e-08 	2.05215e-11 	2
985.0 	7.39652e-08 	2.06289e-11 	2
986.0 	7.38081e-08 	2.07331e-11 	2
987.0 	7.36449e-08 	2.08341e-11 	2
988.0 	7.34799e-08 	2.09344e-11 	2
989.0 	7.33117e-08 	2.10313e-11 	2
990.0 	7.31494e-08 	2.11227e-11 	2
991.0 	7.29983e-08 	2.12089e-11 	2
992.0 	7.28557e-08 	2.12895e-11 	2
993.0 	7.27558e-08 	2.13885e-11 	2
994.0 	7.26181e-08 	2.14634e-11 	2
995.0 	7.24765e-08 	2.15314e-11 	2
996.0 	7.23354e-08 	2.15935e-11 	2
997.0 	7.22108e-08 	2.16513e-11 	2
998.0 	7.20823e-08 	2.17088e-11 	2
999.0 	7.1956e-08 	2.17614e-11 	2
1000.0 	7.18383e-08 	2.18191e-11 	2
1001.0 	7.1719e-08 	2.18868e-11 	2
1002.0 	7.16382e-08 	2.19739e-11 	2
1003.0 	7.15416e-08 	2.20358e-11 	2
1004.0 	7.14393e-08 	2.20918e-11 	2
1005.0 	7.13348e-08 	2.21427e-11 	2
1006.0 	7.12336e-08 	2.21888e-11 	2
1007.0 	7.11264e-08 	2.22305e-11 	2
1008.0 	7.10199e-08 	2.22674e-11 	2
1009.0 	7.09149e-08 	2.22993e-11 	2
1010.0 	7.08028e-08 	2.23251e-11 	2
1011.0 	7.06983e-08 	2.23454e-11 	2
1012.0 	7.05876e-08 	2.2372e-11 	2
1013.0 	7.05096e-08 	2.24145e-11 	2
1014.0 	7.04063e-08 	2.24472e-11 	2
1015.0 	7.03004e-08 	2.24721e-11 	2
1016.0 	7.02003e-08 	2.24879e-11 	2
1017.0 	7.01034e-08 	2.24975e-11 	2
1018.0 	7.00121e-08 	2.25022e-11 	2
1019.0 	6.99155e-08 	2.25008e-11 	2
1020.0 	6.98211e-08 	2.25034e-11 	2
1021.0 	6.97318e-08 	2.25132e-11 	2
1022.0 	6.96718e-08 	2.25398e-11 	2
1023.0 	6.95793e-08 	2.25451e-11 	2
1024.0 	6.94941e-08 	2.25445e-11 	2
1025.0 	6.94172e-08 	2.25374e-11 	2
1026.0 	6.93351e-08 	2.25239e-11 	2
1027.0 	6.92503e-08 	2.25045e-11 	2
1028.0 	6.91683e-08 	2.24801e-11 	2
1029.0 	6.91034e-08 	2.24535e-11 	2
1030.0 	6.90347e-08 	2.24242e-11 	2
1031.0 	6.89648e-08 	2.23975e-11 	2
1032.0 	6.89096e-08 	2.2369e-11 	2
1033.0 	6.88864e-08 	2.23604e-11 	2
1034.0 	6.88301e-08 	2.23369e-11 	2
1035.0 	6.87896e-08 	2.23063e-11 	2
1036.0 	6.87498e-08 	2.22698e-11 	2
1037.0 	6.87041e-08 	2.22288e-11 	2
1038.0 	6.86575e-08 	2.21849e-11 	2
1039.0 	6.86123e-08 	2.21362e-11 	2
1040.0 	6.85744e-08 	2.20823e-11 	2
1041.0 	6.85341e-08 	2.20229e-11 	2
1042.0 	6.85213e-08 	2.19843e-11 	2
1043.0 	6.8482e-08 	2.19244e-11 	2
1044.0 	6.84352e-08 	2.18572e-11 	2
1045.0 	6.83841e-08 	2.17993e-11 	2
1046.0 	6.83317e-08 	2.17524e-11 	2
1047.0 	6.82739e-08 	2.17002e-11 	2
1048.0 	6.82088e-08 	2.1643e-11 	2
1049.0 	6.81448e-08 	2.15872e-11 	2
1050.0 	6.80783e-08 	2.15295e-11 	2
1051.0 	6.80255e-08 	2.14666e-11 	2
1052.0 	6.79781e-08 	2.1399e-11 	2
1053.0 	6.79578e-08 	2.13422e-11 	2
1054.0 	6.79061e-08 	2.12634e-11 	2
1055.0 	6.78473e-08 	2.11767e-11 	2
1056.0 	6.77961e-08 	2.1083e-11 	2
1057.0 	6.77543e-08 	2.09849e-11 	2
1058.0 	6.77268e-08 	2.09293e-11 	2
1059.0 	6.76977e-08 	2.08915e-11 	2
1060.0 	6.76683e-08 	2.08495e-11 	2
1061.0 	6.76441e-08 	2.08061e-11 	2
1062.0 	6.7652e-08 	2.07787e-11 	2
1063.0 	6.76307e-08 	2.07341e-11 	2
1064.0 	6.76163e-08 	2.07167e-11 	2
1065.0 	6.7598e-08 	2.07325e-11 	2
1066.0 	6.7579e-08 	2.07461e-11 	2
1067.0 	6.75657e-08 	2.07551e-11 	2
1068.0 	6.75497e-08 	2.07595e-11 	2
1069.0 	6.75421e-08 	2.0763e-11 	2
1070.0 	6.75356e-08 	2.07699e-11 	2
1071.0 	6.75243e-08 	2.07749e-11 	2
1072.0 	6.75148e-08 	2.07799e-11 	2
1073.0 	6.75279e-08 	2.07969e-11 	2
1074.0 	6.75161e-08 	2.07954e-11 	2
1075.0 	6.74975e-08 	2.07875e-11 	2
1076.0 	6.74747e-08 	2.07743e-11 	2
1077.0 	6.74472e-08 	2.07561e-11 	2
1078.0 	6.7415e-08 	2.07336e-11 	2
1079.0 	6.73783e-08 	2.07071e-11 	2
1080.0 	6.73371e-08 	2.06764e-11 	2
1081.0 	6.72918e-08 	2.06422e-11 	2
1082.0 	6.72741e-08 	2.06192e-11 	2
1083.0 	6.72261e-08 	2.05776e-11 	2
1084.0 	6.71788e-08 	2.05424e-11 	2
1085.0 	6.71464e-08 	2.05138e-11 	2
1086.0 	6.71199e-08 	2.049e-11 	2
1087.0 	6.70871e-08 	2.0462e-11 	2
1088.0 	6.70471e-08 	2.04453e-11 	2
1089.0 	6.70153e-08 	2.04244e-11 	2
1090.0 	6.69857e-08 	2.04001e-11 	2
1091.0 	6.69494e-08 	2.03777e-11 	2
1092.0 	6.69154e-08 	2.0355e-11 	2
1093.0 	6.68873e-08 	2.03471e-11 	2
1094.0 	6.68758e-08 	2.03525e-11 	2
1095.0 	6.68438e-08 	2.03461e-11 	2
1096.0 	6.68166e-08 	2.03333e-11 	2
1097.0 	6.67867e-08 	2.03146e-11 	2
1098.0 	6.67537e-08 	2.02908e-11 	2
1099.0 	6.67157e-08 	2.02629e-11 	2
1100.0 	6.66772e-08 	2.02327e-11 	2
1101.0 	6.66444e-08 	2.02042e-11 	2
1102.0 	6.6623e-08 	2.01839e-11 	2
1103.0 	6.65828e-08 	2.01608e-11 	2
1104.0 	6.65395e-08 	2.01365e-11 	2
1105.0 	6.64918e-08 	2.01062e-11 	2
1106.0 	6.64594e-08 	2.00708e-11 	2
1107.0 	6.64255e-08 	2.00304e-11 	2
1108.0 	6.63853e-08 	1.99851e-11 	2
1109.0 	6.63432e-08 	1.99355e-11 	2
1110.0 	6.6294e-08 	1.98826e-11 	2
1111.0 	6.62475e-08 	1.98298e-11 	2
1112.0 	6.61985e-08 	1.97732e-11 	2
1113.0 	6.6146e-08 	1.97123e-11 	2
1114.0 	6.60941e-08 	1.96517e-11 	2
1115.0 	6.60399e-08 	1.95921e-11 	2
1116.0 	6.59861e-08 	1.95293e-11 	2
1117.0 	6.595e-08 	1.94633e-11 	2
1118.0 	6.591e-08 	1.93932e-11 	2
1119.0 	6.58864e-08 	1.93303e-11 	2
1120.0 	6.58586e-08 	1.92732e-11 	2
1121.0 	6.58216e-08 	1.91997e-11 	2
1122.0 	6.57797e-08 	1.91299e-11 	2
1123.0 	6.57368e-08 	1.9052e-11 	2
1124.0 	6.56872e-08 	1.89669e-11 	2
1125.0 	6.56456e-08 	1.88776e-11 	2
1126.0 	6.56003e-08 	1.87833e-11 	2
1127.0 	6.55698e-08 	1.86965e-11 	2
1128.0 	6.55213e-08 	1.85965e-11 	2
1129.0 	6.54641e-08 	1.8496e-11 	2
1130.0 	6.53975e-08 	1.83926e-11 	2
1131.0 	6.53288e-08 	1.82943e-11 	2
1132.0 	6.52562e-08 	1.82047e-11 	2
1133.0 	6.51773e-08 	1.81169e-11 	2
1134.0 	6.5098e-08 	1.80273e-11 	2
1135.0 	6.50115e-08 	1.79341e-11 	2
1136.0 	6.49319e-08 	1.78371e-11 	2
1137.0 	6.48466e-08 	1.77368e-11 	2
1138.0 	6.47509e-08 	1.76375e-11 	2
1139.0 	6.46614e-08 	1.75512e-11 	2
1140.0 	6.45788e-08 	1.74641e-11 	2
1141.0 	6.44976e-08 	1.73748e-11 	2
1142.0 	6.44194e-08 	1.7283e-11 	2
1143.0 	6.43533e-08 	1.71965e-11 	2
1144.0 	6.42718e-08 	1.70969e-11 	2
1145.0 	6.41898e-08 	1.69965e-11 	2
1146.0 	6.40957e-08 	1.68917e-11 	2
1147.0 	6.40041e-08 	1.67834e-11 	2
1148.0 	6.3928e-08 	1.66739e-11 	2
1149.0 	6.38557e-08 	1.65678e-11 	2
1150.0 	6.37927e-08 	1.64806e-11 	2
1151.0 	6.37569e-08 	1.64135e-11 	2
1152.0 	6.37032e-08 	1.63336e-11 	2
1153.0 	6.36444e-08 	1.62492e-11 	2
1154.0 	6.35821e-08 	1.61608e-11 	2
1155.0 	6.35128e-08 	1.60687e-11 	2
1156.0 	6.34382e-08 	1.59753e-11 	2
1157.0 	6.33609e-08 	1.58961e-11 	2
1158.0 	6.32827e-08 	1.58181e-11 	2
1159.0 	6.32095e-08 	1.5808e-11 	2
1160.0 	6.31318e-08 	1.57973e-11 	2
1161.0 	6.30485e-08 	1.57877e-11 	2
1162.0 	6.29627e-08 	1.57829e-11 	2
1163.0 	6.287e-08 	1.57643e-11 	2
1164.0 	6.27741e-08 	1.57572e-11 	2
1165.0 	6.26756e-08 	1.57375e-11 	2
1166.0 	6.25823e-08 	1.5717e-11 	2
1167.0 	6.25035e-08 	1.5706e-11 	2
1168.0 	6.24126e-08 	1.56851e-11 	2
1169.0 	6.23154e-08 	1.56613e-11 	2
1170.0 	6.22209e-08 	1.56325e-11 	2
1171.0 	6.21259e-08 	1.56329e-11 	2
1172.0 	6.20257e-08 	1.56897e-11 	2
1173.0 	6.19382e-08 	1.57492e-11 	2
1174.0 	6.18524e-08 	1.58039e-11 	2
1175.0 	6.1781e-08 	1.58767e-11 	2
1176.0 	6.17029e-08 	1.59466e-11 	2
1177.0 	6.16192e-08 	1.60125e-11 	2
1178.0 	6.15341e-08 	1.60752e-11 	2
1179.0 	6.1462e-08 	1.61363e-11 	2
1180.0 	6.13905e-08 	1.61938e-11 	2
1181.0 	6.13229e-08 	1.62482e-11 	2
1182.0 	6.12575e-08 	1.6299e-11 	2
1183.0 	6.11949e-08 	1.63462e-11 	2
1184.0 	6.11469e-08 	1.63902e-11 	2
1185.0 	6.10945e-08 	1.64306e-11 	2
1186.0 	6.10411e-08 	1.64694e-11 	2
1187.0 	6.09883e-08 	1.65091e-11 	2
1188.0 	6.09281e-08 	1.65573e-11 	2
1189.0 	6.08635e-08 	1.66007e-11 	2
1190.0 	6.08148e-08 	1.66625e-11 	2
1191.0 	6.07496e-08 	1.6718e-11 	2
1192.0 	6.06808e-08 	1.67711e-11 	2
1193.0 	6.06132e-08 	1.68196e-11 	2
1194.0 	6.05434e-08 	1.68631e-11 	2
1195.0 	6.04704e-08 	1.69046e-11 	2
1196.0 	6.03981e-08 	1.69428e-11 	2
1197.0 	6.03219e-08 	1.6977e-11 	2
1198.0 	6.02587e-08 	1.7019e-11 	2
1199.0 	6.01841e-08 	1.70523e-11 	2
1200.0 	6.01004e-08 	1.70875e-11 	2
1201.0 	6.00118e-08 	1.71172e-11 	2
1202.0 	5.99218e-08 	1.71432e-11 	2
1203.0 	5.98304e-08 	1.71672e-11 	2
1204.0 	5.97402e-08 	1.71876e-11 	2
1205.0 	5.96541e-08 	1.72036e-11 	2
1206.0 	5.95721e-08 	1.72336e-11 	2
1207.0 	5.94936e-08 	1.72672e-11 	2
1208.0 	5.94132e-08 	1.72973e-11 	2
1209.0 	5.93409e-08 	1.73228e-11 	2
1210.0 	5.92727e-08 	1.73439e-11 	2
1211.0 	5.92031e-08 	1.73611e-11 	2
1212.0 	5.91381e-08 	1.73736e-11 	2
1213.0 	5.90916e-08 	1.7394e-11 	2
1214.0 	5.90353e-08 	1.73979e-11 	2
1215.0 	5.89911e-08 	1.73963e-11 	2
1216.0 	5.89516e-08 	1.74006e-11 	2
1217.0 	5.89123e-08 	1.73951e-11 	2
1218.0 	5.88687e-08 	1.7379e-11 	2
1219.0 	5.88223e-08 	1.73537e-11 	2
1220.0 	5.87805e-08 	1.73269e-11 	2
1221.0 	5.87559e-08 	1.73126e-11 	2
1222.0 	5.87132e-08 	1.72971e-11 	2
1223.0 	5.86652e-08 	1.7282e-11 	2
1224.0 	5.86206e-08 	1.72635e-11 	2
1225.0 	5.8576e-08 	1.72413e-11 	2
1226.0 	5.85318e-08 	1.72149e-11 	2
