# time 	Initial 	Final 	Iterations
1.0 	0.000130479 	1.03456e-05 	4
2.0 	6.38376e-05 	5.42006e-06 	4
3.0 	5.32776e-05 	4.98346e-06 	4
4.0 	4.66612e-05 	4.33047e-06 	4
5.0 	4.08368e-05 	3.80973e-06 	4
6.0 	3.60627e-05 	3.05227e-06 	4
7.0 	3.26341e-05 	2.44368e-06 	4
8.0 	3.00704e-05 	2.56212e-06 	4
9.0 	2.78162e-05 	2.48848e-06 	4
10.0 	2.55957e-05 	2.01482e-06 	4
11.0 	2.34954e-05 	1.5773e-06 	4
12.0 	2.1695e-05 	2.11134e-06 	3
13.0 	2.01914e-05 	1.488e-06 	4
14.0 	1.89227e-05 	1.52605e-06 	4
15.0 	1.77638e-05 	1.41476e-06 	4
16.0 	1.66468e-05 	1.17275e-06 	4
17.0 	1.56882e-05 	1.50283e-06 	3
18.0 	1.48124e-05 	1.32162e-06 	3
19.0 	1.39839e-05 	1.19371e-06 	3
20.0 	1.32038e-05 	1.08158e-06 	3
21.0 	1.24446e-05 	9.77909e-07 	3
22.0 	1.17307e-05 	8.86256e-07 	3
23.0 	1.10845e-05 	8.22049e-07 	3
24.0 	1.04977e-05 	7.67744e-07 	3
25.0 	9.95054e-06 	7.27226e-07 	3
26.0 	9.43689e-06 	7.04559e-07 	3
27.0 	8.95793e-06 	6.88571e-07 	3
28.0 	8.51054e-06 	6.71651e-07 	3
29.0 	8.12438e-06 	6.53561e-07 	3
30.0 	7.78803e-06 	6.39742e-07 	3
31.0 	7.45819e-06 	6.29222e-07 	3
32.0 	7.15059e-06 	6.22134e-07 	3
33.0 	6.87442e-06 	6.18035e-07 	3
34.0 	6.62849e-06 	6.23286e-07 	3
35.0 	6.42096e-06 	6.30121e-07 	3
36.0 	6.24243e-06 	4.51387e-07 	4
37.0 	6.07833e-06 	4.64393e-07 	4
38.0 	5.94237e-06 	4.81134e-07 	4
39.0 	5.81648e-06 	4.99196e-07 	4
40.0 	5.70411e-06 	5.12399e-07 	4
41.0 	5.60944e-06 	5.29076e-07 	4
42.0 	5.53665e-06 	5.41113e-07 	4
43.0 	5.46938e-06 	2.7212e-07 	5
44.0 	5.40138e-06 	2.9162e-07 	5
45.0 	5.3456e-06 	3.1045e-07 	5
46.0 	5.31527e-06 	3.27618e-07 	5
47.0 	5.28529e-06 	3.42196e-07 	5
48.0 	5.26163e-06 	3.55557e-07 	5
49.0 	5.23146e-06 	5.22772e-07 	4
50.0 	5.20316e-06 	5.19904e-07 	4
51.0 	5.17033e-06 	3.7945e-07 	5
52.0 	5.11863e-06 	3.78885e-07 	5
53.0 	5.06255e-06 	3.74934e-07 	5
54.0 	5.00598e-06 	3.69543e-07 	5
55.0 	4.93306e-06 	3.69884e-07 	5
56.0 	4.8475e-06 	3.80038e-07 	5
57.0 	4.76094e-06 	3.89578e-07 	5
58.0 	4.67613e-06 	3.9935e-07 	5
59.0 	4.60162e-06 	4.10224e-07 	5
60.0 	4.53974e-06 	4.14072e-07 	5
61.0 	4.48778e-06 	4.1731e-07 	5
62.0 	4.4332e-06 	4.19637e-07 	5
63.0 	4.36601e-06 	4.20147e-07 	5
64.0 	4.29282e-06 	4.22306e-07 	5
65.0 	4.22158e-06 	3.20705e-07 	6
66.0 	4.15458e-06 	3.176e-07 	6
67.0 	4.09187e-06 	3.16832e-07 	6
68.0 	4.03094e-06 	3.19249e-07 	6
69.0 	3.97722e-06 	3.2373e-07 	6
70.0 	3.92648e-06 	3.30159e-07 	6
71.0 	3.87616e-06 	3.11331e-07 	6
72.0 	3.83419e-06 	3.76857e-07 	5
73.0 	3.79642e-06 	3.78389e-07 	5
74.0 	3.75991e-06 	3.05043e-07 	6
75.0 	3.7255e-06 	3.70826e-07 	5
76.0 	3.68998e-06 	3.68226e-07 	5
77.0 	3.64998e-06 	3.6222e-07 	5
78.0 	3.61675e-06 	3.57834e-07 	5
79.0 	3.58397e-06 	3.57442e-07 	5
80.0 	3.55275e-06 	3.53061e-07 	5
81.0 	3.53145e-06 	3.52921e-07 	5
82.0 	3.51386e-06 	2.8958e-07 	6
83.0 	3.50607e-06 	3.49852e-07 	5
84.0 	3.50553e-06 	3.50275e-07 	5
85.0 	3.50608e-06 	3.49334e-07 	5
86.0 	3.51016e-06 	2.85909e-07 	6
87.0 	3.51365e-06 	3.51103e-07 	5
88.0 	3.52116e-06 	2.83261e-07 	6
89.0 	3.52976e-06 	2.81228e-07 	6
90.0 	3.538e-06 	2.78373e-07 	6
91.0 	3.55126e-06 	2.7876e-07 	6
92.0 	3.56809e-06 	2.75522e-07 	6
93.0 	3.58868e-06 	2.74609e-07 	6
94.0 	3.61078e-06 	2.75167e-07 	6
95.0 	3.63853e-06 	2.76859e-07 	6
96.0 	3.66732e-06 	2.80191e-07 	6
97.0 	3.70138e-06 	2.80886e-07 	6
98.0 	3.7384e-06 	2.82375e-07 	6
99.0 	3.78053e-06 	2.84727e-07 	6
100.0 	3.82173e-06 	2.89741e-07 	6
101.0 	3.86687e-06 	2.93805e-07 	6
102.0 	3.91255e-06 	3.008e-07 	6
103.0 	3.96334e-06 	3.01988e-07 	6
104.0 	4.01543e-06 	3.10724e-07 	6
105.0 	4.0695e-06 	3.14555e-07 	6
106.0 	4.12291e-06 	3.23254e-07 	6
107.0 	4.18074e-06 	3.30221e-07 	6
108.0 	4.24262e-06 	3.4181e-07 	6
109.0 	4.30448e-06 	3.52816e-07 	6
110.0 	4.36822e-06 	3.63068e-07 	6
111.0 	4.4306e-06 	3.72478e-07 	6
112.0 	4.49681e-06 	3.81355e-07 	6
113.0 	4.56124e-06 	3.90109e-07 	6
114.0 	4.62503e-06 	3.98894e-07 	6
115.0 	4.69037e-06 	4.08024e-07 	6
116.0 	4.75889e-06 	4.17477e-07 	6
117.0 	4.82778e-06 	4.26958e-07 	6
118.0 	4.8941e-06 	4.36587e-07 	6
119.0 	4.96098e-06 	4.46207e-07 	6
120.0 	5.0275e-06 	4.55783e-07 	6
121.0 	5.09096e-06 	4.65228e-07 	6
122.0 	5.15719e-06 	4.74312e-07 	6
123.0 	5.2169e-06 	4.83075e-07 	6
124.0 	5.28115e-06 	4.94327e-07 	6
125.0 	5.34156e-06 	5.05136e-07 	6
126.0 	5.40024e-06 	5.04031e-07 	6
127.0 	5.46244e-06 	5.15003e-07 	6
128.0 	5.5179e-06 	5.20946e-07 	6
129.0 	5.57821e-06 	5.31769e-07 	6
130.0 	5.63503e-06 	5.42691e-07 	6
131.0 	5.68736e-06 	5.43938e-07 	6
132.0 	5.74028e-06 	5.48604e-07 	6
133.0 	5.79134e-06 	5.55538e-07 	6
134.0 	5.84133e-06 	5.62735e-07 	6
135.0 	5.89215e-06 	5.70005e-07 	6
136.0 	5.93379e-06 	5.79864e-07 	6
137.0 	5.97768e-06 	5.90038e-07 	6
138.0 	6.01643e-06 	5.94197e-07 	6
139.0 	6.05633e-06 	6.03035e-07 	6
140.0 	6.09434e-06 	4.81409e-07 	7
141.0 	6.13006e-06 	6.11824e-07 	6
142.0 	6.17024e-06 	6.16976e-07 	6
143.0 	6.20003e-06 	4.88904e-07 	7
144.0 	6.23349e-06 	4.83476e-07 	7
145.0 	6.26518e-06 	4.92521e-07 	7
146.0 	6.28916e-06 	4.87959e-07 	7
147.0 	6.32546e-06 	4.95671e-07 	7
148.0 	6.35674e-06 	4.87976e-07 	7
149.0 	6.38928e-06 	4.96134e-07 	7
150.0 	6.4097e-06 	4.87365e-07 	7
151.0 	6.42201e-06 	4.96813e-07 	7
152.0 	6.43664e-06 	4.85745e-07 	7
153.0 	6.43866e-06 	4.95064e-07 	7
154.0 	6.44802e-06 	6.42333e-07 	6
155.0 	6.44745e-06 	4.93284e-07 	7
156.0 	6.44923e-06 	6.40066e-07 	6
157.0 	6.47234e-06 	6.47071e-07 	6
158.0 	6.48706e-06 	6.4716e-07 	6
159.0 	6.53852e-06 	6.44143e-07 	6
160.0 	6.58737e-06 	6.41873e-07 	6
161.0 	6.62164e-06 	6.40097e-07 	6
162.0 	6.66422e-06 	6.37554e-07 	6
163.0 	6.67353e-06 	6.32358e-07 	6
164.0 	6.66949e-06 	6.24952e-07 	6
165.0 	6.65065e-06 	6.17744e-07 	6
166.0 	6.60826e-06 	6.14964e-07 	6
167.0 	6.56252e-06 	6.05358e-07 	6
168.0 	6.51718e-06 	5.91221e-07 	6
169.0 	6.45475e-06 	5.87989e-07 	6
170.0 	6.40892e-06 	6.0308e-07 	6
171.0 	6.38087e-06 	5.69384e-07 	6
172.0 	6.37622e-06 	5.52827e-07 	6
173.0 	6.40981e-06 	5.55674e-07 	6
174.0 	6.46217e-06 	5.53688e-07 	6
175.0 	6.49731e-06 	5.49629e-07 	6
176.0 	6.54626e-06 	5.44106e-07 	6
177.0 	6.58003e-06 	5.36603e-07 	6
178.0 	6.59422e-06 	5.27828e-07 	6
179.0 	6.58678e-06 	5.18302e-07 	6
180.0 	6.56551e-06 	5.08067e-07 	6
181.0 	6.52698e-06 	4.97659e-07 	6
182.0 	6.46214e-06 	4.87062e-07 	6
183.0 	6.39725e-06 	6.3195e-07 	5
184.0 	6.32113e-06 	6.25227e-07 	5
185.0 	6.24773e-06 	6.18774e-07 	5
186.0 	6.18952e-06 	6.01085e-07 	5
187.0 	6.13634e-06 	5.97958e-07 	5
188.0 	6.11348e-06 	6.01205e-07 	5
189.0 	6.15466e-06 	6.05759e-07 	5
190.0 	6.20308e-06 	6.10715e-07 	5
191.0 	6.26401e-06 	6.14523e-07 	5
192.0 	6.33547e-06 	6.16228e-07 	5
193.0 	6.3962e-06 	6.17326e-07 	5
194.0 	6.45126e-06 	6.18296e-07 	5
195.0 	6.51145e-06 	6.18457e-07 	5
196.0 	6.55734e-06 	6.16293e-07 	5
197.0 	6.60097e-06 	6.13001e-07 	5
198.0 	6.62079e-06 	6.096e-07 	5
199.0 	6.62367e-06 	6.06596e-07 	5
200.0 	6.61756e-06 	6.03885e-07 	5
201.0 	6.59487e-06 	6.004e-07 	5
202.0 	6.53941e-06 	5.95356e-07 	5
203.0 	6.47912e-06 	5.91927e-07 	5
204.0 	6.42013e-06 	5.68408e-07 	5
205.0 	6.35875e-06 	5.70483e-07 	5
206.0 	6.30404e-06 	5.53529e-07 	5
207.0 	6.24571e-06 	5.39412e-07 	5
208.0 	6.21571e-06 	5.28358e-07 	5
209.0 	6.20616e-06 	5.22267e-07 	5
210.0 	6.24534e-06 	5.26835e-07 	5
211.0 	6.2889e-06 	5.1536e-07 	5
212.0 	6.32938e-06 	5.15377e-07 	5
213.0 	6.34132e-06 	5.03557e-07 	5
214.0 	6.3656e-06 	5.0002e-07 	5
215.0 	6.36397e-06 	5.03125e-07 	5
216.0 	6.37366e-06 	4.93997e-07 	5
217.0 	6.38293e-06 	5.02138e-07 	5
218.0 	6.39541e-06 	5.1646e-07 	5
219.0 	6.41644e-06 	5.31701e-07 	5
220.0 	6.43277e-06 	5.46019e-07 	5
221.0 	6.4241e-06 	5.345e-07 	5
222.0 	6.42468e-06 	5.33181e-07 	5
223.0 	6.40915e-06 	5.50697e-07 	5
224.0 	6.37481e-06 	5.61283e-07 	5
225.0 	6.35935e-06 	5.6911e-07 	5
226.0 	6.31819e-06 	5.67e-07 	5
227.0 	6.27646e-06 	5.57489e-07 	5
228.0 	6.23071e-06 	5.41365e-07 	5
229.0 	6.15986e-06 	5.20849e-07 	5
230.0 	6.10414e-06 	4.95023e-07 	5
231.0 	6.04126e-06 	4.7012e-07 	5
232.0 	5.96874e-06 	4.27951e-07 	5
233.0 	5.90474e-06 	4.08833e-07 	5
234.0 	5.81961e-06 	3.91804e-07 	5
235.0 	5.71775e-06 	3.75632e-07 	5
236.0 	5.63497e-06 	3.61244e-07 	5
237.0 	5.54222e-06 	3.38736e-07 	5
238.0 	5.45695e-06 	3.24268e-07 	5
239.0 	5.39693e-06 	5.28029e-07 	4
240.0 	5.34367e-06 	5.14946e-07 	4
241.0 	5.2968e-06 	5.05202e-07 	4
242.0 	5.27676e-06 	4.98632e-07 	4
243.0 	5.24697e-06 	4.99169e-07 	4
244.0 	5.24306e-06 	4.97338e-07 	4
245.0 	5.24e-06 	4.98024e-07 	4
246.0 	5.25027e-06 	5.04997e-07 	4
247.0 	5.25599e-06 	5.1308e-07 	4
248.0 	5.24823e-06 	5.18863e-07 	4
249.0 	5.24927e-06 	5.24335e-07 	4
250.0 	5.2309e-06 	3.11297e-07 	5
251.0 	5.20146e-06 	3.09854e-07 	5
252.0 	5.17988e-06 	3.09151e-07 	5
253.0 	5.14567e-06 	3.02901e-07 	5
254.0 	5.1103e-06 	2.98402e-07 	5
255.0 	5.09235e-06 	2.95925e-07 	5
256.0 	5.06586e-06 	2.954e-07 	5
257.0 	5.04505e-06 	2.9795e-07 	5
258.0 	5.03098e-06 	3.00588e-07 	5
259.0 	5.00388e-06 	3.01886e-07 	5
260.0 	4.99144e-06 	3.03653e-07 	5
261.0 	4.96701e-06 	3.05657e-07 	5
262.0 	4.92901e-06 	3.05601e-07 	5
263.0 	4.89415e-06 	3.09882e-07 	5
264.0 	4.84291e-06 	3.17275e-07 	5
265.0 	4.80166e-06 	3.22759e-07 	5
266.0 	4.77693e-06 	3.29302e-07 	5
267.0 	4.75009e-06 	3.36841e-07 	5
268.0 	4.7242e-06 	3.45354e-07 	5
269.0 	4.69191e-06 	3.50316e-07 	5
270.0 	4.66479e-06 	3.52712e-07 	5
271.0 	4.6315e-06 	3.52887e-07 	5
272.0 	4.57795e-06 	3.48645e-07 	5
273.0 	4.51586e-06 	3.41789e-07 	5
274.0 	4.4527e-06 	3.35074e-07 	5
275.0 	4.38334e-06 	3.30865e-07 	5
276.0 	4.33096e-06 	3.30162e-07 	5
277.0 	4.28851e-06 	3.32587e-07 	5
278.0 	4.25928e-06 	3.35962e-07 	5
279.0 	4.25047e-06 	3.39583e-07 	5
280.0 	4.24041e-06 	3.43893e-07 	5
281.0 	4.22485e-06 	3.49199e-07 	5
282.0 	4.21221e-06 	3.54909e-07 	5
283.0 	4.208e-06 	3.57058e-07 	5
284.0 	4.20216e-06 	3.56984e-07 	5
285.0 	4.18459e-06 	3.56283e-07 	5
286.0 	4.15644e-06 	3.55594e-07 	5
287.0 	4.14117e-06 	3.53654e-07 	5
288.0 	4.11158e-06 	3.49443e-07 	5
289.0 	4.08223e-06 	3.44561e-07 	5
290.0 	4.05333e-06 	3.40119e-07 	5
291.0 	4.01236e-06 	3.36024e-07 	5
292.0 	3.97398e-06 	3.32008e-07 	5
293.0 	3.93109e-06 	3.22086e-07 	5
294.0 	3.88119e-06 	3.13152e-07 	5
295.0 	3.82287e-06 	3.05173e-07 	5
296.0 	3.76507e-06 	2.95973e-07 	5
297.0 	3.70448e-06 	2.87166e-07 	5
298.0 	3.63742e-06 	2.78017e-07 	5
299.0 	3.56669e-06 	2.71306e-07 	5
300.0 	3.49696e-06 	2.66894e-07 	5
301.0 	3.4367e-06 	2.62498e-07 	5
302.0 	3.3784e-06 	2.59242e-07 	5
303.0 	3.32307e-06 	2.57191e-07 	5
304.0 	3.27101e-06 	2.56858e-07 	5
305.0 	3.24131e-06 	2.56265e-07 	5
306.0 	3.22888e-06 	2.58642e-07 	5
307.0 	3.23396e-06 	2.59386e-07 	5
308.0 	3.25576e-06 	2.64838e-07 	5
309.0 	3.30621e-06 	2.66645e-07 	5
310.0 	3.36929e-06 	2.70393e-07 	5
311.0 	3.43071e-06 	2.75759e-07 	5
312.0 	3.50251e-06 	2.83507e-07 	5
313.0 	3.58183e-06 	2.9235e-07 	5
314.0 	3.65829e-06 	3.00227e-07 	5
315.0 	3.72957e-06 	3.08162e-07 	5
316.0 	3.79825e-06 	3.16074e-07 	5
317.0 	3.87582e-06 	3.23378e-07 	5
318.0 	3.95201e-06 	3.29164e-07 	5
319.0 	4.01854e-06 	3.33224e-07 	5
320.0 	4.07614e-06 	3.36631e-07 	5
321.0 	4.11978e-06 	3.39993e-07 	5
322.0 	4.1604e-06 	3.38816e-07 	5
323.0 	4.19684e-06 	3.37944e-07 	5
324.0 	4.22437e-06 	3.33842e-07 	5
325.0 	4.24286e-06 	3.38119e-07 	5
326.0 	4.26318e-06 	3.42806e-07 	5
327.0 	4.27041e-06 	3.42574e-07 	5
328.0 	4.27066e-06 	3.45324e-07 	5
329.0 	4.26309e-06 	3.4257e-07 	5
330.0 	4.2499e-06 	3.43349e-07 	5
331.0 	4.22846e-06 	3.43662e-07 	5
332.0 	4.19777e-06 	3.37235e-07 	5
333.0 	4.1541e-06 	3.35086e-07 	5
334.0 	4.09825e-06 	3.32292e-07 	5
335.0 	4.03715e-06 	3.21626e-07 	5
336.0 	3.97362e-06 	3.16663e-07 	5
337.0 	3.90417e-06 	3.05097e-07 	5
338.0 	3.8252e-06 	2.99259e-07 	5
339.0 	3.7415e-06 	2.86967e-07 	5
340.0 	3.65769e-06 	2.75773e-07 	5
341.0 	3.57729e-06 	2.67792e-07 	5
342.0 	3.50269e-06 	2.57187e-07 	5
343.0 	3.4267e-06 	2.51563e-07 	5
344.0 	3.34847e-06 	2.39493e-07 	5
345.0 	3.27493e-06 	2.36139e-07 	5
346.0 	3.20691e-06 	2.27989e-07 	5
347.0 	3.14377e-06 	2.19421e-07 	5
348.0 	3.08768e-06 	2.14858e-07 	5
349.0 	3.03928e-06 	2.08672e-07 	5
350.0 	2.99926e-06 	2.03913e-07 	5
351.0 	2.96786e-06 	1.98035e-07 	5
352.0 	2.93787e-06 	1.92468e-07 	5
353.0 	2.91373e-06 	1.88239e-07 	5
354.0 	2.8945e-06 	1.86103e-07 	5
355.0 	2.8767e-06 	1.84217e-07 	5
356.0 	2.86759e-06 	1.82775e-07 	5
357.0 	2.85779e-06 	1.81652e-07 	5
358.0 	2.85122e-06 	1.80568e-07 	5
359.0 	2.84338e-06 	1.8001e-07 	5
360.0 	2.83104e-06 	1.79159e-07 	5
361.0 	2.82106e-06 	1.74764e-07 	5
362.0 	2.81295e-06 	1.73403e-07 	5
363.0 	2.80891e-06 	1.71291e-07 	5
364.0 	2.80356e-06 	1.70458e-07 	5
365.0 	2.79776e-06 	1.70352e-07 	5
366.0 	2.79365e-06 	1.69795e-07 	5
367.0 	2.7902e-06 	1.71038e-07 	5
368.0 	2.78736e-06 	1.71896e-07 	5
369.0 	2.78493e-06 	1.74238e-07 	5
370.0 	2.78036e-06 	1.75978e-07 	5
371.0 	2.76761e-06 	1.77252e-07 	5
372.0 	2.75637e-06 	1.77065e-07 	5
373.0 	2.74719e-06 	1.75016e-07 	5
374.0 	2.74101e-06 	1.75019e-07 	5
375.0 	2.73791e-06 	1.75302e-07 	5
376.0 	2.73235e-06 	1.76306e-07 	5
377.0 	2.72485e-06 	1.76706e-07 	5
378.0 	2.72064e-06 	1.79143e-07 	5
379.0 	2.71352e-06 	1.79982e-07 	5
380.0 	2.70509e-06 	1.81304e-07 	5
381.0 	2.69097e-06 	1.82981e-07 	5
382.0 	2.67823e-06 	1.83226e-07 	5
383.0 	2.65821e-06 	1.73259e-07 	5
384.0 	2.63978e-06 	1.70282e-07 	5
385.0 	2.62515e-06 	1.66732e-07 	5
386.0 	2.6103e-06 	1.64077e-07 	5
387.0 	2.59392e-06 	1.63992e-07 	5
388.0 	2.57975e-06 	1.64563e-07 	5
389.0 	2.56078e-06 	1.58532e-07 	5
390.0 	2.54146e-06 	1.52924e-07 	5
391.0 	2.52104e-06 	1.52773e-07 	5
392.0 	2.50041e-06 	1.52913e-07 	5
393.0 	2.48034e-06 	1.5331e-07 	5
394.0 	2.46028e-06 	1.53928e-07 	5
395.0 	2.4392e-06 	1.55011e-07 	5
396.0 	2.41735e-06 	1.56427e-07 	5
397.0 	2.40136e-06 	1.5778e-07 	5
398.0 	2.38491e-06 	1.54433e-07 	5
399.0 	2.36784e-06 	1.55531e-07 	5
400.0 	2.35481e-06 	1.56637e-07 	5
401.0 	2.34207e-06 	1.5748e-07 	5
402.0 	2.33029e-06 	1.58026e-07 	5
403.0 	2.31929e-06 	1.58612e-07 	5
404.0 	2.30739e-06 	1.59196e-07 	5
405.0 	2.29309e-06 	1.59787e-07 	5
406.0 	2.27862e-06 	1.60475e-07 	5
407.0 	2.26491e-06 	1.61507e-07 	5
408.0 	2.2525e-06 	1.6257e-07 	5
409.0 	2.23606e-06 	1.60193e-07 	5
410.0 	2.21974e-06 	1.58148e-07 	5
411.0 	2.20034e-06 	1.5956e-07 	5
412.0 	2.18052e-06 	1.61135e-07 	5
413.0 	2.1635e-06 	1.59327e-07 	5
414.0 	2.15027e-06 	1.60321e-07 	5
415.0 	2.13702e-06 	1.61737e-07 	5
416.0 	2.12464e-06 	1.63512e-07 	5
417.0 	2.10918e-06 	1.65408e-07 	5
418.0 	2.09529e-06 	1.63485e-07 	5
419.0 	2.08714e-06 	1.6551e-07 	5
420.0 	2.08097e-06 	1.68078e-07 	5
421.0 	2.0719e-06 	1.70671e-07 	5
422.0 	2.06316e-06 	1.72933e-07 	5
423.0 	2.05678e-06 	1.7421e-07 	5
424.0 	2.05735e-06 	1.74841e-07 	5
425.0 	2.0605e-06 	1.75945e-07 	5
426.0 	2.05761e-06 	1.78148e-07 	5
427.0 	2.04848e-06 	1.78863e-07 	5
428.0 	2.03786e-06 	1.78314e-07 	5
429.0 	2.02754e-06 	1.7801e-07 	5
430.0 	2.02191e-06 	1.79637e-07 	5
431.0 	2.01905e-06 	1.82312e-07 	5
432.0 	2.02481e-06 	1.86078e-07 	5
433.0 	2.03203e-06 	1.8984e-07 	5
434.0 	2.0406e-06 	1.88656e-07 	5
435.0 	2.03818e-06 	1.84621e-07 	5
436.0 	2.02793e-06 	1.79677e-07 	5
437.0 	2.01197e-06 	1.78364e-07 	5
438.0 	1.99573e-06 	1.75384e-07 	5
439.0 	1.98115e-06 	1.75299e-07 	5
440.0 	1.96526e-06 	1.77143e-07 	5
441.0 	1.95527e-06 	1.78183e-07 	5
442.0 	1.9421e-06 	1.79754e-07 	5
443.0 	1.9349e-06 	1.8096e-07 	5
444.0 	1.93226e-06 	1.80583e-07 	5
445.0 	1.93448e-06 	1.87174e-07 	5
446.0 	1.94107e-06 	1.12915e-07 	6
447.0 	1.94018e-06 	1.13079e-07 	6
448.0 	1.93825e-06 	1.93137e-07 	5
449.0 	1.93062e-06 	1.83275e-07 	5
450.0 	1.92259e-06 	1.76369e-07 	5
451.0 	1.91584e-06 	1.75728e-07 	5
452.0 	1.931e-06 	1.81711e-07 	5
453.0 	1.93468e-06 	1.86651e-07 	5
454.0 	1.91948e-06 	1.81775e-07 	5
455.0 	1.90062e-06 	1.75587e-07 	5
456.0 	1.8899e-06 	1.7529e-07 	5
457.0 	1.88874e-06 	1.74452e-07 	5
458.0 	1.89038e-06 	1.75977e-07 	5
459.0 	1.89256e-06 	1.75227e-07 	5
460.0 	1.89253e-06 	1.75197e-07 	5
461.0 	1.88981e-06 	1.75133e-07 	5
462.0 	1.88462e-06 	1.7528e-07 	5
463.0 	1.87483e-06 	1.75516e-07 	5
464.0 	1.86021e-06 	1.75878e-07 	5
465.0 	1.84255e-06 	1.74042e-07 	5
466.0 	1.82691e-06 	1.74578e-07 	5
467.0 	1.81177e-06 	1.75609e-07 	5
468.0 	1.79721e-06 	1.7459e-07 	5
469.0 	1.78554e-06 	1.75736e-07 	5
470.0 	1.77662e-06 	1.77467e-07 	5
471.0 	1.77047e-06 	1.0182e-07 	6
472.0 	1.77003e-06 	1.01242e-07 	6
473.0 	1.77498e-06 	1.02225e-07 	6
474.0 	1.78563e-06 	1.03937e-07 	6
475.0 	1.79904e-06 	1.02827e-07 	6
476.0 	1.80801e-06 	1.01067e-07 	6
477.0 	1.8117e-06 	9.89462e-08 	6
478.0 	1.81628e-06 	1.77102e-07 	5
479.0 	1.8295e-06 	1.76308e-07 	5
480.0 	1.83332e-06 	1.75488e-07 	5
481.0 	1.82888e-06 	1.76367e-07 	5
482.0 	1.82109e-06 	1.78409e-07 	5
483.0 	1.81443e-06 	1.79512e-07 	5
484.0 	1.81565e-06 	1.03987e-07 	6
485.0 	1.81651e-06 	1.01153e-07 	6
486.0 	1.81757e-06 	1.80418e-07 	5
487.0 	1.81851e-06 	1.7971e-07 	5
488.0 	1.81897e-06 	1.78223e-07 	5
489.0 	1.81921e-06 	1.76141e-07 	5
490.0 	1.81581e-06 	1.70457e-07 	5
491.0 	1.80982e-06 	1.66312e-07 	5
492.0 	1.8028e-06 	1.6498e-07 	5
493.0 	1.79482e-06 	1.64118e-07 	5
494.0 	1.78807e-06 	1.63379e-07 	5
495.0 	1.78082e-06 	1.62716e-07 	5
496.0 	1.7726e-06 	1.61963e-07 	5
497.0 	1.76354e-06 	1.61032e-07 	5
498.0 	1.754e-06 	1.59933e-07 	5
499.0 	1.74423e-06 	1.58678e-07 	5
500.0 	1.73348e-06 	1.57447e-07 	5
501.0 	1.7221e-06 	1.56238e-07 	5
502.0 	1.71066e-06 	1.52864e-07 	5
503.0 	1.69864e-06 	1.51877e-07 	5
504.0 	1.68649e-06 	1.51137e-07 	5
505.0 	1.67495e-06 	1.50426e-07 	5
506.0 	1.66499e-06 	1.49762e-07 	5
507.0 	1.6575e-06 	1.49143e-07 	5
508.0 	1.65212e-06 	1.48565e-07 	5
509.0 	1.64722e-06 	1.45792e-07 	5
510.0 	1.64419e-06 	1.45407e-07 	5
511.0 	1.6418e-06 	1.45261e-07 	5
512.0 	1.63981e-06 	1.44874e-07 	5
513.0 	1.6376e-06 	1.44507e-07 	5
514.0 	1.63553e-06 	1.44034e-07 	5
515.0 	1.63314e-06 	1.43352e-07 	5
516.0 	1.63104e-06 	1.42594e-07 	5
517.0 	1.62874e-06 	1.41777e-07 	5
518.0 	1.62594e-06 	1.4091e-07 	5
519.0 	1.62345e-06 	1.39985e-07 	5
520.0 	1.62108e-06 	1.38978e-07 	5
521.0 	1.61871e-06 	1.38003e-07 	5
522.0 	1.61608e-06 	1.36908e-07 	5
523.0 	1.61358e-06 	1.35813e-07 	5
524.0 	1.61179e-06 	1.34733e-07 	5
525.0 	1.60967e-06 	1.33627e-07 	5
526.0 	1.60771e-06 	1.32573e-07 	5
527.0 	1.60527e-06 	1.31568e-07 	5
528.0 	1.60224e-06 	1.30569e-07 	5
529.0 	1.59835e-06 	1.29596e-07 	5
530.0 	1.59397e-06 	1.28653e-07 	5
531.0 	1.58987e-06 	1.27745e-07 	5
532.0 	1.58591e-06 	1.2687e-07 	5
533.0 	1.58093e-06 	1.25997e-07 	5
534.0 	1.57552e-06 	1.25115e-07 	5
535.0 	1.56951e-06 	1.24259e-07 	5
536.0 	1.56208e-06 	1.23354e-07 	5
537.0 	1.55438e-06 	1.22517e-07 	5
538.0 	1.5459e-06 	1.21829e-07 	5
539.0 	1.53695e-06 	1.21292e-07 	5
540.0 	1.52765e-06 	1.20968e-07 	5
541.0 	1.51846e-06 	1.20639e-07 	5
542.0 	1.50973e-06 	1.20304e-07 	5
543.0 	1.50125e-06 	1.19936e-07 	5
544.0 	1.49222e-06 	1.19547e-07 	5
545.0 	1.48278e-06 	1.19157e-07 	5
546.0 	1.47293e-06 	1.18727e-07 	5
547.0 	1.46271e-06 	1.18322e-07 	5
548.0 	1.45282e-06 	1.17954e-07 	5
549.0 	1.4435e-06 	1.17616e-07 	5
550.0 	1.43465e-06 	1.17358e-07 	5
551.0 	1.42621e-06 	1.17232e-07 	5
552.0 	1.41893e-06 	1.17177e-07 	5
553.0 	1.41286e-06 	1.17181e-07 	5
554.0 	1.40722e-06 	1.17224e-07 	5
555.0 	1.40172e-06 	1.17315e-07 	5
556.0 	1.39655e-06 	1.17458e-07 	5
557.0 	1.39123e-06 	1.17623e-07 	5
558.0 	1.3857e-06 	1.17749e-07 	5
559.0 	1.38028e-06 	1.17918e-07 	5
560.0 	1.37518e-06 	1.18125e-07 	5
561.0 	1.37027e-06 	1.18402e-07 	5
562.0 	1.36605e-06 	1.18715e-07 	5
563.0 	1.36208e-06 	1.19068e-07 	5
564.0 	1.35828e-06 	1.19446e-07 	5
565.0 	1.35477e-06 	1.19864e-07 	5
566.0 	1.35134e-06 	1.20329e-07 	5
567.0 	1.34797e-06 	1.20858e-07 	5
568.0 	1.34461e-06 	1.21433e-07 	5
569.0 	1.34123e-06 	1.21964e-07 	5
570.0 	1.33818e-06 	1.22505e-07 	5
571.0 	1.33576e-06 	1.23038e-07 	5
572.0 	1.33348e-06 	1.23546e-07 	5
573.0 	1.33124e-06 	1.23986e-07 	5
574.0 	1.32871e-06 	1.24452e-07 	5
575.0 	1.32604e-06 	1.24897e-07 	5
576.0 	1.32304e-06 	1.25317e-07 	5
577.0 	1.31977e-06 	1.25706e-07 	5
578.0 	1.3161e-06 	1.26074e-07 	5
579.0 	1.31216e-06 	1.26384e-07 	5
580.0 	1.30799e-06 	1.26583e-07 	5
581.0 	1.30333e-06 	1.268e-07 	5
582.0 	1.2985e-06 	1.26984e-07 	5
583.0 	1.29366e-06 	1.27256e-07 	5
584.0 	1.28886e-06 	1.27409e-07 	5
585.0 	1.28416e-06 	1.27531e-07 	5
586.0 	1.27927e-06 	1.27619e-07 	5
587.0 	1.27447e-06 	7.59322e-08 	6
588.0 	1.26921e-06 	7.55557e-08 	6
589.0 	1.26368e-06 	7.51986e-08 	6
590.0 	1.25814e-06 	7.48953e-08 	6
591.0 	1.25212e-06 	7.47735e-08 	6
592.0 	1.24609e-06 	7.46643e-08 	6
593.0 	1.24024e-06 	7.4612e-08 	6
594.0 	1.23452e-06 	7.45952e-08 	6
595.0 	1.22926e-06 	7.45868e-08 	6
596.0 	1.22408e-06 	7.45721e-08 	6
597.0 	1.21893e-06 	7.45513e-08 	6
598.0 	1.21398e-06 	7.45515e-08 	6
599.0 	1.209e-06 	7.45343e-08 	6
600.0 	1.2037e-06 	7.45226e-08 	6
601.0 	1.19885e-06 	7.44863e-08 	6
602.0 	1.19449e-06 	7.44623e-08 	6
603.0 	1.19086e-06 	7.44446e-08 	6
604.0 	1.18786e-06 	7.44376e-08 	6
605.0 	1.18553e-06 	7.44455e-08 	6
606.0 	1.18319e-06 	7.44609e-08 	6
607.0 	1.18111e-06 	7.44835e-08 	6
608.0 	1.17924e-06 	7.45217e-08 	6
609.0 	1.17722e-06 	7.45633e-08 	6
610.0 	1.17509e-06 	7.46163e-08 	6
611.0 	1.17283e-06 	7.46639e-08 	6
612.0 	1.17078e-06 	7.46987e-08 	6
613.0 	1.16929e-06 	7.4717e-08 	6
614.0 	1.16785e-06 	7.47352e-08 	6
615.0 	1.16612e-06 	7.47511e-08 	6
616.0 	1.16412e-06 	7.47551e-08 	6
617.0 	1.16201e-06 	7.47506e-08 	6
618.0 	1.16034e-06 	7.47407e-08 	6
619.0 	1.15827e-06 	7.47265e-08 	6
620.0 	1.15643e-06 	7.47058e-08 	6
621.0 	1.15459e-06 	7.46714e-08 	6
622.0 	1.1527e-06 	7.46271e-08 	6
623.0 	1.15084e-06 	7.45811e-08 	6
624.0 	1.14893e-06 	7.45212e-08 	6
625.0 	1.14695e-06 	7.44519e-08 	6
626.0 	1.14488e-06 	7.43737e-08 	6
627.0 	1.14264e-06 	7.42811e-08 	6
628.0 	1.14089e-06 	7.41836e-08 	6
629.0 	1.13881e-06 	7.40855e-08 	6
630.0 	1.13681e-06 	7.39741e-08 	6
631.0 	1.13461e-06 	7.38506e-08 	6
632.0 	1.1323e-06 	7.3722e-08 	6
633.0 	1.12984e-06 	7.35982e-08 	6
634.0 	1.12735e-06 	7.34659e-08 	6
635.0 	1.12484e-06 	7.33325e-08 	6
636.0 	1.12228e-06 	7.3191e-08 	6
637.0 	1.1197e-06 	7.30431e-08 	6
638.0 	1.11762e-06 	7.28859e-08 	6
639.0 	1.11519e-06 	7.27419e-08 	6
640.0 	1.11266e-06 	7.25807e-08 	6
641.0 	1.10994e-06 	7.23856e-08 	6
642.0 	1.10704e-06 	7.2208e-08 	6
643.0 	1.10412e-06 	7.20283e-08 	6
644.0 	1.10129e-06 	7.18435e-08 	6
645.0 	1.09859e-06 	7.1652e-08 	6
646.0 	1.09612e-06 	7.14499e-08 	6
647.0 	1.09368e-06 	7.12328e-08 	6
648.0 	1.09191e-06 	7.09995e-08 	6
649.0 	1.09026e-06 	7.07712e-08 	6
650.0 	1.08934e-06 	7.05149e-08 	6
651.0 	1.08867e-06 	7.0235e-08 	6
652.0 	1.088e-06 	6.99376e-08 	6
653.0 	1.08755e-06 	6.962e-08 	6
654.0 	1.08718e-06 	6.93149e-08 	6
655.0 	1.08656e-06 	6.89937e-08 	6
656.0 	1.08598e-06 	6.86552e-08 	6
657.0 	1.0852e-06 	6.83132e-08 	6
658.0 	1.08447e-06 	6.79529e-08 	6
659.0 	1.08445e-06 	6.75866e-08 	6
660.0 	1.08429e-06 	6.72256e-08 	6
661.0 	1.08407e-06 	6.68297e-08 	6
662.0 	1.0836e-06 	6.64085e-08 	6
663.0 	1.08288e-06 	6.59795e-08 	6
664.0 	1.082e-06 	6.5555e-08 	6
665.0 	1.08097e-06 	6.51386e-08 	6
666.0 	1.07984e-06 	6.47223e-08 	6
667.0 	1.07865e-06 	6.4306e-08 	6
668.0 	1.07729e-06 	6.38963e-08 	6
669.0 	1.07575e-06 	6.35044e-08 	6
670.0 	1.0748e-06 	6.31464e-08 	6
671.0 	1.07372e-06 	6.28232e-08 	6
672.0 	1.07219e-06 	6.25015e-08 	6
673.0 	1.07014e-06 	1.06671e-07 	5
674.0 	1.06808e-06 	1.06637e-07 	5
675.0 	1.06597e-06 	1.06597e-07 	5
676.0 	1.06408e-06 	6.25427e-08 	6
677.0 	1.06187e-06 	1.05337e-07 	5
678.0 	1.05997e-06 	1.04932e-07 	5
679.0 	1.05803e-06 	1.04511e-07 	5
680.0 	1.05599e-06 	1.04062e-07 	5
681.0 	1.05469e-06 	1.03577e-07 	5
682.0 	1.05399e-06 	1.03097e-07 	5
683.0 	1.05317e-06 	1.02566e-07 	5
684.0 	1.05209e-06 	1.01995e-07 	5
685.0 	1.05066e-06 	1.01422e-07 	5
686.0 	1.049e-06 	1.0087e-07 	5
687.0 	1.0475e-06 	1.00327e-07 	5
688.0 	1.0458e-06 	9.97951e-08 	5
689.0 	1.044e-06 	9.92561e-08 	5
690.0 	1.04239e-06 	9.8711e-08 	5
691.0 	1.0415e-06 	9.81384e-08 	5
692.0 	1.04061e-06 	9.76148e-08 	5
693.0 	1.03935e-06 	9.70563e-08 	5
694.0 	1.03825e-06 	9.64775e-08 	5
695.0 	1.03789e-06 	9.59151e-08 	5
696.0 	1.03728e-06 	9.53926e-08 	5
697.0 	1.03649e-06 	9.49143e-08 	5
698.0 	1.03563e-06 	9.44653e-08 	5
699.0 	1.03514e-06 	9.404e-08 	5
700.0 	1.03469e-06 	9.3624e-08 	5
701.0 	1.03411e-06 	9.32179e-08 	5
702.0 	1.0335e-06 	9.28092e-08 	5
703.0 	1.03365e-06 	9.24138e-08 	5
704.0 	1.03401e-06 	9.20554e-08 	5
705.0 	1.03418e-06 	9.1691e-08 	5
706.0 	1.03399e-06 	9.13187e-08 	5
707.0 	1.03346e-06 	9.09502e-08 	5
708.0 	1.03282e-06 	9.03286e-08 	5
709.0 	1.03218e-06 	9.00135e-08 	5
710.0 	1.03173e-06 	8.97355e-08 	5
711.0 	1.0313e-06 	8.945e-08 	5
712.0 	1.03064e-06 	8.91689e-08 	5
713.0 	1.03059e-06 	8.88765e-08 	5
714.0 	1.03031e-06 	8.86481e-08 	5
715.0 	1.02941e-06 	8.84683e-08 	5
716.0 	1.028e-06 	8.83886e-08 	5
717.0 	1.02638e-06 	8.83686e-08 	5
718.0 	1.02459e-06 	8.8399e-08 	5
719.0 	1.02283e-06 	8.84944e-08 	5
720.0 	1.02101e-06 	8.86026e-08 	5
721.0 	1.01903e-06 	8.87094e-08 	5
722.0 	1.0169e-06 	8.88194e-08 	5
723.0 	1.01467e-06 	8.89279e-08 	5
724.0 	1.01227e-06 	8.90517e-08 	5
725.0 	1.00982e-06 	8.92123e-08 	5
726.0 	1.00844e-06 	8.94316e-08 	5
727.0 	1.00716e-06 	8.96649e-08 	5
728.0 	1.00552e-06 	8.98493e-08 	5
729.0 	1.00356e-06 	8.9589e-08 	5
730.0 	1.00123e-06 	8.97015e-08 	5
731.0 	9.98891e-07 	8.99316e-08 	5
732.0 	9.96884e-07 	9.01598e-08 	5
733.0 	9.95233e-07 	9.03624e-08 	5
734.0 	9.93856e-07 	9.05408e-08 	5
735.0 	9.93699e-07 	9.06941e-08 	5
736.0 	9.9405e-07 	9.09482e-08 	5
737.0 	9.94062e-07 	9.14198e-08 	5
738.0 	9.93472e-07 	9.16343e-08 	5
739.0 	9.92741e-07 	9.18393e-08 	5
740.0 	9.91808e-07 	9.20615e-08 	5
741.0 	9.90935e-07 	9.22808e-08 	5
742.0 	9.90223e-07 	9.24816e-08 	5
743.0 	9.89585e-07 	9.26629e-08 	5
744.0 	9.89142e-07 	9.28217e-08 	5
745.0 	9.88789e-07 	9.29552e-08 	5
746.0 	9.88327e-07 	9.30697e-08 	5
747.0 	9.87739e-07 	9.31909e-08 	5
748.0 	9.87152e-07 	9.33086e-08 	5
749.0 	9.87496e-07 	9.35055e-08 	5
750.0 	9.87853e-07 	9.36978e-08 	5
751.0 	9.87582e-07 	9.38237e-08 	5
752.0 	9.86627e-07 	9.39234e-08 	5
753.0 	9.8512e-07 	9.40258e-08 	5
754.0 	9.83417e-07 	9.41558e-08 	5
755.0 	9.81746e-07 	9.43049e-08 	5
756.0 	9.80116e-07 	9.44414e-08 	5
757.0 	9.78315e-07 	9.45569e-08 	5
758.0 	9.77263e-07 	9.46437e-08 	5
759.0 	9.7601e-07 	9.47819e-08 	5
760.0 	9.74243e-07 	9.48724e-08 	5
761.0 	9.72024e-07 	9.47977e-08 	5
762.0 	9.69589e-07 	9.48221e-08 	5
763.0 	9.66976e-07 	9.48513e-08 	5
764.0 	9.64446e-07 	9.48819e-08 	5
765.0 	9.61904e-07 	9.48955e-08 	5
766.0 	9.59234e-07 	9.48824e-08 	5
767.0 	9.56381e-07 	9.48376e-08 	5
768.0 	9.53481e-07 	9.47794e-08 	5
769.0 	9.50462e-07 	9.47128e-08 	5
770.0 	9.48228e-07 	9.46938e-08 	5
771.0 	9.46142e-07 	5.44564e-08 	6
772.0 	9.43264e-07 	5.43329e-08 	6
773.0 	9.39984e-07 	9.39809e-08 	5
774.0 	9.36781e-07 	5.42609e-08 	6
775.0 	9.33928e-07 	5.4231e-08 	6
776.0 	9.31611e-07 	5.42344e-08 	6
777.0 	9.29385e-07 	5.42666e-08 	6
778.0 	9.27302e-07 	5.43177e-08 	6
779.0 	9.26147e-07 	5.43885e-08 	6
780.0 	9.25374e-07 	5.45047e-08 	6
781.0 	9.24671e-07 	5.45891e-08 	6
782.0 	9.23648e-07 	5.4628e-08 	6
783.0 	9.2234e-07 	5.46422e-08 	6
784.0 	9.20819e-07 	5.46541e-08 	6
785.0 	9.19336e-07 	5.4672e-08 	6
786.0 	9.18222e-07 	5.46806e-08 	6
787.0 	9.17258e-07 	5.46759e-08 	6
788.0 	9.16332e-07 	5.46737e-08 	6
789.0 	9.15392e-07 	5.4703e-08 	6
790.0 	9.14333e-07 	5.47162e-08 	6
791.0 	9.13929e-07 	5.47989e-08 	6
792.0 	9.1388e-07 	5.48657e-08 	6
793.0 	9.13407e-07 	5.48769e-08 	6
794.0 	9.12421e-07 	5.48779e-08 	6
795.0 	9.11025e-07 	5.48523e-08 	6
796.0 	9.09405e-07 	5.48395e-08 	6
797.0 	9.07753e-07 	5.4779e-08 	6
798.0 	9.06045e-07 	5.47577e-08 	6
799.0 	9.04299e-07 	5.47195e-08 	6
800.0 	9.03275e-07 	5.46777e-08 	6
801.0 	9.01928e-07 	5.47014e-08 	6
802.0 	8.99967e-07 	5.46409e-08 	6
803.0 	8.9753e-07 	5.45752e-08 	6
804.0 	8.94813e-07 	5.44214e-08 	6
805.0 	8.92162e-07 	5.43111e-08 	6
806.0 	8.89576e-07 	5.42023e-08 	6
807.0 	8.87197e-07 	5.40859e-08 	6
808.0 	8.84887e-07 	5.39532e-08 	6
809.0 	8.82541e-07 	5.38062e-08 	6
810.0 	8.80041e-07 	5.36493e-08 	6
811.0 	8.77404e-07 	5.34848e-08 	6
812.0 	8.75281e-07 	5.33732e-08 	6
813.0 	8.73337e-07 	5.32462e-08 	6
814.0 	8.70928e-07 	5.30778e-08 	6
815.0 	8.68149e-07 	5.28753e-08 	6
816.0 	8.65019e-07 	5.26662e-08 	6
817.0 	8.61743e-07 	5.24654e-08 	6
818.0 	8.5832e-07 	5.22605e-08 	6
819.0 	8.5508e-07 	5.20699e-08 	6
820.0 	8.52073e-07 	5.19462e-08 	6
821.0 	8.4978e-07 	5.19054e-08 	6
822.0 	8.47397e-07 	5.1944e-08 	6
823.0 	8.44838e-07 	5.1993e-08 	6
824.0 	8.42248e-07 	5.19697e-08 	6
825.0 	8.39983e-07 	5.19641e-08 	6
826.0 	8.38137e-07 	5.19371e-08 	6
827.0 	8.36654e-07 	5.18895e-08 	6
828.0 	8.35338e-07 	5.18137e-08 	6
829.0 	8.33954e-07 	5.16673e-08 	6
830.0 	8.32609e-07 	5.155e-08 	6
831.0 	8.31167e-07 	5.14197e-08 	6
832.0 	8.30229e-07 	5.1325e-08 	6
833.0 	8.29569e-07 	5.12238e-08 	6
834.0 	8.28577e-07 	5.11005e-08 	6
835.0 	8.27278e-07 	5.09597e-08 	6
836.0 	8.26015e-07 	5.08127e-08 	6
837.0 	8.2495e-07 	5.06699e-08 	6
838.0 	8.24093e-07 	5.05268e-08 	6
839.0 	8.2332e-07 	5.03797e-08 	6
840.0 	8.2254e-07 	5.02227e-08 	6
841.0 	8.22331e-07 	5.00529e-08 	6
842.0 	8.21936e-07 	4.9915e-08 	6
843.0 	8.21103e-07 	4.97624e-08 	6
844.0 	8.20002e-07 	4.95928e-08 	6
845.0 	8.18712e-07 	4.94227e-08 	6
846.0 	8.17324e-07 	4.9252e-08 	6
847.0 	8.15944e-07 	4.90942e-08 	6
848.0 	8.14622e-07 	4.89657e-08 	6
849.0 	8.13371e-07 	4.88306e-08 	6
850.0 	8.12072e-07 	4.86901e-08 	6
851.0 	8.10669e-07 	4.85487e-08 	6
852.0 	8.09162e-07 	4.84099e-08 	6
853.0 	8.07928e-07 	4.83073e-08 	6
854.0 	8.06808e-07 	4.82836e-08 	6
855.0 	8.05274e-07 	4.814e-08 	6
856.0 	8.03314e-07 	4.797e-08 	6
857.0 	8.01156e-07 	4.77896e-08 	6
858.0 	7.98972e-07 	4.76111e-08 	6
859.0 	7.96813e-07 	4.74483e-08 	6
860.0 	7.94779e-07 	4.72487e-08 	6
861.0 	7.92865e-07 	4.70378e-08 	6
862.0 	7.91636e-07 	4.68301e-08 	6
863.0 	7.90445e-07 	4.6632e-08 	6
864.0 	7.88855e-07 	4.64212e-08 	6
865.0 	7.86887e-07 	4.61958e-08 	6
866.0 	7.84894e-07 	4.59611e-08 	6
867.0 	7.82864e-07 	4.5724e-08 	6
868.0 	7.81062e-07 	4.54887e-08 	6
869.0 	7.80193e-07 	4.52486e-08 	6
870.0 	7.79379e-07 	4.50002e-08 	6
871.0 	7.78868e-07 	7.76772e-08 	5
872.0 	7.78831e-07 	7.77612e-08 	5
873.0 	7.79117e-07 	7.78784e-08 	5
874.0 	7.79414e-07 	7.79155e-08 	5
875.0 	7.79578e-07 	7.78246e-08 	5
876.0 	7.79372e-07 	7.76351e-08 	5
877.0 	7.79009e-07 	7.73848e-08 	5
878.0 	7.78726e-07 	7.71127e-08 	5
879.0 	7.78494e-07 	7.68343e-08 	5
880.0 	7.78448e-07 	7.65658e-08 	5
881.0 	7.78802e-07 	7.63155e-08 	5
882.0 	7.79805e-07 	7.60983e-08 	5
883.0 	7.8075e-07 	7.57961e-08 	5
884.0 	7.81455e-07 	7.5601e-08 	5
885.0 	7.81904e-07 	7.53967e-08 	5
886.0 	7.82079e-07 	7.51843e-08 	5
887.0 	7.82063e-07 	7.497e-08 	5
888.0 	7.82146e-07 	7.47497e-08 	5
889.0 	7.8228e-07 	7.45199e-08 	5
890.0 	7.82336e-07 	7.42806e-08 	5
891.0 	7.82286e-07 	7.40409e-08 	5
892.0 	7.82023e-07 	7.38097e-08 	5
893.0 	7.82006e-07 	7.36285e-08 	5
894.0 	7.82087e-07 	7.34617e-08 	5
895.0 	7.81798e-07 	7.32833e-08 	5
896.0 	7.81164e-07 	7.30984e-08 	5
897.0 	7.80246e-07 	7.29219e-08 	5
898.0 	7.79308e-07 	7.27575e-08 	5
899.0 	7.78344e-07 	7.26139e-08 	5
900.0 	7.77451e-07 	7.25265e-08 	5
901.0 	7.76415e-07 	7.24967e-08 	5
902.0 	7.75715e-07 	7.25153e-08 	5
903.0 	7.74887e-07 	7.25662e-08 	5
904.0 	7.73918e-07 	7.2603e-08 	5
905.0 	7.72765e-07 	7.26383e-08 	5
906.0 	7.71411e-07 	7.26878e-08 	5
907.0 	7.70035e-07 	7.27546e-08 	5
908.0 	7.68615e-07 	7.28325e-08 	5
909.0 	7.67394e-07 	7.29178e-08 	5
910.0 	7.66636e-07 	7.29971e-08 	5
911.0 	7.66137e-07 	7.30794e-08 	5
912.0 	7.65671e-07 	7.31703e-08 	5
913.0 	7.65445e-07 	7.32917e-08 	5
914.0 	7.65396e-07 	7.34117e-08 	5
915.0 	7.65274e-07 	7.35101e-08 	5
916.0 	7.64953e-07 	7.35896e-08 	5
917.0 	7.64419e-07 	7.36604e-08 	5
918.0 	7.63807e-07 	7.37346e-08 	5
919.0 	7.63453e-07 	7.38075e-08 	5
920.0 	7.63236e-07 	7.38678e-08 	5
921.0 	7.63166e-07 	7.39193e-08 	5
922.0 	7.63562e-07 	7.39661e-08 	5
923.0 	7.63936e-07 	7.40274e-08 	5
924.0 	7.64066e-07 	7.40736e-08 	5
925.0 	7.63855e-07 	7.40998e-08 	5
926.0 	7.63658e-07 	7.41149e-08 	5
927.0 	7.63514e-07 	7.41214e-08 	5
928.0 	7.63391e-07 	7.41285e-08 	5
929.0 	7.63291e-07 	7.41301e-08 	5
930.0 	7.63246e-07 	7.41355e-08 	5
931.0 	7.63306e-07 	7.41501e-08 	5
932.0 	7.6336e-07 	7.41778e-08 	5
933.0 	7.63501e-07 	7.40136e-08 	5
934.0 	7.63547e-07 	7.41144e-08 	5
935.0 	7.63389e-07 	7.42165e-08 	5
936.0 	7.63035e-07 	7.40507e-08 	5
937.0 	7.62416e-07 	7.40654e-08 	5
938.0 	7.61668e-07 	7.41492e-08 	5
939.0 	7.60817e-07 	7.42322e-08 	5
940.0 	7.59835e-07 	7.42907e-08 	5
941.0 	7.58707e-07 	7.43423e-08 	5
942.0 	7.57882e-07 	7.43997e-08 	5
943.0 	7.56919e-07 	7.44827e-08 	5
944.0 	7.55671e-07 	7.4563e-08 	5
945.0 	7.54324e-07 	7.46317e-08 	5
946.0 	7.52904e-07 	7.46999e-08 	5
947.0 	7.51522e-07 	7.47663e-08 	5
948.0 	7.50374e-07 	7.48323e-08 	5
949.0 	7.49347e-07 	7.48852e-08 	5
950.0 	7.48657e-07 	4.15877e-08 	6
951.0 	7.47817e-07 	4.14332e-08 	6
952.0 	7.46938e-07 	4.1296e-08 	6
953.0 	7.46319e-07 	7.45865e-08 	5
954.0 	7.45766e-07 	4.13323e-08 	6
955.0 	7.4483e-07 	4.13516e-08 	6
956.0 	7.43655e-07 	4.1478e-08 	6
957.0 	7.42337e-07 	4.15076e-08 	6
958.0 	7.41017e-07 	4.1551e-08 	6
959.0 	7.39664e-07 	4.16029e-08 	6
960.0 	7.38472e-07 	4.16537e-08 	6
961.0 	7.37558e-07 	4.16959e-08 	6
962.0 	7.37135e-07 	4.17234e-08 	6
963.0 	7.36808e-07 	4.17596e-08 	6
964.0 	7.36634e-07 	4.17827e-08 	6
965.0 	7.36439e-07 	4.17881e-08 	6
966.0 	7.3626e-07 	4.1685e-08 	6
967.0 	7.36006e-07 	4.16785e-08 	6
968.0 	7.35741e-07 	4.16751e-08 	6
969.0 	7.35418e-07 	4.16713e-08 	6
970.0 	7.35054e-07 	4.17478e-08 	6
971.0 	7.34611e-07 	7.34319e-08 	5
972.0 	7.34271e-07 	4.19312e-08 	6
973.0 	7.33954e-07 	7.33941e-08 	5
974.0 	7.33773e-07 	4.20408e-08 	6
975.0 	7.33233e-07 	7.32223e-08 	5
976.0 	7.32686e-07 	7.31732e-08 	5
977.0 	7.32145e-07 	7.31167e-08 	5
978.0 	7.31484e-07 	7.30425e-08 	5
979.0 	7.30796e-07 	7.29368e-08 	5
980.0 	7.30025e-07 	7.27975e-08 	5
981.0 	7.29278e-07 	7.26381e-08 	5
982.0 	7.28713e-07 	7.24562e-08 	5
983.0 	7.27962e-07 	7.22911e-08 	5
984.0 	7.26977e-07 	7.21242e-08 	5
985.0 	7.25775e-07 	7.19566e-08 	5
986.0 	7.24535e-07 	7.18015e-08 	5
987.0 	7.23439e-07 	7.16492e-08 	5
988.0 	7.22411e-07 	7.14913e-08 	5
989.0 	7.21577e-07 	7.13238e-08 	5
990.0 	7.20639e-07 	7.13325e-08 	5
991.0 	7.19557e-07 	7.11771e-08 	5
992.0 	7.18397e-07 	7.09801e-08 	5
993.0 	7.1737e-07 	7.07706e-08 	5
994.0 	7.16397e-07 	7.05714e-08 	5
995.0 	7.1523e-07 	7.03629e-08 	5
996.0 	7.13814e-07 	7.01422e-08 	5
997.0 	7.12263e-07 	6.99214e-08 	5
998.0 	7.10673e-07 	6.97048e-08 	5
999.0 	7.09107e-07 	6.94979e-08 	5
1000.0 	7.07642e-07 	6.93096e-08 	5
1001.0 	7.06212e-07 	6.91412e-08 	5
1002.0 	7.05068e-07 	6.89884e-08 	5
1003.0 	7.03807e-07 	6.88774e-08 	5
1004.0 	7.02307e-07 	6.87708e-08 	5
1005.0 	7.00676e-07 	6.86708e-08 	5
1006.0 	6.99051e-07 	6.85774e-08 	5
1007.0 	6.97546e-07 	6.8486e-08 	5
1008.0 	6.96427e-07 	6.83899e-08 	5
1009.0 	6.95273e-07 	6.82881e-08 	5
1010.0 	6.94223e-07 	6.81846e-08 	5
1011.0 	6.9309e-07 	6.80736e-08 	5
1012.0 	6.91963e-07 	6.79518e-08 	5
1013.0 	6.91042e-07 	6.78208e-08 	5
1014.0 	6.90046e-07 	6.77119e-08 	5
1015.0 	6.88858e-07 	6.7617e-08 	5
1016.0 	6.87642e-07 	6.75297e-08 	5
1017.0 	6.86353e-07 	6.74922e-08 	5
1018.0 	6.85101e-07 	6.74952e-08 	5
1019.0 	6.83938e-07 	6.75191e-08 	5
1020.0 	6.83008e-07 	6.75447e-08 	5
1021.0 	6.82148e-07 	6.75525e-08 	5
1022.0 	6.81491e-07 	6.752e-08 	5
1023.0 	6.80805e-07 	6.74693e-08 	5
1024.0 	6.80069e-07 	6.73578e-08 	5
1025.0 	6.79197e-07 	6.72485e-08 	5
1026.0 	6.78263e-07 	6.71147e-08 	5
1027.0 	6.77338e-07 	6.69583e-08 	5
1028.0 	6.76381e-07 	6.67828e-08 	5
1029.0 	6.75461e-07 	6.65881e-08 	5
1030.0 	6.74499e-07 	6.6381e-08 	5
1031.0 	6.73399e-07 	6.61753e-08 	5
1032.0 	6.72225e-07 	6.59797e-08 	5
1033.0 	6.71216e-07 	6.57917e-08 	5
1034.0 	6.70169e-07 	6.56354e-08 	5
1035.0 	6.69e-07 	6.54754e-08 	5
1036.0 	6.67753e-07 	6.53046e-08 	5
1037.0 	6.66393e-07 	6.51254e-08 	5
1038.0 	6.64991e-07 	6.49467e-08 	5
1039.0 	6.63538e-07 	6.47653e-08 	5
1040.0 	6.62006e-07 	6.45788e-08 	5
1041.0 	6.60526e-07 	6.43856e-08 	5
1042.0 	6.5936e-07 	6.41791e-08 	5
1043.0 	6.58207e-07 	6.39838e-08 	5
1044.0 	6.56908e-07 	6.37856e-08 	5
1045.0 	6.5541e-07 	6.35853e-08 	5
1046.0 	6.53775e-07 	6.33912e-08 	5
1047.0 	6.52035e-07 	6.32003e-08 	5
1048.0 	6.50291e-07 	6.30108e-08 	5
1049.0 	6.48711e-07 	6.28305e-08 	5
1050.0 	6.47683e-07 	6.26554e-08 	5
1051.0 	6.46782e-07 	6.2483e-08 	5
1052.0 	6.45813e-07 	6.23139e-08 	5
1053.0 	6.4506e-07 	6.21353e-08 	5
1054.0 	6.44384e-07 	6.19671e-08 	5
1055.0 	6.43551e-07 	6.17665e-08 	5
1056.0 	6.42593e-07 	6.15974e-08 	5
1057.0 	6.41565e-07 	6.14307e-08 	5
1058.0 	6.40463e-07 	6.12693e-08 	5
1059.0 	6.39426e-07 	6.11154e-08 	5
1060.0 	6.3852e-07 	6.09642e-08 	5
1061.0 	6.37807e-07 	6.08157e-08 	5
1062.0 	6.37546e-07 	6.06642e-08 	5
1063.0 	6.37266e-07 	6.05364e-08 	5
1064.0 	6.36815e-07 	6.04104e-08 	5
1065.0 	6.36238e-07 	6.02877e-08 	5
1066.0 	6.35575e-07 	6.01676e-08 	5
1067.0 	6.34981e-07 	6.0047e-08 	5
1068.0 	6.34511e-07 	5.99331e-08 	5
1069.0 	6.34016e-07 	5.98191e-08 	5
1070.0 	6.3352e-07 	5.97055e-08 	5
1071.0 	6.33005e-07 	5.95885e-08 	5
1072.0 	6.32423e-07 	5.94723e-08 	5
1073.0 	6.31981e-07 	5.93519e-08 	5
1074.0 	6.31493e-07 	5.92433e-08 	5
1075.0 	6.30889e-07 	5.91404e-08 	5
1076.0 	6.30143e-07 	5.90479e-08 	5
1077.0 	6.29388e-07 	5.89715e-08 	5
1078.0 	6.28632e-07 	5.89053e-08 	5
1079.0 	6.27905e-07 	5.88433e-08 	5
1080.0 	6.2711e-07 	5.87863e-08 	5
1081.0 	6.26305e-07 	5.87362e-08 	5
1082.0 	6.25672e-07 	5.86806e-08 	5
1083.0 	6.25076e-07 	5.86401e-08 	5
1084.0 	6.24338e-07 	5.86097e-08 	5
1085.0 	6.23459e-07 	5.8579e-08 	5
1086.0 	6.225e-07 	5.85551e-08 	5
1087.0 	6.21442e-07 	5.85392e-08 	5
1088.0 	6.20364e-07 	5.85468e-08 	5
1089.0 	6.19433e-07 	5.85965e-08 	5
1090.0 	6.18794e-07 	5.86432e-08 	5
1091.0 	6.18322e-07 	5.87217e-08 	5
1092.0 	6.17983e-07 	5.88086e-08 	5
1093.0 	6.17621e-07 	5.89104e-08 	5
1094.0 	6.17342e-07 	5.902e-08 	5
1095.0 	6.17048e-07 	5.91406e-08 	5
1096.0 	6.16749e-07 	5.92631e-08 	5
1097.0 	6.16374e-07 	5.93832e-08 	5
1098.0 	6.15885e-07 	5.95025e-08 	5
1099.0 	6.15422e-07 	5.96207e-08 	5
1100.0 	6.15002e-07 	5.97377e-08 	5
1101.0 	6.14556e-07 	5.98543e-08 	5
1102.0 	6.14362e-07 	5.99584e-08 	5
1103.0 	6.14133e-07 	6.00716e-08 	5
1104.0 	6.14019e-07 	6.01826e-08 	5
1105.0 	6.13872e-07 	6.02865e-08 	5
1106.0 	6.13753e-07 	6.03818e-08 	5
1107.0 	6.13718e-07 	6.04718e-08 	5
1108.0 	6.13689e-07 	6.04828e-08 	5
1109.0 	6.13645e-07 	6.0561e-08 	5
1110.0 	6.13583e-07 	6.0634e-08 	5
1111.0 	6.13481e-07 	6.06978e-08 	5
1112.0 	6.13333e-07 	6.07536e-08 	5
1113.0 	6.13127e-07 	6.08105e-08 	5
1114.0 	6.12919e-07 	6.08677e-08 	5
1115.0 	6.12704e-07 	6.09288e-08 	5
1116.0 	6.12497e-07 	6.09927e-08 	5
1117.0 	6.12222e-07 	6.10701e-08 	5
1118.0 	6.11875e-07 	6.11563e-08 	5
1119.0 	6.11765e-07 	3.49095e-08 	6
1120.0 	6.11562e-07 	6.11164e-08 	5
1121.0 	6.11323e-07 	3.47056e-08 	6
1122.0 	6.10766e-07 	3.4526e-08 	6
1123.0 	6.10023e-07 	3.43704e-08 	6
1124.0 	6.09301e-07 	3.42537e-08 	6
1125.0 	6.08605e-07 	3.41772e-08 	6
1126.0 	6.07971e-07 	3.41329e-08 	6
1127.0 	6.07554e-07 	3.41102e-08 	6
1128.0 	6.07199e-07 	3.41046e-08 	6
1129.0 	6.06951e-07 	3.41018e-08 	6
1130.0 	6.06847e-07 	3.40932e-08 	6
1131.0 	6.06638e-07 	3.40734e-08 	6
1132.0 	6.06356e-07 	3.40432e-08 	6
1133.0 	6.06034e-07 	3.4019e-08 	6
1134.0 	6.05695e-07 	3.39797e-08 	6
1135.0 	6.05287e-07 	3.39393e-08 	6
1136.0 	6.04782e-07 	3.38973e-08 	6
1137.0 	6.04185e-07 	3.38555e-08 	6
1138.0 	6.03595e-07 	3.3643e-08 	6
1139.0 	6.02978e-07 	3.36047e-08 	6
1140.0 	6.02397e-07 	3.35968e-08 	6
1141.0 	6.01816e-07 	3.35723e-08 	6
1142.0 	6.01297e-07 	3.35333e-08 	6
1143.0 	6.00947e-07 	3.34947e-08 	6
1144.0 	6.00461e-07 	3.3457e-08 	6
1145.0 	5.99738e-07 	3.34189e-08 	6
1146.0 	5.98805e-07 	3.33828e-08 	6
1147.0 	5.97775e-07 	3.33463e-08 	6
1148.0 	5.96667e-07 	3.33061e-08 	6
1149.0 	5.95623e-07 	3.3261e-08 	6
1150.0 	5.94629e-07 	3.32105e-08 	6
1151.0 	5.93951e-07 	3.31542e-08 	6
1152.0 	5.93189e-07 	3.3099e-08 	6
1153.0 	5.9226e-07 	3.30436e-08 	6
1154.0 	5.91271e-07 	3.29838e-08 	6
1155.0 	5.90243e-07 	3.29143e-08 	6
1156.0 	5.89406e-07 	3.28398e-08 	6
1157.0 	5.88774e-07 	3.27587e-08 	6
1158.0 	5.88153e-07 	3.2685e-08 	6
1159.0 	5.8754e-07 	3.26174e-08 	6
1160.0 	5.86912e-07 	3.25417e-08 	6
1161.0 	5.86397e-07 	3.24608e-08 	6
1162.0 	5.85921e-07 	5.85587e-08 	5
1163.0 	5.85673e-07 	3.24104e-08 	6
1164.0 	5.854e-07 	5.84496e-08 	5
1165.0 	5.85292e-07 	5.84307e-08 	5
1166.0 	5.85276e-07 	5.83849e-08 	5
1167.0 	5.8551e-07 	5.83128e-08 	5
1168.0 	5.85806e-07 	5.82045e-08 	5
1169.0 	5.85984e-07 	5.80553e-08 	5
1170.0 	5.86001e-07 	5.78693e-08 	5
1171.0 	5.85817e-07 	5.76722e-08 	5
1172.0 	5.85505e-07 	5.74804e-08 	5
1173.0 	5.85098e-07 	5.72988e-08 	5
1174.0 	5.84723e-07 	5.71713e-08 	5
1175.0 	5.84606e-07 	5.69939e-08 	5
1176.0 	5.84326e-07 	5.68187e-08 	5
1177.0 	5.83884e-07 	5.65506e-08 	5
1178.0 	5.83401e-07 	5.63765e-08 	5
1179.0 	5.82855e-07 	5.62073e-08 	5
1180.0 	5.82262e-07 	5.60393e-08 	5
1181.0 	5.81665e-07 	5.58709e-08 	5
1182.0 	5.81077e-07 	5.57211e-08 	5
1183.0 	5.80543e-07 	5.55892e-08 	5
1184.0 	5.79985e-07 	5.54898e-08 	5
1185.0 	5.79442e-07 	5.53809e-08 	5
1186.0 	5.78768e-07 	5.528e-08 	5
1187.0 	5.78004e-07 	5.52e-08 	5
1188.0 	5.77207e-07 	5.51428e-08 	5
1189.0 	5.76302e-07 	5.50971e-08 	5
1190.0 	5.75433e-07 	5.50625e-08 	5
1191.0 	5.7457e-07 	5.50157e-08 	5
1192.0 	5.73669e-07 	5.50189e-08 	5
1193.0 	5.72851e-07 	5.49601e-08 	5
1194.0 	5.72033e-07 	5.49029e-08 	5
1195.0 	5.71247e-07 	5.48394e-08 	5
1196.0 	5.70482e-07 	5.47654e-08 	5
1197.0 	5.69704e-07 	5.46852e-08 	5
1198.0 	5.68927e-07 	5.46079e-08 	5
1199.0 	5.68017e-07 	5.45256e-08 	5
1200.0 	5.67085e-07 	5.4437e-08 	5
1201.0 	5.66191e-07 	5.43449e-08 	5
1202.0 	5.65581e-07 	5.42405e-08 	5
1203.0 	5.65122e-07 	5.41248e-08 	5
1204.0 	5.64881e-07 	5.40006e-08 	5
1205.0 	5.64771e-07 	5.38678e-08 	5
1206.0 	5.6468e-07 	5.3729e-08 	5
1207.0 	5.64496e-07 	5.35895e-08 	5
1208.0 	5.64197e-07 	5.34269e-08 	5
1209.0 	5.63799e-07 	5.32859e-08 	5
1210.0 	5.63298e-07 	5.31434e-08 	5
1211.0 	5.62713e-07 	5.29975e-08 	5
1212.0 	5.62077e-07 	5.28291e-08 	5
1213.0 	5.61492e-07 	5.26866e-08 	5
1214.0 	5.60935e-07 	5.25352e-08 	5
1215.0 	5.60341e-07 	5.23757e-08 	5
1216.0 	5.59704e-07 	5.21996e-08 	5
1217.0 	5.59041e-07 	5.20416e-08 	5
1218.0 	5.58359e-07 	5.19221e-08 	5
1219.0 	5.57689e-07 	5.18523e-08 	5
1220.0 	5.56937e-07 	5.18348e-08 	5
1221.0 	5.56189e-07 	5.18506e-08 	5
1222.0 	5.55326e-07 	5.18773e-08 	5
1223.0 	5.54321e-07 	5.19044e-08 	5
1224.0 	5.53168e-07 	5.19259e-08 	5
1225.0 	5.52011e-07 	5.19284e-08 	5
1226.0 	5.50803e-07 	5.19099e-08 	5
