# time 	Initial 	Final 	Iterations
1.0 	5.40703e-06 	1.59622e-11 	3
2.0 	5.16736e-06 	1.362e-11 	3
3.0 	4.93461e-06 	1.2015e-11 	3
4.0 	4.71157e-06 	9.97312e-11 	3
5.0 	4.49553e-06 	9.57522e-11 	3
6.0 	4.28713e-06 	9.25817e-11 	3
7.0 	4.0863e-06 	9.01324e-11 	3
8.0 	3.89242e-06 	8.85164e-11 	3
9.0 	3.70521e-06 	8.76959e-11 	3
10.0 	3.52377e-06 	8.80625e-11 	3
11.0 	3.34691e-06 	9.11569e-11 	3
12.0 	3.17471e-06 	9.52149e-11 	3
13.0 	3.00842e-06 	1.31118e-11 	3
14.0 	2.85068e-06 	1.47103e-11 	3
15.0 	2.70314e-06 	1.64174e-11 	3
16.0 	2.56597e-06 	1.7928e-11 	3
17.0 	2.4367e-06 	1.929e-11 	3
18.0 	2.31651e-06 	2.05664e-11 	3
19.0 	2.20506e-06 	2.16388e-11 	3
20.0 	2.10199e-06 	2.24841e-11 	3
21.0 	2.00728e-06 	2.29657e-11 	3
22.0 	1.9214e-06 	2.30992e-11 	3
23.0 	1.84296e-06 	2.28655e-11 	3
24.0 	1.77259e-06 	2.23427e-11 	3
25.0 	1.70863e-06 	2.15787e-11 	3
26.0 	1.64816e-06 	2.06183e-11 	3
27.0 	1.59247e-06 	1.96978e-11 	3
28.0 	1.53917e-06 	1.87723e-11 	3
29.0 	1.48969e-06 	1.7879e-11 	3
30.0 	1.44259e-06 	1.70697e-11 	3
31.0 	1.39835e-06 	1.63124e-11 	3
32.0 	1.35584e-06 	1.56167e-11 	3
33.0 	1.31521e-06 	1.51451e-11 	3
34.0 	1.27604e-06 	1.48586e-11 	3
35.0 	1.23684e-06 	1.47665e-11 	3
36.0 	1.19784e-06 	1.47201e-11 	3
37.0 	1.15835e-06 	1.46627e-11 	3
38.0 	1.11994e-06 	1.45302e-11 	3
39.0 	1.08176e-06 	1.44007e-11 	3
40.0 	1.0437e-06 	1.4281e-11 	3
41.0 	1.00632e-06 	1.41384e-11 	3
42.0 	9.69758e-07 	1.39698e-11 	3
43.0 	9.3423e-07 	1.38074e-11 	3
44.0 	8.99664e-07 	1.35933e-11 	3
45.0 	8.6655e-07 	9.97559e-11 	3
46.0 	8.35762e-07 	9.66807e-11 	3
47.0 	8.06584e-07 	9.31452e-11 	3
48.0 	7.79478e-07 	8.92149e-11 	3
49.0 	7.53939e-07 	8.48667e-11 	3
50.0 	7.30229e-07 	8.0379e-11 	3
51.0 	7.07769e-07 	7.59117e-11 	3
52.0 	6.86317e-07 	7.1562e-11 	3
53.0 	6.66129e-07 	6.71854e-11 	3
54.0 	6.47761e-07 	6.28058e-11 	3
55.0 	6.30346e-07 	5.87692e-11 	3
56.0 	6.13529e-07 	5.49236e-11 	3
57.0 	5.97605e-07 	5.10943e-11 	3
58.0 	5.82519e-07 	4.71895e-11 	3
59.0 	5.69716e-07 	4.37688e-11 	3
60.0 	5.60084e-07 	4.06558e-11 	3
61.0 	5.53025e-07 	3.76739e-11 	3
62.0 	5.47953e-07 	3.50841e-11 	3
63.0 	5.44307e-07 	3.26315e-11 	3
64.0 	5.42069e-07 	3.02398e-11 	3
65.0 	5.40915e-07 	2.80698e-11 	3
66.0 	5.409e-07 	8.53001e-11 	2
67.0 	5.41232e-07 	7.16007e-11 	2
68.0 	5.42274e-07 	6.79828e-11 	2
69.0 	5.44132e-07 	6.76831e-11 	2
70.0 	5.4698e-07 	6.84216e-11 	2
71.0 	5.49963e-07 	6.98878e-11 	2
72.0 	5.54319e-07 	7.2324e-11 	2
73.0 	5.59025e-07 	7.60599e-11 	2
74.0 	5.64891e-07 	7.99029e-11 	2
75.0 	5.71097e-07 	8.37345e-11 	2
76.0 	5.77699e-07 	8.75555e-11 	2
77.0 	5.84632e-07 	9.12986e-11 	2
78.0 	5.91822e-07 	9.4983e-11 	2
79.0 	5.99413e-07 	9.86549e-11 	2
80.0 	6.06686e-07 	3.63609e-11 	3
81.0 	6.13627e-07 	3.72684e-11 	3
82.0 	6.19829e-07 	3.80671e-11 	3
83.0 	6.25012e-07 	3.87495e-11 	3
84.0 	6.29417e-07 	3.93036e-11 	3
85.0 	6.33626e-07 	3.96768e-11 	3
86.0 	6.37253e-07 	3.98334e-11 	3
87.0 	6.40291e-07 	3.97981e-11 	3
88.0 	6.42609e-07 	3.96399e-11 	3
89.0 	6.43503e-07 	3.96557e-11 	3
90.0 	6.4438e-07 	3.98493e-11 	3
91.0 	6.45251e-07 	4.00576e-11 	3
92.0 	6.45653e-07 	4.03275e-11 	3
93.0 	6.46143e-07 	4.06303e-11 	3
94.0 	6.45988e-07 	4.08856e-11 	3
95.0 	6.45792e-07 	4.10793e-11 	3
96.0 	6.45408e-07 	4.12072e-11 	3
97.0 	6.44764e-07 	4.13084e-11 	3
98.0 	6.43726e-07 	4.13503e-11 	3
99.0 	6.4192e-07 	4.13557e-11 	3
100.0 	6.39853e-07 	4.13029e-11 	3
101.0 	6.37356e-07 	4.11905e-11 	3
102.0 	6.34844e-07 	4.10211e-11 	3
103.0 	6.32251e-07 	4.08049e-11 	3
104.0 	6.29379e-07 	4.0529e-11 	3
105.0 	6.26329e-07 	4.01845e-11 	3
106.0 	6.23214e-07 	3.97726e-11 	3
107.0 	6.20037e-07 	3.92957e-11 	3
108.0 	6.16894e-07 	3.87529e-11 	3
109.0 	6.13439e-07 	3.81665e-11 	3
110.0 	6.0998e-07 	3.75572e-11 	3
111.0 	6.06617e-07 	3.69321e-11 	3
112.0 	6.03615e-07 	3.63292e-11 	3
113.0 	6.00689e-07 	3.57327e-11 	3
114.0 	5.97458e-07 	3.51504e-11 	3
115.0 	5.94169e-07 	3.45699e-11 	3
116.0 	5.90718e-07 	3.39762e-11 	3
117.0 	5.87257e-07 	3.34081e-11 	3
118.0 	5.83785e-07 	3.28635e-11 	3
119.0 	5.80317e-07 	9.97244e-11 	2
120.0 	5.76929e-07 	9.78228e-11 	2
121.0 	5.73635e-07 	9.5535e-11 	2
122.0 	5.70432e-07 	9.32016e-11 	2
123.0 	5.67263e-07 	9.06771e-11 	2
124.0 	5.64278e-07 	8.83016e-11 	2
125.0 	5.6144e-07 	8.60723e-11 	2
126.0 	5.58688e-07 	8.396e-11 	2
127.0 	5.55938e-07 	8.1974e-11 	2
128.0 	5.53201e-07 	8.01118e-11 	2
129.0 	5.50461e-07 	7.83768e-11 	2
130.0 	5.47705e-07 	7.67796e-11 	2
131.0 	5.44977e-07 	7.53582e-11 	2
132.0 	5.42239e-07 	7.4058e-11 	2
133.0 	5.39505e-07 	7.29188e-11 	2
134.0 	5.36754e-07 	7.18929e-11 	2
135.0 	5.34086e-07 	7.09498e-11 	2
136.0 	5.31412e-07 	7.008e-11 	2
137.0 	5.28705e-07 	6.94924e-11 	2
138.0 	5.25979e-07 	6.90423e-11 	2
139.0 	5.23183e-07 	6.86707e-11 	2
140.0 	5.20406e-07 	6.83519e-11 	2
141.0 	5.17592e-07 	6.80385e-11 	2
142.0 	5.14767e-07 	6.77011e-11 	2
143.0 	5.11911e-07 	6.73758e-11 	2
144.0 	5.09017e-07 	6.71158e-11 	2
145.0 	5.06047e-07 	6.68295e-11 	2
146.0 	5.0314e-07 	6.65102e-11 	2
147.0 	5.0023e-07 	6.61491e-11 	2
148.0 	4.97179e-07 	6.57379e-11 	2
149.0 	4.94065e-07 	6.52815e-11 	2
150.0 	4.90974e-07 	6.47911e-11 	2
151.0 	4.87921e-07 	6.42601e-11 	2
152.0 	4.84802e-07 	6.3692e-11 	2
153.0 	4.81657e-07 	6.30867e-11 	2
154.0 	4.78397e-07 	6.24533e-11 	2
155.0 	4.75128e-07 	6.17917e-11 	2
156.0 	4.71779e-07 	6.10969e-11 	2
157.0 	4.68377e-07 	6.04011e-11 	2
158.0 	4.64959e-07 	5.9679e-11 	2
159.0 	4.61476e-07 	5.89315e-11 	2
160.0 	4.57949e-07 	5.82063e-11 	2
161.0 	4.5436e-07 	5.74809e-11 	2
162.0 	4.50711e-07 	5.6734e-11 	2
163.0 	4.47004e-07 	5.59656e-11 	2
164.0 	4.43262e-07 	5.51885e-11 	2
165.0 	4.39485e-07 	5.43911e-11 	2
166.0 	4.35643e-07 	5.35655e-11 	2
167.0 	4.31761e-07 	5.27178e-11 	2
168.0 	4.27846e-07 	5.18599e-11 	2
169.0 	4.23856e-07 	5.1043e-11 	2
170.0 	4.19851e-07 	5.01774e-11 	2
171.0 	4.15822e-07 	4.92701e-11 	2
172.0 	4.11786e-07 	4.83521e-11 	2
173.0 	4.07695e-07 	4.7437e-11 	2
174.0 	4.03591e-07 	4.65632e-11 	2
175.0 	3.99464e-07 	4.6055e-11 	2
176.0 	3.95335e-07 	4.55593e-11 	2
177.0 	3.91172e-07 	4.50526e-11 	2
178.0 	3.86966e-07 	4.45329e-11 	2
179.0 	3.82766e-07 	4.40031e-11 	2
180.0 	3.78546e-07 	4.34592e-11 	2
181.0 	3.74308e-07 	4.28968e-11 	2
182.0 	3.70084e-07 	4.23171e-11 	2
183.0 	3.65855e-07 	4.17168e-11 	2
184.0 	3.61652e-07 	4.10983e-11 	2
185.0 	3.57458e-07 	4.04744e-11 	2
186.0 	3.53233e-07 	3.98474e-11 	2
187.0 	3.49042e-07 	3.9195e-11 	2
188.0 	3.44851e-07 	3.85176e-11 	2
189.0 	3.40673e-07 	3.78178e-11 	2
190.0 	3.36518e-07 	3.71046e-11 	2
191.0 	3.32377e-07 	3.63827e-11 	2
192.0 	3.28269e-07 	3.56368e-11 	2
193.0 	3.24223e-07 	3.48741e-11 	2
194.0 	3.20214e-07 	3.41055e-11 	2
195.0 	3.16251e-07 	3.34228e-11 	2
196.0 	3.12382e-07 	3.27564e-11 	2
197.0 	3.08587e-07 	3.20806e-11 	2
198.0 	3.04897e-07 	3.13742e-11 	2
199.0 	3.01292e-07 	3.06393e-11 	2
200.0 	2.97786e-07 	2.98806e-11 	2
201.0 	2.94448e-07 	2.90991e-11 	2
202.0 	2.91358e-07 	2.83099e-11 	2
203.0 	2.88516e-07 	2.75333e-11 	2
204.0 	2.86056e-07 	2.67915e-11 	2
205.0 	2.83763e-07 	2.60745e-11 	2
206.0 	2.81552e-07 	2.53482e-11 	2
207.0 	2.79569e-07 	2.46542e-11 	2
208.0 	2.77693e-07 	2.39632e-11 	2
209.0 	2.75952e-07 	2.35696e-11 	2
210.0 	2.7427e-07 	2.33178e-11 	2
211.0 	2.72703e-07 	2.31832e-11 	2
212.0 	2.71233e-07 	2.30432e-11 	2
213.0 	2.69953e-07 	2.28981e-11 	2
214.0 	2.68713e-07 	2.28012e-11 	2
215.0 	2.67348e-07 	2.27082e-11 	2
216.0 	2.66147e-07 	2.25898e-11 	2
217.0 	2.65027e-07 	2.24612e-11 	2
218.0 	2.68298e-07 	2.31099e-11 	2
219.0 	2.65092e-07 	2.29377e-11 	2
220.0 	2.68321e-07 	2.34811e-11 	2
221.0 	2.64477e-07 	2.31469e-11 	2
222.0 	2.67235e-07 	2.35749e-11 	2
223.0 	2.62957e-07 	2.30667e-11 	2
224.0 	2.65456e-07 	2.33262e-11 	2
225.0 	2.61022e-07 	2.26737e-11 	2
226.0 	2.6337e-07 	2.28317e-11 	2
227.0 	2.58984e-07 	2.20849e-11 	2
228.0 	2.61227e-07 	2.21664e-11 	2
229.0 	2.5694e-07 	2.16534e-11 	2
230.0 	2.59167e-07 	2.2099e-11 	2
231.0 	2.55061e-07 	2.18424e-11 	2
232.0 	2.57279e-07 	2.23061e-11 	2
233.0 	2.53326e-07 	2.20476e-11 	2
234.0 	2.55475e-07 	2.24848e-11 	2
235.0 	2.51576e-07 	2.22048e-11 	2
236.0 	2.5367e-07 	2.25996e-11 	2
237.0 	2.49816e-07 	2.23062e-11 	2
238.0 	2.5177e-07 	2.26818e-11 	2
239.0 	2.4798e-07 	2.24559e-11 	2
240.0 	2.49808e-07 	2.27655e-11 	2
241.0 	2.46033e-07 	2.25035e-11 	2
242.0 	2.4769e-07 	2.27594e-11 	2
243.0 	2.43941e-07 	2.24712e-11 	2
244.0 	2.4548e-07 	2.27024e-11 	2
245.0 	2.417e-07 	2.23835e-11 	2
246.0 	2.43143e-07 	2.25948e-11 	2
247.0 	2.39341e-07 	2.22514e-11 	2
248.0 	2.40741e-07 	2.24431e-11 	2
249.0 	2.36885e-07 	2.20714e-11 	2
250.0 	2.38232e-07 	2.22356e-11 	2
251.0 	2.34352e-07 	2.18333e-11 	2
252.0 	2.35642e-07 	2.19716e-11 	2
253.0 	2.31777e-07 	2.15384e-11 	2
254.0 	2.3297e-07 	2.16473e-11 	2
255.0 	2.29158e-07 	2.11844e-11 	2
256.0 	2.30297e-07 	2.1273e-11 	2
257.0 	2.26525e-07 	2.08053e-11 	2
258.0 	2.2767e-07 	2.09034e-11 	2
259.0 	2.2397e-07 	2.04286e-11 	2
260.0 	2.25089e-07 	2.05795e-11 	2
261.0 	2.2148e-07 	2.01275e-11 	2
262.0 	2.22646e-07 	2.02581e-11 	2
263.0 	2.19076e-07 	1.97806e-11 	2
264.0 	2.20203e-07 	1.98859e-11 	2
265.0 	2.16648e-07 	1.93823e-11 	2
266.0 	2.17705e-07 	1.94819e-11 	2
267.0 	2.14153e-07 	1.89448e-11 	2
268.0 	2.15242e-07 	1.90302e-11 	2
269.0 	2.1186e-07 	1.85429e-11 	2
270.0 	2.13069e-07 	1.86088e-11 	2
271.0 	2.09795e-07 	1.81307e-11 	2
272.0 	2.11025e-07 	1.81772e-11 	2
273.0 	2.07885e-07 	1.76873e-11 	2
274.0 	2.09263e-07 	1.77155e-11 	2
275.0 	2.06195e-07 	1.72101e-11 	2
276.0 	2.07758e-07 	1.72197e-11 	2
277.0 	2.04819e-07 	1.67005e-11 	2
278.0 	2.06602e-07 	1.66791e-11 	2
279.0 	2.03678e-07 	1.61656e-11 	2
280.0 	2.05559e-07 	1.61071e-11 	2
281.0 	2.02656e-07 	1.56154e-11 	2
282.0 	2.04509e-07 	1.55264e-11 	2
283.0 	2.01671e-07 	1.50637e-11 	2
284.0 	2.03494e-07 	1.49842e-11 	2
285.0 	2.00749e-07 	1.45493e-11 	2
286.0 	2.02593e-07 	1.44296e-11 	2
287.0 	1.99899e-07 	1.41317e-11 	2
288.0 	2.01753e-07 	1.40952e-11 	2
289.0 	1.99178e-07 	1.39035e-11 	2
290.0 	2.01078e-07 	1.38448e-11 	2
291.0 	1.98514e-07 	1.36491e-11 	2
292.0 	2.00419e-07 	1.36726e-11 	2
293.0 	1.97881e-07 	1.36007e-11 	2
294.0 	1.99806e-07 	1.37331e-11 	2
295.0 	1.97221e-07 	1.36404e-11 	2
296.0 	1.99159e-07 	1.40741e-11 	2
297.0 	1.96506e-07 	1.39139e-11 	2
298.0 	1.98443e-07 	1.44798e-11 	2
299.0 	1.95743e-07 	1.42835e-11 	2
300.0 	1.97712e-07 	1.48516e-11 	2
301.0 	1.94994e-07 	1.46273e-11 	2
302.0 	1.96971e-07 	1.52097e-11 	2
303.0 	1.94238e-07 	1.49925e-11 	2
304.0 	1.96218e-07 	1.55718e-11 	2
305.0 	1.9353e-07 	1.53437e-11 	2
306.0 	1.95555e-07 	1.59069e-11 	2
307.0 	1.92892e-07 	1.56649e-11 	2
308.0 	1.94986e-07 	1.62247e-11 	2
309.0 	1.92367e-07 	1.60019e-11 	2
310.0 	1.94437e-07 	1.65931e-11 	2
311.0 	1.91805e-07 	1.64464e-11 	2
312.0 	1.93877e-07 	1.70215e-11 	2
313.0 	1.91225e-07 	1.68775e-11 	2
314.0 	1.93227e-07 	1.74277e-11 	2
315.0 	1.90561e-07 	1.72709e-11 	2
316.0 	1.92498e-07 	1.77851e-11 	2
317.0 	1.89757e-07 	1.76093e-11 	2
318.0 	1.91598e-07 	1.80896e-11 	2
319.0 	1.94098e-07 	1.88806e-11 	2
320.0 	1.89592e-07 	1.85218e-11 	2
321.0 	1.91156e-07 	1.89019e-11 	2
322.0 	1.93479e-07 	1.95873e-11 	2
323.0 	1.88523e-07 	1.90761e-11 	2
324.0 	1.89739e-07 	1.93105e-11 	2
325.0 	1.9193e-07 	1.99129e-11 	2
326.0 	1.86873e-07 	1.93252e-11 	2
327.0 	1.87829e-07 	1.94557e-11 	2
328.0 	1.89861e-07 	2.0028e-11 	2
329.0 	1.84726e-07 	1.94256e-11 	2
330.0 	1.85517e-07 	1.9433e-11 	2
331.0 	1.87366e-07 	2.00164e-11 	2
332.0 	1.82192e-07 	1.9376e-11 	2
333.0 	1.82767e-07 	1.93191e-11 	2
334.0 	1.84523e-07 	1.98698e-11 	2
335.0 	1.79332e-07 	1.92134e-11 	2
336.0 	1.79716e-07 	1.90999e-11 	2
337.0 	1.81385e-07 	1.9623e-11 	2
338.0 	1.76193e-07 	1.89509e-11 	2
339.0 	1.76404e-07 	1.87903e-11 	2
340.0 	1.77999e-07 	1.92899e-11 	2
341.0 	1.72828e-07 	1.8604e-11 	2
342.0 	1.72863e-07 	1.84053e-11 	2
343.0 	1.74382e-07 	1.88815e-11 	2
344.0 	1.7567e-07 	1.9327e-11 	2
345.0 	1.6936e-07 	1.85107e-11 	2
346.0 	1.68892e-07 	1.82037e-11 	2
347.0 	1.70214e-07 	1.85946e-11 	2
348.0 	1.71353e-07 	1.89721e-11 	2
349.0 	1.64962e-07 	1.80538e-11 	2
350.0 	1.64178e-07 	1.76207e-11 	2
351.0 	1.6528e-07 	1.79404e-11 	2
352.0 	1.66266e-07 	1.82619e-11 	2
353.0 	1.59997e-07 	1.7268e-11 	2
354.0 	1.58949e-07 	1.6757e-11 	2
355.0 	1.59944e-07 	1.70353e-11 	2
356.0 	1.608e-07 	1.73284e-11 	2
357.0 	1.54693e-07 	1.62694e-11 	2
358.0 	1.53477e-07 	1.57353e-11 	2
359.0 	1.54396e-07 	1.59874e-11 	2
360.0 	1.55162e-07 	1.62826e-11 	2
361.0 	1.49293e-07 	1.51789e-11 	2
362.0 	1.47995e-07 	1.4667e-11 	2
363.0 	1.4886e-07 	1.49118e-11 	2
364.0 	1.49579e-07 	1.52226e-11 	2
365.0 	1.5013e-07 	1.55493e-11 	2
366.0 	1.43768e-07 	1.43437e-11 	2
367.0 	1.42216e-07 	1.38333e-11 	2
368.0 	1.43001e-07 	1.40337e-11 	2
369.0 	1.43647e-07 	1.43156e-11 	2
370.0 	1.44118e-07 	1.46171e-11 	2
371.0 	1.38035e-07 	1.32796e-11 	2
372.0 	1.36309e-07 	1.27455e-11 	2
373.0 	1.37057e-07 	1.28979e-11 	2
374.0 	1.37652e-07 	1.31674e-11 	2
375.0 	1.38086e-07 	1.347e-11 	2
376.0 	1.32458e-07 	1.20459e-11 	2
377.0 	1.30669e-07 	1.15341e-11 	2
378.0 	1.31427e-07 	1.16863e-11 	2
379.0 	1.3204e-07 	1.19833e-11 	2
380.0 	1.32488e-07 	1.23275e-11 	2
381.0 	1.32769e-07 	1.26762e-11 	2
382.0 	1.26898e-07 	1.11266e-11 	2
383.0 	1.2491e-07 	1.06505e-11 	2
384.0 	1.25621e-07 	1.07877e-11 	2
385.0 	1.26221e-07 	1.10726e-11 	2
386.0 	1.26673e-07 	1.14381e-11 	2
387.0 	1.26954e-07 	1.18107e-11 	2
388.0 	1.21238e-07 	1.0165e-11 	2
389.0 	1.19215e-07 	9.72967e-12 	2
390.0 	1.19876e-07 	9.87065e-12 	2
391.0 	1.20439e-07 	1.01754e-11 	2
392.0 	1.20826e-07 	1.05465e-11 	2
393.0 	1.21118e-07 	1.09488e-11 	2
394.0 	1.15591e-07 	9.27254e-12 	2
395.0 	1.13572e-07 	8.86641e-12 	2
396.0 	1.14232e-07 	9.02474e-12 	2
397.0 	1.14785e-07 	9.35651e-12 	2
398.0 	1.1517e-07 	9.73432e-12 	2
399.0 	1.15465e-07 	1.01597e-11 	2
400.0 	1.10096e-07 	8.46175e-12 	2
401.0 	1.08026e-07 	8.08044e-12 	2
402.0 	1.0865e-07 	8.27595e-12 	2
403.0 	1.09203e-07 	8.62953e-12 	2
404.0 	1.09577e-07 	9.03525e-12 	2
405.0 	1.09824e-07 	9.47996e-12 	2
406.0 	1.04639e-07 	7.78273e-12 	2
407.0 	1.02521e-07 	7.41534e-12 	2
408.0 	1.03096e-07 	7.63101e-12 	2
409.0 	1.03619e-07 	7.98395e-12 	2
410.0 	1.03966e-07 	8.41176e-12 	2
411.0 	1.04175e-07 	8.85606e-12 	2
412.0 	9.92224e-08 	7.17176e-12 	2
413.0 	9.7022e-08 	9.73978e-11 	2
414.0 	9.75857e-08 	6.96127e-12 	2
415.0 	9.8093e-08 	7.34503e-12 	2
416.0 	9.84429e-08 	7.78801e-12 	2
417.0 	9.86484e-08 	8.21365e-12 	2
418.0 	9.40296e-08 	9.49159e-11 	2
419.0 	9.18059e-08 	8.77007e-11 	2
420.0 	9.23253e-08 	9.10455e-11 	2
421.0 	9.28322e-08 	9.63416e-11 	2
422.0 	9.31753e-08 	7.15357e-12 	2
423.0 	9.3368e-08 	7.59762e-12 	2
424.0 	9.34333e-08 	7.95262e-12 	2
425.0 	8.87681e-08 	8.89351e-11 	2
426.0 	8.64171e-08 	8.06482e-11 	2
427.0 	8.66892e-08 	8.28813e-11 	2
428.0 	8.70843e-08 	8.7168e-11 	2
429.0 	8.73695e-08 	9.19193e-11 	2
430.0 	8.75427e-08 	9.6435e-11 	2
431.0 	8.76127e-08 	7.25131e-12 	2
432.0 	8.3235e-08 	7.76144e-11 	2
433.0 	8.11292e-08 	6.92767e-11 	2
434.0 	8.1224e-08 	7.10535e-11 	2
435.0 	8.15692e-08 	7.49735e-11 	2
436.0 	8.18314e-08 	7.94811e-11 	2
437.0 	8.1979e-08 	8.38472e-11 	2
438.0 	8.20259e-08 	8.77757e-11 	2
439.0 	7.80336e-08 	6.51045e-11 	2
440.0 	7.63132e-08 	5.82422e-11 	2
441.0 	7.6292e-08 	6.04548e-11 	2
442.0 	7.65885e-08 	6.41911e-11 	2
443.0 	7.67845e-08 	6.84117e-11 	2
444.0 	7.69103e-08 	7.26554e-11 	2
445.0 	7.6969e-08 	7.67752e-11 	2
446.0 	7.35235e-08 	5.59337e-11 	2
447.0 	7.22598e-08 	5.5276e-11 	2
448.0 	7.22303e-08 	5.34761e-11 	2
449.0 	7.25513e-08 	5.69309e-11 	2
450.0 	7.27316e-08 	6.09111e-11 	2
451.0 	7.28151e-08 	6.45473e-11 	2
452.0 	7.28218e-08 	6.84493e-11 	2
453.0 	7.27522e-08 	7.24656e-11 	2
454.0 	6.92921e-08 	5.0756e-11 	2
455.0 	6.81729e-08 	5.24195e-11 	2
456.0 	6.80916e-08 	5.00958e-11 	2
457.0 	6.83809e-08 	5.10226e-11 	2
458.0 	6.85346e-08 	5.53999e-11 	2
459.0 	6.85704e-08 	5.99994e-11 	2
460.0 	6.8543e-08 	6.4479e-11 	2
461.0 	6.84406e-08 	6.86896e-11 	2
462.0 	6.51236e-08 	4.78537e-11 	2
463.0 	6.41319e-08 	5.15789e-11 	2
464.0 	6.40927e-08 	4.89157e-11 	2
465.0 	6.43282e-08 	4.78e-11 	2
466.0 	6.44532e-08 	5.23651e-11 	2
467.0 	6.44846e-08 	5.7193e-11 	2
468.0 	6.44169e-08 	6.17292e-11 	2
469.0 	6.42715e-08 	6.58702e-11 	2
470.0 	6.1072e-08 	4.49116e-11 	2
471.0 	5.99377e-08 	4.76019e-11 	2
472.0 	6.00729e-08 	4.45778e-11 	2
473.0 	6.02738e-08 	4.67549e-11 	2
474.0 	6.03636e-08 	5.13011e-11 	2
475.0 	6.03524e-08 	5.59015e-11 	2
476.0 	6.02382e-08 	6.01201e-11 	2
477.0 	6.00383e-08 	6.38573e-11 	2
478.0 	5.70131e-08 	4.29774e-11 	2
479.0 	5.56118e-08 	4.24884e-11 	2
480.0 	5.58254e-08 	4.17462e-11 	2
481.0 	5.60012e-08 	4.62076e-11 	2
482.0 	5.60495e-08 	5.05445e-11 	2
483.0 	5.59912e-08 	5.4055e-11 	2
484.0 	5.58264e-08 	5.7454e-11 	2
485.0 	5.55867e-08 	6.01961e-11 	2
486.0 	5.28876e-08 	4.23891e-11 	2
487.0 	5.15353e-08 	3.90788e-11 	2
488.0 	5.16007e-08 	4.12732e-11 	2
489.0 	5.16842e-08 	4.54586e-11 	2
490.0 	5.16708e-08 	4.91746e-11 	2
491.0 	5.15588e-08 	5.19512e-11 	2
492.0 	5.13754e-08 	5.39641e-11 	2
493.0 	5.11289e-08 	5.58866e-11 	2
494.0 	5.08282e-08 	5.72758e-11 	2
495.0 	4.82281e-08 	3.99047e-11 	2
496.0 	4.69392e-08 	3.58273e-11 	2
497.0 	4.68451e-08 	3.73065e-11 	2
498.0 	4.68045e-08 	4.08254e-11 	2
499.0 	4.67359e-08 	4.40194e-11 	2
500.0 	4.66037e-08 	4.64554e-11 	2
501.0 	4.64178e-08 	4.80605e-11 	2
502.0 	4.61865e-08 	4.94241e-11 	2
503.0 	4.5924e-08 	5.05101e-11 	2
504.0 	4.36196e-08 	3.40619e-11 	2
505.0 	4.2786e-08 	3.19507e-11 	2
506.0 	4.2506e-08 	3.14826e-11 	2
507.0 	4.24535e-08 	3.43292e-11 	2
508.0 	4.2349e-08 	3.74129e-11 	2
509.0 	4.22105e-08 	3.98609e-11 	2
510.0 	4.20407e-08 	4.15591e-11 	2
511.0 	4.1847e-08 	4.33619e-11 	2
512.0 	4.16245e-08 	4.48013e-11 	2
513.0 	4.13764e-08 	4.58691e-11 	2
514.0 	3.9321e-08 	2.78619e-11 	2
515.0 	3.86381e-08 	2.73527e-11 	2
516.0 	3.8147e-08 	2.59665e-11 	2
517.0 	3.81013e-08 	2.76084e-11 	2
518.0 	3.80162e-08 	3.10662e-11 	2
519.0 	3.78768e-08 	3.41317e-11 	2
520.0 	3.77152e-08 	3.6944e-11 	2
521.0 	3.75273e-08 	3.95705e-11 	2
522.0 	3.73133e-08 	4.15561e-11 	2
523.0 	3.70786e-08 	4.29406e-11 	2
524.0 	3.52457e-08 	2.56941e-11 	2
525.0 	3.44877e-08 	2.29866e-11 	2
526.0 	3.40796e-08 	2.18688e-11 	2
527.0 	3.40162e-08 	2.46843e-11 	2
528.0 	3.39185e-08 	2.83616e-11 	2
529.0 	3.37795e-08 	3.17689e-11 	2
530.0 	3.36156e-08 	3.46925e-11 	2
531.0 	3.34205e-08 	3.70187e-11 	2
532.0 	3.31968e-08 	3.86839e-11 	2
533.0 	3.29508e-08 	3.97642e-11 	2
534.0 	3.26807e-08 	4.03639e-11 	2
535.0 	3.10114e-08 	2.33111e-11 	2
536.0 	3.023e-08 	1.93047e-11 	2
537.0 	2.98076e-08 	1.91734e-11 	2
538.0 	2.96647e-08 	2.25662e-11 	2
539.0 	2.95329e-08 	2.59571e-11 	2
540.0 	2.93848e-08 	2.87148e-11 	2
541.0 	2.92038e-08 	3.10274e-11 	2
542.0 	2.89929e-08 	3.27717e-11 	2
543.0 	2.87564e-08 	3.3906e-11 	2
544.0 	2.84973e-08 	3.4555e-11 	2
545.0 	2.82174e-08 	3.48084e-11 	2
546.0 	2.68114e-08 	1.9244e-11 	2
547.0 	2.63093e-08 	1.83962e-11 	2
548.0 	2.58088e-08 	1.83375e-11 	2
549.0 	2.56284e-08 	2.04813e-11 	2
550.0 	2.54706e-08 	2.3383e-11 	2
551.0 	2.53067e-08 	2.55355e-11 	2
552.0 	2.51159e-08 	2.68764e-11 	2
553.0 	2.48945e-08 	2.80664e-11 	2
554.0 	2.46538e-08 	2.88105e-11 	2
555.0 	2.43938e-08 	2.92877e-11 	2
556.0 	2.41221e-08 	2.94193e-11 	2
557.0 	2.30629e-08 	1.60551e-11 	2
558.0 	2.27669e-08 	1.74391e-11 	2
559.0 	2.22107e-08 	1.66402e-11 	2
560.0 	2.20102e-08 	1.75755e-11 	2
561.0 	2.18444e-08 	2.00859e-11 	2
562.0 	2.16717e-08 	2.19673e-11 	2
563.0 	2.14897e-08 	2.31427e-11 	2
564.0 	2.12895e-08 	2.42454e-11 	2
565.0 	2.10718e-08 	2.49873e-11 	2
566.0 	2.0843e-08 	2.54456e-11 	2
567.0 	2.06073e-08 	2.55991e-11 	2
568.0 	1.98866e-08 	1.45158e-11 	2
569.0 	1.95827e-08 	1.40106e-11 	2
570.0 	1.91466e-08 	1.3869e-11 	2
571.0 	1.89673e-08 	1.60363e-11 	2
572.0 	1.88169e-08 	1.8125e-11 	2
573.0 	1.86582e-08 	1.9586e-11 	2
574.0 	1.84849e-08 	2.08405e-11 	2
575.0 	1.82983e-08 	2.17535e-11 	2
576.0 	1.81003e-08 	2.23554e-11 	2
577.0 	1.7894e-08 	2.26064e-11 	2
578.0 	1.76818e-08 	2.26116e-11 	2
579.0 	1.73421e-08 	1.43425e-11 	2
580.0 	1.71212e-08 	1.27856e-11 	2
581.0 	1.67822e-08 	1.39953e-11 	2
582.0 	1.66045e-08 	1.56832e-11 	2
583.0 	1.64357e-08 	1.7112e-11 	2
584.0 	1.62579e-08 	1.81133e-11 	2
585.0 	1.60707e-08 	1.89966e-11 	2
586.0 	1.58758e-08 	1.9577e-11 	2
587.0 	1.56743e-08 	1.98979e-11 	2
588.0 	1.54684e-08 	1.99657e-11 	2
589.0 	1.54962e-08 	1.51313e-11 	2
590.0 	1.54608e-08 	1.48724e-11 	2
591.0 	1.51846e-08 	1.54403e-11 	2
592.0 	1.49647e-08 	1.6288e-11 	2
593.0 	1.4755e-08 	1.70104e-11 	2
594.0 	1.45443e-08 	1.76129e-11 	2
595.0 	1.43285e-08 	1.80607e-11 	2
596.0 	1.41123e-08 	1.83306e-11 	2
597.0 	1.38956e-08 	1.8402e-11 	2
598.0 	1.43526e-08 	1.81286e-11 	2
599.0 	1.45222e-08 	1.81878e-11 	2
600.0 	1.422e-08 	1.74729e-11 	2
601.0 	1.39484e-08 	1.73939e-11 	2
602.0 	1.36924e-08 	1.75226e-11 	2
603.0 	1.34396e-08 	1.77599e-11 	2
604.0 	1.31925e-08 	1.78202e-11 	2
605.0 	1.29536e-08 	1.77138e-11 	2
606.0 	1.27238e-08 	1.74759e-11 	2
607.0 	1.36117e-08 	2.14226e-11 	2
608.0 	1.40041e-08 	2.30248e-11 	2
609.0 	1.36522e-08 	2.14238e-11 	2
610.0 	1.33286e-08 	2.01724e-11 	2
611.0 	1.30168e-08 	1.92216e-11 	2
612.0 	1.27194e-08 	1.83811e-11 	2
613.0 	1.24416e-08 	1.76248e-11 	2
614.0 	1.21819e-08 	1.71378e-11 	2
615.0 	1.19393e-08 	1.66112e-11 	2
616.0 	1.17123e-08 	1.60656e-11 	2
617.0 	1.3058e-08 	2.33768e-11 	2
618.0 	1.36851e-08 	2.67355e-11 	2
619.0 	1.3284e-08 	2.45197e-11 	2
620.0 	1.29151e-08 	2.22612e-11 	2
621.0 	1.25669e-08 	2.03509e-11 	2
622.0 	1.22418e-08 	1.87293e-11 	2
623.0 	1.19412e-08 	1.74363e-11 	2
624.0 	1.16641e-08 	1.6649e-11 	2
625.0 	1.14094e-08 	1.5895e-11 	2
626.0 	1.11776e-08 	1.51844e-11 	2
627.0 	1.29297e-08 	2.57485e-11 	2
628.0 	1.37661e-08 	3.09728e-11 	2
629.0 	1.33115e-08 	2.83912e-11 	2
630.0 	1.28889e-08 	2.53452e-11 	2
631.0 	1.24934e-08 	2.25574e-11 	2
632.0 	1.21285e-08 	2.01866e-11 	2
633.0 	1.17943e-08 	1.81848e-11 	2
634.0 	1.149e-08 	1.68822e-11 	2
635.0 	1.12138e-08 	1.58865e-11 	2
636.0 	1.09633e-08 	1.50028e-11 	2
637.0 	1.30613e-08 	2.8743e-11 	2
638.0 	1.40728e-08 	3.58245e-11 	2
639.0 	1.35597e-08 	3.2921e-11 	2
640.0 	1.30789e-08 	2.91571e-11 	2
641.0 	1.26305e-08 	2.55304e-11 	2
642.0 	1.22183e-08 	2.23599e-11 	2
643.0 	1.18421e-08 	1.97108e-11 	2
644.0 	1.15013e-08 	1.75435e-11 	2
645.0 	1.11943e-08 	1.62832e-11 	2
646.0 	1.09172e-08 	1.51989e-11 	2
647.0 	1.33023e-08 	3.17617e-11 	2
648.0 	1.44487e-08 	4.07266e-11 	2
649.0 	1.38794e-08 	3.7463e-11 	2
650.0 	1.33388e-08 	3.29998e-11 	2
651.0 	1.28351e-08 	2.85982e-11 	2
652.0 	1.2374e-08 	2.47057e-11 	2
653.0 	1.19553e-08 	2.1437e-11 	2
654.0 	1.15782e-08 	1.87737e-11 	2
655.0 	1.12389e-08 	1.68316e-11 	2
656.0 	1.0934e-08 	1.55624e-11 	2
657.0 	1.06602e-08 	1.45073e-11 	2
658.0 	1.3336e-08 	3.32931e-11 	2
659.0 	1.46281e-08 	4.4466e-11 	2
660.0 	1.40266e-08 	4.10981e-11 	2
661.0 	1.34491e-08 	3.62047e-11 	2
662.0 	1.29104e-08 	3.12448e-11 	2
663.0 	1.24172e-08 	2.67836e-11 	2
664.0 	1.19709e-08 	2.299e-11 	2
665.0 	1.15697e-08 	1.98866e-11 	2
666.0 	1.12092e-08 	1.7406e-11 	2
667.0 	1.08864e-08 	1.58537e-11 	2
668.0 	1.05968e-08 	1.46403e-11 	2
669.0 	1.35135e-08 	3.56627e-11 	2
670.0 	1.4908e-08 	4.9336e-11 	2
671.0 	1.42643e-08 	4.53073e-11 	2
672.0 	1.36449e-08 	3.97087e-11 	2
673.0 	1.30676e-08 	3.40448e-11 	2
674.0 	1.25402e-08 	2.89533e-11 	2
675.0 	1.20645e-08 	2.46245e-11 	2
676.0 	1.16374e-08 	2.10795e-11 	2
677.0 	1.1255e-08 	1.82607e-11 	2
678.0 	1.09133e-08 	1.62012e-11 	2
679.0 	1.0608e-08 	1.48658e-11 	2
680.0 	1.37248e-08 	3.81176e-11 	2
681.0 	1.52252e-08 	5.62072e-11 	2
682.0 	1.45427e-08 	5.04966e-11 	2
683.0 	1.38826e-08 	4.35967e-11 	2
684.0 	1.32668e-08 	3.71018e-11 	2
685.0 	1.27054e-08 	3.13329e-11 	2
686.0 	1.21991e-08 	2.64484e-11 	2
687.0 	1.1745e-08 	2.24514e-11 	2
688.0 	1.13394e-08 	1.92829e-11 	2
689.0 	1.09768e-08 	1.68231e-11 	2
690.0 	1.42331e-08 	4.2901e-11 	2
691.0 	1.57928e-08 	6.84645e-11 	2
692.0 	1.5041e-08 	6.08956e-11 	2
693.0 	1.4317e-08 	4.8951e-11 	2
694.0 	1.36435e-08 	4.09678e-11 	2
695.0 	1.303e-08 	3.42107e-11 	2
696.0 	1.24783e-08 	2.8637e-11 	2
697.0 	1.19844e-08 	2.41435e-11 	2
698.0 	1.1544e-08 	2.06131e-11 	2
699.0 	1.11514e-08 	1.79041e-11 	2
700.0 	1.08004e-08 	1.58578e-11 	2
701.0 	1.04874e-08 	1.44592e-11 	2
702.0 	1.39467e-08 	4.20261e-11 	2
703.0 	1.56406e-08 	7.14888e-11 	2
704.0 	1.48898e-08 	6.64984e-11 	2
705.0 	1.4167e-08 	5.21196e-11 	2
706.0 	1.34937e-08 	4.29626e-11 	2
707.0 	1.28794e-08 	3.57746e-11 	2
708.0 	1.2326e-08 	2.98232e-11 	2
709.0 	1.18312e-08 	2.49713e-11 	2
710.0 	1.13895e-08 	2.11094e-11 	2
711.0 	1.09963e-08 	1.81128e-11 	2
712.0 	1.45261e-08 	5.06186e-11 	2
713.0 	1.6236e-08 	8.67494e-11 	2
714.0 	1.54086e-08 	8.19073e-11 	2
715.0 	1.46166e-08 	6.15156e-11 	2
716.0 	1.38823e-08 	4.67959e-11 	2
717.0 	1.32148e-08 	3.81684e-11 	2
718.0 	1.26148e-08 	3.14391e-11 	2
719.0 	1.20796e-08 	2.61433e-11 	2
720.0 	1.16027e-08 	2.20298e-11 	2
721.0 	1.11791e-08 	1.89036e-11 	2
722.0 	1.08009e-08 	1.6575e-11 	2
723.0 	1.04634e-08 	1.48622e-11 	2
724.0 	1.01612e-08 	1.36137e-11 	2
725.0 	1.38727e-08 	4.57073e-11 	2
726.0 	1.57054e-08 	8.40602e-11 	2
727.0 	1.49154e-08 	8.34592e-11 	2
728.0 	1.41547e-08 	6.4357e-11 	2
729.0 	1.34497e-08 	4.77453e-11 	2
730.0 	1.28077e-08 	3.89294e-11 	2
731.0 	1.223e-08 	3.20082e-11 	2
732.0 	1.17138e-08 	2.64724e-11 	2
733.0 	1.12532e-08 	2.20884e-11 	2
734.0 	1.4926e-08 	6.39299e-11 	2
735.0 	1.66838e-08 	2.71217e-11 	2
736.0 	1.57808e-08 	8.58831e-11 	2
737.0 	1.49194e-08 	7.44981e-11 	2
738.0 	1.41235e-08 	5.33661e-11 	2
739.0 	1.34013e-08 	4.18383e-11 	2
740.0 	1.27533e-08 	3.38941e-11 	2
741.0 	1.21764e-08 	2.78387e-11 	2
742.0 	1.16626e-08 	2.3248e-11 	2
743.0 	1.1206e-08 	1.98311e-11 	2
744.0 	1.07988e-08 	1.73402e-11 	2
745.0 	1.04363e-08 	1.55523e-11 	2
746.0 	1.01111e-08 	1.42829e-11 	2
747.0 	9.82187e-09 	1.36435e-11 	2
748.0 	1.36786e-08 	4.92351e-11 	2
749.0 	1.5578e-08 	9.41868e-11 	2
750.0 	1.47665e-08 	9.91371e-11 	2
751.0 	1.3989e-08 	7.74258e-11 	2
752.0 	1.32687e-08 	5.30686e-11 	2
753.0 	1.26149e-08 	4.15606e-11 	2
754.0 	1.20265e-08 	3.37961e-11 	2
755.0 	1.15001e-08 	2.77558e-11 	2
756.0 	1.10306e-08 	2.30042e-11 	2
757.0 	1.47684e-08 	6.87674e-11 	2
758.0 	1.65434e-08 	3.09942e-11 	2
759.0 	1.56244e-08 	9.47959e-11 	2
760.0 	1.47517e-08 	8.42986e-11 	2
761.0 	1.39447e-08 	5.85927e-11 	2
762.0 	1.32129e-08 	4.35606e-11 	2
763.0 	1.2556e-08 	3.49045e-11 	2
764.0 	1.19696e-08 	2.85065e-11 	2
765.0 	1.14476e-08 	2.37268e-11 	2
766.0 	1.09827e-08 	2.01981e-11 	2
767.0 	1.05687e-08 	1.76449e-11 	2
768.0 	1.01995e-08 	1.58283e-11 	2
769.0 	1.39941e-08 	5.64262e-11 	2
770.0 	1.58372e-08 	2.58231e-11 	2
771.0 	1.49799e-08 	8.86636e-11 	2
772.0 	1.41623e-08 	8.18582e-11 	2
773.0 	1.3407e-08 	5.84723e-11 	2
774.0 	1.27219e-08 	4.35679e-11 	2
775.0 	1.21052e-08 	3.54462e-11 	2
776.0 	1.15531e-08 	2.92783e-11 	2
777.0 	1.10599e-08 	2.4514e-11 	2
778.0 	1.46964e-08 	7.29062e-11 	2
779.0 	1.64137e-08 	3.33274e-11 	2
780.0 	1.5488e-08 	2.24011e-11 	2
781.0 	1.46086e-08 	7.31366e-11 	2
782.0 	1.37978e-08 	5.9338e-11 	2
783.0 	1.30615e-08 	4.44075e-11 	2
784.0 	1.24004e-08 	3.59967e-11 	2
785.0 	1.18082e-08 	2.95798e-11 	2
786.0 	1.12794e-08 	2.47543e-11 	2
787.0 	1.08067e-08 	2.11736e-11 	2
788.0 	1.03852e-08 	1.85596e-11 	2
789.0 	1.00072e-08 	1.66764e-11 	2
790.0 	1.36671e-08 	5.6423e-11 	2
791.0 	1.54402e-08 	2.54914e-11 	2
792.0 	1.45995e-08 	8.75579e-11 	2
793.0 	1.37968e-08 	8.1168e-11 	2
794.0 	1.30558e-08 	5.83643e-11 	2
795.0 	1.23832e-08 	4.31788e-11 	2
796.0 	1.17782e-08 	3.51917e-11 	2
797.0 	1.12367e-08 	2.91587e-11 	2
798.0 	1.07515e-08 	2.45057e-11 	2
799.0 	1.42119e-08 	6.96988e-11 	2
800.0 	1.58549e-08 	3.09774e-11 	2
801.0 	1.49582e-08 	9.47969e-11 	2
802.0 	1.41105e-08 	8.5563e-11 	2
803.0 	1.33301e-08 	6.03768e-11 	2
804.0 	1.26231e-08 	4.3525e-11 	2
805.0 	1.1986e-08 	3.50385e-11 	2
806.0 	1.14156e-08 	2.88752e-11 	2
807.0 	1.09061e-08 	2.42955e-11 	2
808.0 	1.04502e-08 	2.08975e-11 	2
809.0 	1.00434e-08 	1.84096e-11 	2
810.0 	9.67882e-09 	1.66117e-11 	2
811.0 	1.31247e-08 	5.26262e-11 	2
812.0 	1.48046e-08 	9.71326e-11 	2
813.0 	1.4008e-08 	2.43423e-11 	2
814.0 	1.32441e-08 	6.48737e-11 	2
815.0 	1.25396e-08 	5.15965e-11 	2
816.0 	1.19011e-08 	4.06304e-11 	2
817.0 	1.13274e-08 	3.36715e-11 	2
818.0 	1.08135e-08 	2.81482e-11 	2
819.0 	1.03539e-08 	2.38201e-11 	2
820.0 	1.35817e-08 	6.3071e-11 	2
821.0 	1.51055e-08 	2.63013e-11 	2
822.0 	1.42699e-08 	8.37633e-11 	2
823.0 	1.34754e-08 	7.47625e-11 	2
824.0 	1.27415e-08 	5.3939e-11 	2
825.0 	1.20758e-08 	4.06821e-11 	2
826.0 	1.1477e-08 	3.31642e-11 	2
827.0 	1.09406e-08 	2.75767e-11 	2
828.0 	1.04619e-08 	2.33826e-11 	2
829.0 	1.00339e-08 	2.02516e-11 	2
830.0 	9.65152e-09 	1.79462e-11 	2
831.0 	1.28042e-08 	5.033e-11 	2
832.0 	1.43072e-08 	8.82341e-11 	2
833.0 	1.3547e-08 	8.99441e-11 	2
834.0 	1.2821e-08 	7.08582e-11 	2
835.0 	1.21487e-08 	4.96018e-11 	2
836.0 	1.15381e-08 	3.85823e-11 	2
837.0 	1.09888e-08 	3.1963e-11 	2
838.0 	1.04968e-08 	2.69422e-11 	2
839.0 	1.00577e-08 	2.30521e-11 	2
840.0 	1.29887e-08 	5.62221e-11 	2
841.0 	1.43535e-08 	9.24744e-11 	2
842.0 	1.35804e-08 	9.07926e-11 	2
843.0 	1.2845e-08 	6.96111e-11 	2
844.0 	1.21644e-08 	4.8528e-11 	2
845.0 	1.1546e-08 	3.78612e-11 	2
846.0 	1.09891e-08 	3.12235e-11 	2
847.0 	1.04906e-08 	2.62631e-11 	2
848.0 	1.00457e-08 	2.24961e-11 	2
849.0 	9.64794e-09 	1.96469e-11 	2
850.0 	9.2926e-09 	1.75182e-11 	2
851.0 	8.97397e-09 	1.59397e-11 	2
852.0 	1.18517e-08 	4.10958e-11 	2
853.0 	1.32236e-08 	6.97079e-11 	2
854.0 	1.25526e-08 	6.86945e-11 	2
855.0 	1.19119e-08 	5.50448e-11 	2
856.0 	1.13169e-08 	4.16311e-11 	2
857.0 	1.07754e-08 	3.45554e-11 	2
858.0 	1.0288e-08 	2.90487e-11 	2
859.0 	9.85142e-09 	2.46631e-11 	2
860.0 	9.4615e-09 	2.11729e-11 	2
861.0 	1.20933e-08 	4.65091e-11 	2
862.0 	1.33193e-08 	7.33106e-11 	2
863.0 	1.26285e-08 	6.92796e-11 	2
864.0 	1.19721e-08 	5.39261e-11 	2
865.0 	1.13639e-08 	4.07456e-11 	2
866.0 	1.08113e-08 	3.34995e-11 	2
867.0 	1.03135e-08 	2.79817e-11 	2
868.0 	9.86779e-09 	2.37145e-11 	2
869.0 	9.46993e-09 	2.04246e-11 	2
870.0 	9.11448e-09 	1.79211e-11 	2
871.0 	8.7967e-09 	1.60456e-11 	2
872.0 	1.13304e-08 	3.69583e-11 	2
873.0 	1.25304e-08 	5.90782e-11 	2
874.0 	1.19095e-08 	5.64402e-11 	2
875.0 	1.1318e-08 	4.5612e-11 	2
876.0 	1.07693e-08 	3.69721e-11 	2
877.0 	1.02702e-08 	3.12067e-11 	2
878.0 	9.82058e-09 	2.65278e-11 	2
879.0 	9.41751e-09 	2.27485e-11 	2
880.0 	9.057e-09 	1.97243e-11 	2
881.0 	1.13804e-08 	3.96653e-11 	2
882.0 	1.24614e-08 	5.98464e-11 	2
883.0 	1.18367e-08 	5.53909e-11 	2
884.0 	1.12433e-08 	4.41284e-11 	2
885.0 	1.06933e-08 	3.59973e-11 	2
886.0 	1.01931e-08 	3.02022e-11 	2
887.0 	9.74231e-09 	2.55611e-11 	2
888.0 	9.33827e-09 	2.18786e-11 	2
889.0 	8.97683e-09 	1.89922e-11 	2
890.0 	8.65355e-09 	1.67639e-11 	2
891.0 	8.36395e-09 	1.50693e-11 	2
892.0 	1.06008e-08 	3.2842e-11 	2
893.0 	1.16583e-08 	4.82875e-11 	2
894.0 	1.11019e-08 	4.47471e-11 	2
895.0 	1.05714e-08 	3.78066e-11 	2
896.0 	1.00794e-08 	3.24374e-11 	2
897.0 	9.63097e-09 	2.7756e-11 	2
898.0 	9.22654e-09 	2.38026e-11 	2
899.0 	8.8638e-09 	2.05364e-11 	2
900.0 	8.53912e-09 	1.7889e-11 	2
901.0 	1.05862e-08 	3.44458e-11 	2
902.0 	1.15404e-08 	4.83907e-11 	2
903.0 	1.09833e-08 	4.36719e-11 	2
904.0 	1.04539e-08 	3.68297e-11 	2
905.0 	9.96354e-09 	3.1358e-11 	2
906.0 	9.51695e-09 	2.6651e-11 	2
907.0 	9.1143e-09 	2.27486e-11 	2
908.0 	8.75324e-09 	1.9587e-11 	2
909.0 	8.43002e-09 	1.70778e-11 	2
910.0 	8.14083e-09 	1.51245e-11 	2
911.0 	7.88159e-09 	9.95148e-11 	1
912.0 	9.85226e-09 	2.78764e-11 	2
913.0 	1.07868e-08 	3.95452e-11 	2
914.0 	1.02926e-08 	3.65631e-11 	2
915.0 	9.82121e-09 	3.24762e-11 	2
916.0 	9.38328e-09 	2.82676e-11 	2
917.0 	8.9843e-09 	2.44035e-11 	2
918.0 	8.62403e-09 	2.10479e-11 	2
919.0 	8.30056e-09 	1.82295e-11 	2
920.0 	8.01068e-09 	1.59239e-11 	2
921.0 	9.8123e-09 	3.00556e-11 	2
922.0 	1.0657e-08 	3.98941e-11 	2
923.0 	1.01618e-08 	3.59949e-11 	2
924.0 	9.69158e-09 	3.15682e-11 	2
925.0 	9.25579e-09 	2.7214e-11 	2
926.0 	8.8589e-09 	2.33317e-11 	2
927.0 	8.50082e-09 	2.00339e-11 	2
928.0 	8.17964e-09 	1.7322e-11 	2
929.0 	7.89186e-09 	1.51498e-11 	2
930.0 	7.63405e-09 	9.78334e-11 	1
931.0 	7.40322e-09 	9.24828e-11 	1
932.0 	9.13825e-09 	2.43139e-11 	2
933.0 	9.96686e-09 	3.36614e-11 	2
934.0 	9.52786e-09 	3.13137e-11 	2
935.0 	9.10986e-09 	2.80239e-11 	2
936.0 	8.72075e-09 	2.45657e-11 	2
937.0 	8.36582e-09 	2.13196e-11 	2
938.0 	8.0452e-09 	1.84502e-11 	2
939.0 	7.75712e-09 	1.60145e-11 	2
940.0 	7.49873e-09 	9.8143e-11 	1
941.0 	9.08723e-09 	2.51523e-11 	2
942.0 	9.83757e-09 	3.34316e-11 	2
943.0 	9.39714e-09 	3.07137e-11 	2
944.0 	8.97876e-09 	2.71934e-11 	2
945.0 	8.59151e-09 	2.36179e-11 	2
946.0 	8.23908e-09 	2.03514e-11 	2
947.0 	7.92044e-09 	1.75295e-11 	2
948.0 	7.63419e-09 	9.92625e-11 	1
949.0 	7.37799e-09 	9.37966e-11 	1
950.0 	7.14785e-09 	9.01195e-11 	1
951.0 	6.94132e-09 	8.69327e-11 	1
952.0 	8.47245e-09 	2.13106e-11 	2
953.0 	9.21727e-09 	2.89763e-11 	2
954.0 	8.83114e-09 	2.69777e-11 	2
955.0 	8.46035e-09 	2.42125e-11 	2
956.0 	8.11512e-09 	2.12959e-11 	2
957.0 	7.79951e-09 	1.85214e-11 	2
958.0 	7.51337e-09 	9.84218e-11 	1
959.0 	7.256e-09 	9.33331e-11 	1
960.0 	7.02423e-09 	8.99032e-11 	1
961.0 	8.43716e-09 	2.17467e-11 	2
962.0 	9.11196e-09 	2.87081e-11 	2
963.0 	8.7259e-09 	2.64688e-11 	2
964.0 	8.35564e-09 	2.3529e-11 	2
965.0 	8.01188e-09 	2.05159e-11 	2
966.0 	7.69888e-09 	9.91812e-11 	1
967.0 	7.41674e-09 	9.42756e-11 	1
968.0 	7.16263e-09 	9.11016e-11 	1
969.0 	6.93405e-09 	8.80997e-11 	1
970.0 	6.72892e-09 	8.50443e-11 	1
971.0 	6.5445e-09 	8.20853e-11 	1
972.0 	7.90631e-09 	9.65881e-11 	1
973.0 	8.56698e-09 	2.29387e-11 	2
974.0 	8.22681e-09 	9.97758e-11 	1
975.0 	7.90242e-09 	9.44875e-11 	1
976.0 	7.59872e-09 	9.24586e-11 	1
977.0 	7.3208e-09 	9.12897e-11 	1
978.0 	7.06868e-09 	8.9836e-11 	1
979.0 	6.84141e-09 	8.77051e-11 	1
980.0 	6.63711e-09 	8.50231e-11 	1
981.0 	7.88523e-09 	9.56792e-11 	1
982.0 	8.47846e-09 	2.26751e-11 	2
983.0 	8.13975e-09 	9.85682e-11 	1
984.0 	7.81519e-09 	9.35002e-11 	1
985.0 	7.51232e-09 	9.1433e-11 	1
986.0 	7.23563e-09 	9.01259e-11 	1
987.0 	6.98552e-09 	8.85237e-11 	1
988.0 	6.76092e-09 	8.63006e-11 	1
989.0 	6.55967e-09 	8.36044e-11 	1
990.0 	6.37927e-09 	8.07305e-11 	1
991.0 	6.21751e-09 	7.79216e-11 	1
992.0 	7.41723e-09 	9.19193e-11 	1
993.0 	8.00336e-09 	9.72872e-11 	1
994.0 	7.70288e-09 	9.13316e-11 	1
995.0 	7.41476e-09 	8.89979e-11 	1
996.0 	7.14652e-09 	8.79241e-11 	1
997.0 	6.90126e-09 	8.68806e-11 	1
998.0 	6.6796e-09 	8.5345e-11 	1
999.0 	6.47967e-09 	8.31705e-11 	1
1000.0 	6.30016e-09 	8.05447e-11 	1
1001.0 	7.39756e-09 	9.10156e-11 	1
1002.0 	7.92822e-09 	9.57957e-11 	1
1003.0 	7.62761e-09 	9.02611e-11 	1
1004.0 	7.33936e-09 	8.80268e-11 	1
1005.0 	7.07063e-09 	8.69103e-11 	1
1006.0 	6.82617e-09 	8.57823e-11 	1
1007.0 	6.60562e-09 	8.41454e-11 	1
1008.0 	6.40754e-09 	8.19166e-11 	1
1009.0 	6.23023e-09 	7.92939e-11 	1
1010.0 	6.07185e-09 	7.65506e-11 	1
1011.0 	5.93022e-09 	7.39044e-11 	1
1012.0 	6.98281e-09 	8.74457e-11 	1
1013.0 	7.50993e-09 	9.22608e-11 	1
1014.0 	7.23904e-09 	8.71896e-11 	1
1015.0 	6.98137e-09 	8.50441e-11 	1
1016.0 	6.74375e-09 	8.38779e-11 	1
1017.0 	6.52749e-09 	8.27081e-11 	1
1018.0 	6.3316e-09 	8.10399e-11 	1
1019.0 	6.15556e-09 	7.88158e-11 	1
1020.0 	5.99803e-09 	7.62554e-11 	1
1021.0 	6.96185e-09 	8.65236e-11 	1
1022.0 	7.43944e-09 	9.08321e-11 	1
1023.0 	7.16923e-09 	8.60863e-11 	1
1024.0 	6.91262e-09 	8.40405e-11 	1
1025.0 	6.6747e-09 	8.28585e-11 	1
1026.0 	6.45848e-09 	8.16391e-11 	1
1027.0 	6.26355e-09 	7.9923e-11 	1
1028.0 	6.08872e-09 	7.76887e-11 	1
1029.0 	5.93296e-09 	7.51568e-11 	1
1030.0 	5.79362e-09 	7.25587e-11 	1
1031.0 	5.66919e-09 	7.00671e-11 	1
1032.0 	6.59282e-09 	8.30888e-11 	1
1033.0 	7.06806e-09 	8.75868e-11 	1
1034.0 	6.82264e-09 	8.3155e-11 	1
1035.0 	6.59257e-09 	8.11278e-11 	1
1036.0 	6.38099e-09 	7.98606e-11 	1
1037.0 	6.18886e-09 	7.85956e-11 	1
1038.0 	6.01592e-09 	7.6849e-11 	1
1039.0 	5.86074e-09 	7.46418e-11 	1
1040.0 	5.72202e-09 	7.21797e-11 	1
1041.0 	6.56906e-09 	8.21885e-11 	1
1042.0 	7.00076e-09 	8.61903e-11 	1
1043.0 	6.75716e-09 	8.2045e-11 	1
1044.0 	6.52832e-09 	8.00893e-11 	1
1045.0 	6.31648e-09 	7.88512e-11 	1
1046.0 	6.12416e-09 	7.75661e-11 	1
1047.0 	5.95143e-09 	7.58073e-11 	1
1048.0 	5.79726e-09 	7.36166e-11 	1
1049.0 	5.65948e-09 	7.11962e-11 	1
1050.0 	5.53632e-09 	6.87537e-11 	1
1051.0 	5.42651e-09 	6.64861e-11 	1
1052.0 	6.23878e-09 	7.88853e-11 	1
1053.0 	6.66847e-09 	8.31507e-11 	1
1054.0 	6.44619e-09 	7.9208e-11 	1
1055.0 	6.23968e-09 	7.72688e-11 	1
1056.0 	6.05019e-09 	7.5965e-11 	1
1057.0 	5.87923e-09 	7.46043e-11 	1
1058.0 	5.72514e-09 	7.28118e-11 	1
1059.0 	5.58782e-09 	7.06566e-11 	1
1060.0 	5.46489e-09 	6.83248e-11 	1
1061.0 	6.21218e-09 	7.80054e-11 	1
1062.0 	6.60393e-09 	8.18154e-11 	1
1063.0 	6.38396e-09 	7.8127e-11 	1
1064.0 	6.1788e-09 	7.6257e-11 	1
1065.0 	5.98915e-09 	7.49859e-11 	1
1066.0 	5.81791e-09 	7.36384e-11 	1
1067.0 	5.66375e-09 	7.18694e-11 	1
1068.0 	5.52677e-09 	6.97456e-11 	1
1069.0 	5.40423e-09 	6.74601e-11 	1
1070.0 	5.29489e-09 	6.51965e-11 	1
1071.0 	5.19776e-09 	6.3368e-11 	1
1072.0 	5.91478e-09 	7.4883e-11 	1
1073.0 	6.3044e-09 	7.89869e-11 	1
1074.0 	6.1029e-09 	7.53935e-11 	1
1075.0 	5.91649e-09 	7.3529e-11 	1
1076.0 	5.74657e-09 	7.22136e-11 	1
1077.0 	5.5928e-09 	7.07978e-11 	1
1078.0 	5.4551e-09 	6.90136e-11 	1
1079.0 	5.3324e-09 	6.69311e-11 	1
1080.0 	5.22243e-09 	6.47305e-11 	1
1081.0 	5.88565e-09 	7.40079e-11 	1
1082.0 	6.2422e-09 	7.76762e-11 	1
1083.0 	6.04294e-09 	7.43616e-11 	1
1084.0 	5.85819e-09 	7.25668e-11 	1
1085.0 	5.68769e-09 	7.12886e-11 	1
1086.0 	5.53367e-09 	6.98977e-11 	1
1087.0 	5.39543e-09 	6.81455e-11 	1
1088.0 	5.27248e-09 	6.61122e-11 	1
1089.0 	5.16251e-09 	6.39568e-11 	1
1090.0 	5.06462e-09 	6.18636e-11 	1
1091.0 	4.97781e-09 	6.03634e-11 	1
1092.0 	4.9012e-09 	5.92542e-11 	1
1093.0 	5.5452e-09 	7.02685e-11 	1
1094.0 	5.90269e-09 	7.4446e-11 	1
1095.0 	5.72347e-09 	7.11272e-11 	1
1096.0 	5.55841e-09 	6.92502e-11 	1
1097.0 	5.40908e-09 	6.78958e-11 	1
1098.0 	5.27417e-09 	6.64364e-11 	1
1099.0 	5.15367e-09 	6.46813e-11 	1
1100.0 	5.04634e-09 	6.26996e-11 	1
1101.0 	5.63465e-09 	7.05443e-11 	1
1102.0 	5.95652e-09 	7.4012e-11 	1
1103.0 	5.77158e-09 	7.09564e-11 	1
1104.0 	5.60041e-09 	6.92657e-11 	1
1105.0 	5.44255e-09 	6.80394e-11 	1
1106.0 	5.29938e-09 	6.66952e-11 	1
1107.0 	5.17133e-09 	6.50224e-11 	1
1108.0 	5.05695e-09 	6.30923e-11 	1
1109.0 	4.95504e-09 	6.10522e-11 	1
1110.0 	4.86445e-09 	5.90538e-11 	1
1111.0 	4.78386e-09 	5.75222e-11 	1
1112.0 	4.71345e-09 	5.65201e-11 	1
1113.0 	4.65333e-09 	5.56013e-11 	1
1114.0 	4.60115e-09 	5.48883e-11 	1
1115.0 	4.55249e-09 	5.44608e-11 	1
1116.0 	4.50801e-09 	5.40477e-11 	1
1117.0 	4.46617e-09 	5.35853e-11 	1
1118.0 	5.04316e-09 	6.41517e-11 	1
1119.0 	5.37712e-09 	6.81469e-11 	1
1120.0 	5.21682e-09 	6.48779e-11 	1
1121.0 	5.0786e-09 	6.29196e-11 	1
1122.0 	4.95434e-09 	6.14204e-11 	1
1123.0 	4.84418e-09 	5.989e-11 	1
1124.0 	4.74623e-09 	5.82062e-11 	1
1125.0 	4.65986e-09 	5.64365e-11 	1
1126.0 	5.21583e-09 	6.45158e-11 	1
1127.0 	5.52214e-09 	6.81876e-11 	1
1128.0 	5.35788e-09 	6.53542e-11 	1
1129.0 	5.21029e-09 	6.37823e-11 	1
1130.0 	5.07466e-09 	6.26942e-11 	1
1131.0 	4.95126e-09 	6.14901e-11 	1
1132.0 	4.84094e-09 	6.00261e-11 	1
1133.0 	4.74249e-09 	5.83475e-11 	1
1134.0 	4.65431e-09 	5.65709e-11 	1
1135.0 	4.5759e-09 	5.4809e-11 	1
1136.0 	4.50649e-09 	5.3135e-11 	1
1137.0 	4.44672e-09 	5.2107e-11 	1
1138.0 	4.3952e-09 	5.1425e-11 	1
1139.0 	4.35067e-09 	5.09319e-11 	1
1140.0 	4.30929e-09 	5.07021e-11 	1
1141.0 	4.27052e-09 	5.04627e-11 	1
1142.0 	4.80511e-09 	6.04518e-11 	1
1143.0 	5.11567e-09 	6.4702e-11 	1
1144.0 	4.96923e-09 	6.17941e-11 	1
1145.0 	4.84034e-09 	5.99892e-11 	1
1146.0 	4.7248e-09 	5.85763e-11 	1
1147.0 	4.62171e-09 	5.71442e-11 	1
1148.0 	4.52991e-09 	5.55623e-11 	1
1149.0 	4.44885e-09 	5.38911e-11 	1
1150.0 	4.95945e-09 	6.14987e-11 	1
1151.0 	5.24196e-09 	6.51415e-11 	1
1152.0 	5.08704e-09 	6.23508e-11 	1
1153.0 	4.94992e-09 	6.08304e-11 	1
1154.0 	4.82413e-09 	5.97161e-11 	1
1155.0 	4.70858e-09 	5.85091e-11 	1
1156.0 	4.60497e-09 	5.70969e-11 	1
1157.0 	4.51198e-09 	5.54951e-11 	1
1158.0 	4.42834e-09 	5.38027e-11 	1
1159.0 	4.35369e-09 	5.21208e-11 	1
1160.0 	4.28655e-09 	5.05282e-11 	1
1161.0 	4.22723e-09 	4.9143e-11 	1
1162.0 	4.17588e-09 	4.84413e-11 	1
1163.0 	4.13147e-09 	4.78355e-11 	1
1164.0 	4.09103e-09 	4.75317e-11 	1
1165.0 	4.05297e-09 	4.72402e-11 	1
1166.0 	4.5558e-09 	5.69324e-11 	1
1167.0 	4.85302e-09 	6.14473e-11 	1
1168.0 	4.71702e-09 	5.8732e-11 	1
1169.0 	4.59724e-09 	5.69203e-11 	1
1170.0 	4.48911e-09 	5.56079e-11 	1
1171.0 	4.39204e-09 	5.4244e-11 	1
1172.0 	4.30624e-09 	5.27669e-11 	1
1173.0 	4.23041e-09 	5.12083e-11 	1
1174.0 	4.70661e-09 	5.84699e-11 	1
1175.0 	4.98425e-09 	6.21723e-11 	1
1176.0 	4.8369e-09 	5.95395e-11 	1
1177.0 	4.70597e-09 	5.79031e-11 	1
1178.0 	4.58716e-09 	5.68068e-11 	1
1179.0 	4.47889e-09 	5.56524e-11 	1
1180.0 	4.38109e-09 	5.42953e-11 	1
1181.0 	4.29235e-09 	5.27732e-11 	1
1182.0 	4.21271e-09 	5.11859e-11 	1
1183.0 	4.14102e-09 	4.9619e-11 	1
1184.0 	4.07573e-09 	4.81303e-11 	1
1185.0 	4.01694e-09 	4.67649e-11 	1
1186.0 	3.96501e-09 	4.55592e-11 	1
1187.0 	3.92001e-09 	4.48125e-11 	1
1188.0 	3.87914e-09 	4.42745e-11 	1
1189.0 	4.35756e-09 	5.42727e-11 	1
1190.0 	4.65875e-09 	5.90439e-11 	1
1191.0 	4.53319e-09 	5.66464e-11 	1
1192.0 	4.41817e-09 	5.49715e-11 	1
1193.0 	4.31356e-09 	5.36227e-11 	1
1194.0 	4.21954e-09 	5.23319e-11 	1
1195.0 	4.13624e-09 	5.0943e-11 	1
1196.0 	4.06199e-09 	4.94734e-11 	1
1197.0 	4.51467e-09 	5.64715e-11 	1
1198.0 	4.78948e-09 	5.99544e-11 	1
1199.0 	4.65435e-09 	5.7564e-11 	1
1200.0 	4.52791e-09 	5.60733e-11 	1
1201.0 	4.41006e-09 	5.4882e-11 	1
1202.0 	4.30294e-09 	5.3646e-11 	1
1203.0 	4.20616e-09 	5.22662e-11 	1
1204.0 	4.11904e-09 	5.07775e-11 	1
1205.0 	4.04065e-09 	4.92585e-11 	1
1206.0 	3.96991e-09 	4.77789e-11 	1
1207.0 	3.90619e-09 	4.63935e-11 	1
1208.0 	3.84835e-09 	4.51401e-11 	1
1209.0 	3.79632e-09 	4.40242e-11 	1
1210.0 	3.7496e-09 	4.3033e-11 	1
1211.0 	3.70775e-09 	4.21782e-11 	1
1212.0 	4.18278e-09 	5.23876e-11 	1
1213.0 	4.4797e-09 	5.6757e-11 	1
1214.0 	4.37174e-09 	5.46284e-11 	1
1215.0 	4.26921e-09 	5.31771e-11 	1
1216.0 	4.1733e-09 	5.20221e-11 	1
1217.0 	4.0849e-09 	5.08586e-11 	1
1218.0 	4.00445e-09 	4.95905e-11 	1
1219.0 	3.93328e-09 	4.82621e-11 	1
1220.0 	4.35601e-09 	5.47811e-11 	1
1221.0 	4.60369e-09 	5.76531e-11 	1
1222.0 	4.48321e-09 	5.55688e-11 	1
1223.0 	4.36902e-09 	5.42607e-11 	1
1224.0 	4.26203e-09 	5.32177e-11 	1
1225.0 	4.16298e-09 	5.21286e-11 	1
1226.0 	4.07308e-09 	5.09023e-11 	1
