# time 	Initial 	Final 	Iterations
1.0 	1.16599e-06 	5.23741e-11 	3
2.0 	5.13814e-06 	4.37965e-11 	4
3.0 	2.62553e-06 	2.09254e-11 	4
4.0 	1.35858e-06 	1.60066e-11 	4
5.0 	1.70036e-06 	1.94058e-11 	3
6.0 	2.43751e-06 	7.85083e-11 	3
7.0 	2.74652e-06 	1.16932e-11 	4
8.0 	2.71377e-06 	1.0284e-11 	4
9.0 	2.51769e-06 	6.82278e-11 	3
10.0 	2.28464e-06 	3.24487e-11 	3
11.0 	2.11248e-06 	1.59157e-11 	3
12.0 	2.00588e-06 	3.35844e-11 	3
13.0 	1.96239e-06 	2.39381e-11 	3
14.0 	1.94398e-06 	2.07841e-11 	3
15.0 	1.94238e-06 	2.16737e-11 	3
16.0 	1.94021e-06 	2.25184e-11 	3
17.0 	1.93094e-06 	1.94247e-11 	3
18.0 	1.9145e-06 	1.9912e-11 	3
19.0 	1.89201e-06 	3.94291e-11 	3
20.0 	1.86764e-06 	5.46884e-11 	3
21.0 	1.84609e-06 	7.18931e-11 	3
22.0 	1.8303e-06 	9.63959e-11 	3
23.0 	1.81708e-06 	9.82029e-12 	4
24.0 	1.80441e-06 	1.00646e-11 	4
25.0 	1.79254e-06 	1.01917e-11 	4
26.0 	1.78084e-06 	1.01764e-11 	4
27.0 	1.76981e-06 	1.00256e-11 	4
28.0 	1.75952e-06 	9.85498e-12 	4
29.0 	1.74935e-06 	9.39819e-11 	3
30.0 	1.73928e-06 	7.77501e-11 	3
31.0 	1.72898e-06 	6.63259e-11 	3
32.0 	1.7187e-06 	2.87409e-11 	3
33.0 	1.70888e-06 	1.76885e-11 	3
34.0 	1.69952e-06 	1.07529e-11 	3
35.0 	1.69096e-06 	8.24915e-12 	3
36.0 	1.68257e-06 	8.26114e-11 	3
37.0 	1.67389e-06 	8.47771e-11 	3
38.0 	1.66454e-06 	8.60767e-11 	3
39.0 	1.65413e-06 	9.10305e-11 	3
40.0 	1.64282e-06 	9.95907e-11 	3
41.0 	1.63046e-06 	1.71053e-11 	3
42.0 	1.61793e-06 	1.91641e-11 	3
43.0 	1.60486e-06 	2.07567e-11 	3
44.0 	1.59206e-06 	2.22702e-11 	3
45.0 	1.57825e-06 	2.40626e-11 	3
46.0 	1.56344e-06 	2.6448e-11 	3
47.0 	1.54778e-06 	2.99114e-11 	3
48.0 	1.53153e-06 	3.54483e-11 	3
49.0 	1.51495e-06 	4.59093e-11 	3
50.0 	1.49775e-06 	2.85957e-11 	4
51.0 	1.48104e-06 	7.93948e-11 	3
52.0 	1.46459e-06 	1.07886e-11 	3
53.0 	1.44839e-06 	1.48896e-11 	3
54.0 	1.43265e-06 	1.83264e-11 	3
55.0 	1.41751e-06 	2.23886e-11 	3
56.0 	1.40319e-06 	3.03346e-11 	3
57.0 	1.39085e-06 	5.5443e-11 	3
58.0 	1.382e-06 	7.89082e-11 	3
59.0 	1.37617e-06 	8.54189e-11 	3
60.0 	1.37258e-06 	9.53774e-11 	3
61.0 	1.37092e-06 	1.20772e-11 	3
62.0 	1.37063e-06 	1.32535e-11 	3
63.0 	1.37142e-06 	1.40136e-11 	3
64.0 	1.37333e-06 	1.45189e-11 	3
65.0 	1.3756e-06 	1.48885e-11 	3
66.0 	1.3782e-06 	1.50914e-11 	3
67.0 	1.38098e-06 	1.50201e-11 	3
68.0 	1.38385e-06 	1.46817e-11 	3
69.0 	1.38678e-06 	1.41304e-11 	3
70.0 	1.38972e-06 	1.3469e-11 	3
71.0 	1.39265e-06 	1.27865e-11 	3
72.0 	1.39578e-06 	1.21691e-11 	3
73.0 	1.39906e-06 	1.16133e-11 	3
74.0 	1.40405e-06 	1.11687e-11 	3
75.0 	1.40945e-06 	9.9503e-11 	3
76.0 	1.41498e-06 	9.77156e-11 	3
77.0 	1.42142e-06 	9.61223e-11 	3
78.0 	1.42796e-06 	9.45791e-11 	3
79.0 	1.43505e-06 	9.3201e-11 	3
80.0 	1.44364e-06 	9.20704e-11 	3
81.0 	1.45313e-06 	9.11865e-11 	3
82.0 	1.46427e-06 	9.04513e-11 	3
83.0 	1.47738e-06 	9.0008e-11 	3
84.0 	1.49344e-06 	9.02951e-11 	3
85.0 	1.51168e-06 	9.06734e-11 	3
86.0 	1.5323e-06 	9.11864e-11 	3
87.0 	1.55381e-06 	9.17032e-11 	3
88.0 	1.57603e-06 	9.24344e-11 	3
89.0 	1.59872e-06 	9.32536e-11 	3
90.0 	1.62198e-06 	9.41723e-11 	3
91.0 	1.64558e-06 	9.51967e-11 	3
92.0 	1.66963e-06 	9.63254e-11 	3
93.0 	1.69448e-06 	9.74959e-11 	3
94.0 	1.71912e-06 	9.86519e-11 	3
95.0 	1.74463e-06 	9.98378e-11 	3
96.0 	1.77188e-06 	1.12176e-11 	3
97.0 	1.7994e-06 	1.14113e-11 	3
98.0 	1.82756e-06 	1.1616e-11 	3
99.0 	1.85542e-06 	1.18317e-11 	3
100.0 	1.88405e-06 	1.2076e-11 	3
101.0 	1.91348e-06 	1.23424e-11 	3
102.0 	1.94436e-06 	1.2629e-11 	3
103.0 	1.97586e-06 	1.29074e-11 	3
104.0 	2.00793e-06 	1.3186e-11 	3
105.0 	2.04047e-06 	1.3455e-11 	3
106.0 	2.07376e-06 	1.37143e-11 	3
107.0 	2.10721e-06 	1.39666e-11 	3
108.0 	2.14131e-06 	1.41975e-11 	3
109.0 	2.17648e-06 	1.44242e-11 	3
110.0 	2.21263e-06 	1.46459e-11 	3
111.0 	2.24959e-06 	1.48756e-11 	3
112.0 	2.28718e-06 	1.51106e-11 	3
113.0 	2.3255e-06 	1.53582e-11 	3
114.0 	2.36416e-06 	1.56223e-11 	3
115.0 	2.40324e-06 	1.59191e-11 	3
116.0 	2.44272e-06 	1.62087e-11 	3
117.0 	2.48256e-06 	1.65025e-11 	3
118.0 	2.52277e-06 	1.67607e-11 	3
119.0 	2.56326e-06 	1.68502e-11 	3
120.0 	2.60399e-06 	1.65493e-11 	3
121.0 	2.64501e-06 	1.66357e-11 	3
122.0 	2.68618e-06 	1.99612e-11 	4
123.0 	2.72738e-06 	3.85351e-11 	3
124.0 	2.76867e-06 	3.10976e-11 	3
125.0 	2.81018e-06 	2.88899e-11 	3
126.0 	2.85238e-06 	2.79149e-11 	3
127.0 	2.89408e-06 	2.73358e-11 	3
128.0 	2.93558e-06 	2.70926e-11 	3
129.0 	2.97665e-06 	2.72177e-11 	3
130.0 	3.01728e-06 	2.76784e-11 	3
131.0 	3.0577e-06 	2.83569e-11 	3
132.0 	3.09781e-06 	3.39079e-11 	3
133.0 	3.13712e-06 	2.3948e-11 	3
134.0 	3.17593e-06 	2.42269e-11 	3
135.0 	3.21427e-06 	2.36517e-11 	3
136.0 	3.25219e-06 	2.31028e-11 	3
137.0 	3.28954e-06 	2.2568e-11 	3
138.0 	3.32631e-06 	2.21038e-11 	3
139.0 	3.36226e-06 	2.23077e-11 	3
140.0 	3.39741e-06 	3.64218e-11 	3
141.0 	3.43376e-06 	9.20693e-11 	3
142.0 	3.46903e-06 	3.4271e-11 	4
143.0 	3.50369e-06 	2.47091e-11 	3
144.0 	3.53721e-06 	2.33578e-11 	3
145.0 	3.56983e-06 	2.4623e-11 	3
146.0 	3.60141e-06 	2.60403e-11 	3
147.0 	3.63214e-06 	2.68868e-11 	3
148.0 	3.66198e-06 	2.72695e-11 	3
149.0 	3.69077e-06 	2.73236e-11 	3
150.0 	3.71862e-06 	2.70782e-11 	3
151.0 	3.74625e-06 	2.68059e-11 	3
152.0 	3.77343e-06 	2.66299e-11 	3
153.0 	3.79991e-06 	2.66901e-11 	3
154.0 	3.82551e-06 	2.66642e-11 	3
155.0 	3.85028e-06 	2.6586e-11 	3
156.0 	3.87434e-06 	2.66899e-11 	3
157.0 	3.89722e-06 	2.6943e-11 	3
158.0 	3.92155e-06 	2.7519e-11 	3
159.0 	3.94628e-06 	2.83285e-11 	3
160.0 	3.97083e-06 	2.96103e-11 	3
161.0 	3.99483e-06 	3.12951e-11 	3
162.0 	4.01889e-06 	3.31622e-11 	3
163.0 	4.04256e-06 	3.49291e-11 	3
164.0 	4.0658e-06 	3.59429e-11 	3
165.0 	4.08886e-06 	3.6221e-11 	3
166.0 	4.11145e-06 	3.58193e-11 	3
167.0 	4.13362e-06 	3.48955e-11 	3
168.0 	4.15491e-06 	3.4127e-11 	3
169.0 	4.17576e-06 	3.37836e-11 	3
170.0 	4.19596e-06 	3.37285e-11 	3
171.0 	4.21517e-06 	3.37584e-11 	3
172.0 	4.23331e-06 	3.3626e-11 	3
173.0 	4.25087e-06 	3.34116e-11 	3
174.0 	4.26714e-06 	3.36509e-11 	3
175.0 	4.28354e-06 	3.43809e-11 	3
176.0 	4.30077e-06 	3.5616e-11 	3
177.0 	4.31716e-06 	3.70245e-11 	3
178.0 	4.33293e-06 	3.85623e-11 	3
179.0 	4.34919e-06 	4.04428e-11 	3
180.0 	4.36493e-06 	4.26291e-11 	3
181.0 	4.37971e-06 	4.47096e-11 	3
182.0 	4.39376e-06 	4.62814e-11 	3
183.0 	4.40681e-06 	4.73045e-11 	3
184.0 	4.41948e-06 	4.79608e-11 	3
185.0 	4.43126e-06 	4.83207e-11 	3
186.0 	4.45044e-06 	4.79196e-11 	3
187.0 	4.46979e-06 	4.70069e-11 	3
188.0 	4.48882e-06 	4.5753e-11 	3
189.0 	4.50672e-06 	4.43257e-11 	3
190.0 	4.52317e-06 	4.26798e-11 	3
191.0 	4.53913e-06 	4.17061e-11 	3
192.0 	4.55512e-06 	4.10051e-11 	3
193.0 	4.5698e-06 	4.066e-11 	3
194.0 	4.58315e-06 	4.08445e-11 	3
195.0 	4.59513e-06 	4.11112e-11 	3
196.0 	4.60611e-06 	4.12418e-11 	3
197.0 	4.61613e-06 	4.14159e-11 	3
198.0 	4.64238e-06 	4.16043e-11 	3
199.0 	4.66712e-06 	4.18639e-11 	3
200.0 	4.68975e-06 	4.23426e-11 	3
201.0 	4.7098e-06 	4.27856e-11 	3
202.0 	4.72769e-06 	4.34401e-11 	3
203.0 	4.74484e-06 	4.42467e-11 	3
204.0 	4.76174e-06 	4.51615e-11 	3
205.0 	4.77792e-06 	4.56144e-11 	3
206.0 	4.79226e-06 	4.62551e-11 	3
207.0 	4.80603e-06 	4.72555e-11 	3
208.0 	4.81816e-06 	4.85156e-11 	3
209.0 	4.8294e-06 	4.97125e-11 	3
210.0 	4.83966e-06 	5.05976e-11 	3
211.0 	4.84899e-06 	5.12413e-11 	3
212.0 	4.85631e-06 	5.19671e-11 	3
213.0 	4.8651e-06 	5.2623e-11 	3
214.0 	4.87214e-06 	5.3228e-11 	3
215.0 	4.87808e-06 	5.37531e-11 	3
216.0 	4.91005e-06 	5.41036e-11 	3
217.0 	4.94094e-06 	5.43297e-11 	3
218.0 	4.96955e-06 	5.43693e-11 	3
219.0 	4.99691e-06 	5.452e-11 	3
220.0 	5.02083e-06 	5.48484e-11 	3
221.0 	5.04392e-06 	5.58692e-11 	3
222.0 	5.06487e-06 	5.72926e-11 	3
223.0 	5.08526e-06 	5.72012e-11 	3
224.0 	5.1038e-06 	5.61817e-11 	3
225.0 	5.11986e-06 	5.62588e-11 	3
226.0 	5.13499e-06 	5.61945e-11 	3
227.0 	5.1476e-06 	5.60326e-11 	3
228.0 	5.15748e-06 	5.57858e-11 	3
229.0 	5.16569e-06 	5.54908e-11 	3
230.0 	5.17345e-06 	5.51756e-11 	3
231.0 	5.1779e-06 	5.48847e-11 	3
232.0 	5.18035e-06 	5.47706e-11 	3
233.0 	5.18016e-06 	5.47132e-11 	3
234.0 	5.18023e-06 	5.52883e-11 	3
235.0 	5.17815e-06 	5.64426e-11 	3
236.0 	5.17393e-06 	5.62175e-11 	3
237.0 	5.16854e-06 	5.52399e-11 	3
238.0 	5.16134e-06 	5.52538e-11 	3
239.0 	5.1535e-06 	5.54877e-11 	3
240.0 	5.14594e-06 	5.57495e-11 	3
241.0 	5.1371e-06 	5.59963e-11 	3
242.0 	5.15064e-06 	5.62617e-11 	3
243.0 	5.16751e-06 	5.65309e-11 	3
244.0 	5.18097e-06 	5.67764e-11 	3
245.0 	5.19302e-06 	5.69735e-11 	3
246.0 	5.20353e-06 	5.71229e-11 	3
247.0 	5.21075e-06 	5.7226e-11 	3
248.0 	5.2156e-06 	5.73336e-11 	3
249.0 	5.21886e-06 	5.74825e-11 	3
250.0 	5.22052e-06 	5.76203e-11 	3
251.0 	5.22059e-06 	5.77986e-11 	3
252.0 	5.2189e-06 	5.80365e-11 	3
253.0 	5.21534e-06 	5.84274e-11 	3
254.0 	5.20996e-06 	5.89506e-11 	3
255.0 	5.20381e-06 	5.94712e-11 	3
256.0 	5.19565e-06 	5.99051e-11 	3
257.0 	5.18644e-06 	5.95579e-11 	3
258.0 	5.17585e-06 	5.77351e-11 	3
259.0 	5.16356e-06 	5.49661e-11 	3
260.0 	5.14948e-06 	5.51544e-11 	3
261.0 	5.13384e-06 	5.65926e-11 	3
262.0 	5.11569e-06 	5.68065e-11 	3
263.0 	5.09499e-06 	5.66188e-11 	3
264.0 	5.07212e-06 	5.66302e-11 	3
265.0 	5.04656e-06 	5.65843e-11 	3
266.0 	5.01856e-06 	5.6145e-11 	3
267.0 	4.98838e-06 	5.53915e-11 	3
268.0 	4.95812e-06 	5.47806e-11 	3
269.0 	4.9275e-06 	5.43493e-11 	3
270.0 	4.89566e-06 	5.39268e-11 	3
271.0 	4.86286e-06 	5.34836e-11 	3
272.0 	4.82995e-06 	5.31121e-11 	3
273.0 	4.79658e-06 	5.27691e-11 	3
274.0 	4.76211e-06 	5.23526e-11 	3
275.0 	4.72634e-06 	5.18519e-11 	3
276.0 	4.68996e-06 	5.12598e-11 	3
277.0 	4.65196e-06 	5.06525e-11 	3
278.0 	4.63871e-06 	5.03579e-11 	3
279.0 	4.6308e-06 	5.04625e-11 	3
280.0 	4.62105e-06 	5.0861e-11 	3
281.0 	4.60933e-06 	5.11324e-11 	3
282.0 	4.59596e-06 	5.07104e-11 	3
283.0 	4.58193e-06 	4.93772e-11 	3
284.0 	4.5677e-06 	4.78337e-11 	3
285.0 	4.55308e-06 	4.61149e-11 	3
286.0 	4.53725e-06 	4.44101e-11 	3
287.0 	4.52045e-06 	4.33382e-11 	3
288.0 	4.5026e-06 	4.2761e-11 	3
289.0 	4.48348e-06 	4.19958e-11 	3
290.0 	4.46322e-06 	4.10274e-11 	3
291.0 	4.44236e-06 	3.98891e-11 	3
292.0 	4.42087e-06 	3.89021e-11 	3
293.0 	4.3989e-06 	3.8014e-11 	3
294.0 	4.37657e-06 	3.70369e-11 	3
295.0 	4.35514e-06 	3.60472e-11 	3
296.0 	4.33332e-06 	3.51093e-11 	3
297.0 	4.31101e-06 	3.43675e-11 	3
298.0 	4.28857e-06 	3.35198e-11 	3
299.0 	4.26738e-06 	3.25121e-11 	3
300.0 	4.2457e-06 	3.13094e-11 	3
301.0 	4.22349e-06 	2.98832e-11 	3
302.0 	4.20069e-06 	2.86609e-11 	3
303.0 	4.17866e-06 	2.79997e-11 	3
304.0 	4.15618e-06 	2.70068e-11 	3
305.0 	4.13336e-06 	2.41252e-11 	3
306.0 	4.10936e-06 	2.07284e-11 	3
307.0 	4.08415e-06 	1.87216e-11 	3
308.0 	4.05829e-06 	1.73652e-11 	3
309.0 	4.03176e-06 	1.59365e-11 	3
310.0 	4.0047e-06 	1.43056e-11 	3
311.0 	3.97684e-06 	1.26182e-11 	3
312.0 	3.94803e-06 	1.14721e-11 	3
313.0 	3.918e-06 	9.86508e-11 	3
314.0 	3.88742e-06 	9.64078e-11 	3
315.0 	3.85693e-06 	9.35669e-11 	3
316.0 	3.85315e-06 	9.34732e-11 	3
317.0 	3.85986e-06 	9.43776e-11 	3
318.0 	3.86711e-06 	9.66271e-11 	3
319.0 	3.87502e-06 	9.90545e-11 	3
320.0 	3.88183e-06 	1.35252e-11 	3
321.0 	3.88742e-06 	1.51124e-11 	3
322.0 	3.89196e-06 	1.67579e-11 	3
323.0 	3.89517e-06 	1.84372e-11 	3
324.0 	3.89689e-06 	2.01189e-11 	3
325.0 	3.89698e-06 	2.1791e-11 	3
326.0 	3.89536e-06 	2.33926e-11 	3
327.0 	3.89201e-06 	2.49396e-11 	3
328.0 	3.88689e-06 	2.63824e-11 	3
329.0 	3.88013e-06 	2.7753e-11 	3
330.0 	3.87145e-06 	2.90441e-11 	3
331.0 	3.86158e-06 	3.02202e-11 	3
332.0 	3.8501e-06 	3.12978e-11 	3
333.0 	3.83692e-06 	3.22655e-11 	3
334.0 	3.82211e-06 	3.31358e-11 	3
335.0 	3.80579e-06 	3.39121e-11 	3
336.0 	3.78803e-06 	3.45995e-11 	3
337.0 	3.76878e-06 	3.52401e-11 	3
338.0 	3.7479e-06 	3.58139e-11 	3
339.0 	3.72569e-06 	3.62847e-11 	3
340.0 	3.70251e-06 	3.66232e-11 	3
341.0 	3.67819e-06 	3.68966e-11 	3
342.0 	3.65299e-06 	3.71628e-11 	3
343.0 	3.6263e-06 	3.74955e-11 	3
344.0 	3.59846e-06 	3.77734e-11 	3
345.0 	3.56949e-06 	3.79792e-11 	3
346.0 	3.5394e-06 	3.80636e-11 	3
347.0 	3.5084e-06 	3.80434e-11 	3
348.0 	3.47676e-06 	3.82011e-11 	3
349.0 	3.44642e-06 	3.83393e-11 	3
350.0 	3.42854e-06 	3.85147e-11 	3
351.0 	3.41021e-06 	3.86988e-11 	3
352.0 	3.39175e-06 	3.8844e-11 	3
353.0 	3.37384e-06 	3.89213e-11 	3
354.0 	3.36911e-06 	3.89151e-11 	3
355.0 	3.36487e-06 	3.91231e-11 	3
356.0 	3.35938e-06 	3.92828e-11 	3
357.0 	3.35331e-06 	3.93539e-11 	3
358.0 	3.34595e-06 	3.94451e-11 	3
359.0 	3.33791e-06 	3.9576e-11 	3
360.0 	3.32899e-06 	3.97411e-11 	3
361.0 	3.31936e-06 	3.98457e-11 	3
362.0 	3.30884e-06 	3.98772e-11 	3
363.0 	3.29756e-06 	3.98675e-11 	3
364.0 	3.2866e-06 	3.98345e-11 	3
365.0 	3.27449e-06 	3.96669e-11 	3
366.0 	3.26178e-06 	3.95925e-11 	3
367.0 	3.24802e-06 	3.97021e-11 	3
368.0 	3.23323e-06 	3.97729e-11 	3
369.0 	3.21903e-06 	3.98396e-11 	3
370.0 	3.20387e-06 	3.99779e-11 	3
371.0 	3.18804e-06 	3.99577e-11 	3
372.0 	3.17119e-06 	3.98666e-11 	3
373.0 	3.15328e-06 	3.98384e-11 	3
374.0 	3.13631e-06 	3.98744e-11 	3
375.0 	3.11949e-06 	3.99272e-11 	3
376.0 	3.10239e-06 	4.00109e-11 	3
377.0 	3.09243e-06 	4.00114e-11 	3
378.0 	3.08196e-06 	3.98016e-11 	3
379.0 	3.07053e-06 	3.95066e-11 	3
380.0 	3.05968e-06 	3.93329e-11 	3
381.0 	3.04857e-06 	3.91781e-11 	3
382.0 	3.03693e-06 	3.89849e-11 	3
383.0 	3.02463e-06 	3.87763e-11 	3
384.0 	3.0118e-06 	3.85682e-11 	3
385.0 	2.99846e-06 	3.83844e-11 	3
386.0 	2.985e-06 	3.822e-11 	3
387.0 	2.97302e-06 	3.80498e-11 	3
388.0 	2.96027e-06 	3.78963e-11 	3
389.0 	2.94697e-06 	3.77589e-11 	3
390.0 	2.93304e-06 	3.75968e-11 	3
391.0 	2.91856e-06 	3.74367e-11 	3
392.0 	2.90331e-06 	3.72331e-11 	3
393.0 	2.88751e-06 	3.69931e-11 	3
394.0 	2.87107e-06 	3.66617e-11 	3
395.0 	2.8557e-06 	3.61667e-11 	3
396.0 	2.84561e-06 	3.57589e-11 	3
397.0 	2.835e-06 	3.52948e-11 	3
398.0 	2.82392e-06 	3.48229e-11 	3
399.0 	2.81319e-06 	3.44634e-11 	3
400.0 	2.80473e-06 	3.40546e-11 	3
401.0 	2.79565e-06 	3.36463e-11 	3
402.0 	2.78608e-06 	3.34116e-11 	3
403.0 	2.77601e-06 	3.32338e-11 	3
404.0 	2.76517e-06 	3.32143e-11 	3
405.0 	2.75373e-06 	3.32677e-11 	3
406.0 	2.74294e-06 	3.30904e-11 	3
407.0 	2.73466e-06 	3.28294e-11 	3
408.0 	2.72661e-06 	3.2322e-11 	3
409.0 	2.72098e-06 	3.18905e-11 	3
410.0 	2.71475e-06 	3.14054e-11 	3
411.0 	2.70806e-06 	3.08666e-11 	3
412.0 	2.70053e-06 	3.03372e-11 	3
413.0 	2.69279e-06 	2.98745e-11 	3
414.0 	2.68518e-06 	2.93526e-11 	3
415.0 	2.67688e-06 	2.87582e-11 	3
416.0 	2.66788e-06 	9.95278e-11 	3
417.0 	2.65818e-06 	9.90355e-11 	3
418.0 	2.65354e-06 	9.88808e-11 	3
419.0 	2.65646e-06 	9.78951e-11 	3
420.0 	2.65935e-06 	9.84511e-11 	3
421.0 	2.66349e-06 	9.81834e-11 	3
422.0 	2.66878e-06 	9.74164e-11 	3
423.0 	2.67284e-06 	9.62369e-11 	3
424.0 	2.6757e-06 	9.46781e-11 	3
425.0 	2.67729e-06 	9.2937e-11 	3
426.0 	2.67941e-06 	9.09467e-11 	3
427.0 	2.68372e-06 	8.8894e-11 	3
428.0 	2.68891e-06 	8.70192e-11 	3
429.0 	2.6933e-06 	8.57077e-11 	3
430.0 	2.69676e-06 	8.472e-11 	3
431.0 	2.69944e-06 	8.39022e-11 	3
432.0 	2.70127e-06 	8.34989e-11 	3
433.0 	2.70219e-06 	8.34904e-11 	3
434.0 	2.70203e-06 	8.32059e-11 	3
435.0 	2.7009e-06 	8.13751e-11 	3
436.0 	2.69864e-06 	7.98535e-11 	3
437.0 	2.69559e-06 	7.88406e-11 	3
438.0 	2.69364e-06 	7.74613e-11 	3
439.0 	2.69081e-06 	7.59165e-11 	3
440.0 	2.69036e-06 	7.6086e-11 	3
441.0 	2.68975e-06 	7.41421e-11 	3
442.0 	2.68912e-06 	7.1709e-11 	3
443.0 	2.68781e-06 	7.12631e-11 	3
444.0 	2.6861e-06 	7.05112e-11 	3
445.0 	2.68377e-06 	6.98995e-11 	3
446.0 	2.68072e-06 	6.92654e-11 	3
447.0 	2.67701e-06 	6.87723e-11 	3
448.0 	2.67211e-06 	6.83911e-11 	3
449.0 	2.66576e-06 	6.77688e-11 	3
450.0 	2.65833e-06 	6.68284e-11 	3
451.0 	2.65117e-06 	6.52979e-11 	3
452.0 	2.64444e-06 	6.33281e-11 	3
453.0 	2.64004e-06 	6.12297e-11 	3
454.0 	2.63621e-06 	5.9356e-11 	3
455.0 	2.63178e-06 	5.79717e-11 	3
456.0 	2.62644e-06 	5.69953e-11 	3
457.0 	2.62068e-06 	5.64072e-11 	3
458.0 	2.61389e-06 	5.58807e-11 	3
459.0 	2.60619e-06 	5.52938e-11 	3
460.0 	2.59785e-06 	5.4451e-11 	3
461.0 	2.59192e-06 	5.33267e-11 	3
462.0 	2.58528e-06 	5.20406e-11 	3
463.0 	2.57786e-06 	5.06608e-11 	3
464.0 	2.56961e-06 	4.92868e-11 	3
465.0 	2.56115e-06 	4.80452e-11 	3
466.0 	2.55191e-06 	4.71249e-11 	3
467.0 	2.54184e-06 	4.64061e-11 	3
468.0 	2.53117e-06 	4.58841e-11 	3
469.0 	2.51973e-06 	4.54735e-11 	3
470.0 	2.51002e-06 	4.34423e-11 	3
471.0 	2.51274e-06 	4.46535e-11 	3
472.0 	2.51585e-06 	4.63094e-11 	3
473.0 	2.5201e-06 	4.73379e-11 	3
474.0 	2.52356e-06 	4.78854e-11 	3
475.0 	2.5264e-06 	4.86428e-11 	3
476.0 	2.52814e-06 	4.95881e-11 	3
477.0 	2.52855e-06 	5.02977e-11 	3
478.0 	2.52778e-06 	5.11629e-11 	3
479.0 	2.52584e-06 	5.17353e-11 	3
480.0 	2.52328e-06 	5.23086e-11 	3
481.0 	2.52022e-06 	5.31086e-11 	3
482.0 	2.51675e-06 	5.42388e-11 	3
483.0 	2.51284e-06 	5.55345e-11 	3
484.0 	2.50868e-06 	5.69369e-11 	3
485.0 	2.50735e-06 	5.81911e-11 	3
486.0 	2.50552e-06 	5.89197e-11 	3
487.0 	2.5032e-06 	5.94432e-11 	3
488.0 	2.50336e-06 	5.9844e-11 	3
489.0 	2.50287e-06 	6.01892e-11 	3
490.0 	2.50165e-06 	6.05116e-11 	3
491.0 	2.49975e-06 	6.1075e-11 	3
492.0 	2.49733e-06 	6.18863e-11 	3
493.0 	2.49418e-06 	6.29501e-11 	3
494.0 	2.4903e-06 	6.40288e-11 	3
495.0 	2.48608e-06 	6.50381e-11 	3
496.0 	2.48115e-06 	6.597e-11 	3
497.0 	2.47552e-06 	6.68028e-11 	3
498.0 	2.46919e-06 	6.76056e-11 	3
499.0 	2.46213e-06 	6.83719e-11 	3
500.0 	2.45443e-06 	6.91093e-11 	3
501.0 	2.44605e-06 	6.98584e-11 	3
502.0 	2.43747e-06 	7.06732e-11 	3
503.0 	2.42835e-06 	7.14553e-11 	3
504.0 	2.41902e-06 	7.22156e-11 	3
505.0 	2.411e-06 	7.29845e-11 	3
506.0 	2.40221e-06 	7.37553e-11 	3
507.0 	2.39263e-06 	7.4539e-11 	3
508.0 	2.38259e-06 	7.53567e-11 	3
509.0 	2.37193e-06 	7.62204e-11 	3
510.0 	2.36047e-06 	7.70894e-11 	3
511.0 	2.34842e-06 	7.79372e-11 	3
512.0 	2.3379e-06 	7.87562e-11 	3
513.0 	2.33176e-06 	7.95648e-11 	3
514.0 	2.33646e-06 	8.03788e-11 	3
515.0 	2.34047e-06 	8.11494e-11 	3
516.0 	2.3438e-06 	8.18893e-11 	3
517.0 	2.34648e-06 	8.26093e-11 	3
518.0 	2.34851e-06 	8.29616e-11 	3
519.0 	2.35e-06 	8.30939e-11 	3
520.0 	2.35098e-06 	8.31471e-11 	3
521.0 	2.35279e-06 	8.29883e-11 	3
522.0 	2.35636e-06 	8.29727e-11 	3
523.0 	2.35923e-06 	8.32025e-11 	3
524.0 	2.3614e-06 	8.33404e-11 	3
525.0 	2.36309e-06 	8.34387e-11 	3
526.0 	2.36441e-06 	8.35143e-11 	3
527.0 	2.36508e-06 	8.35672e-11 	3
528.0 	2.36511e-06 	8.36314e-11 	3
529.0 	2.36448e-06 	8.37085e-11 	3
530.0 	2.36322e-06 	8.37865e-11 	3
531.0 	2.36137e-06 	8.38473e-11 	3
532.0 	2.35909e-06 	8.38966e-11 	3
533.0 	2.3562e-06 	8.39241e-11 	3
534.0 	2.35268e-06 	8.39261e-11 	3
535.0 	2.34852e-06 	8.39015e-11 	3
536.0 	2.34386e-06 	8.38328e-11 	3
537.0 	2.3386e-06 	8.37357e-11 	3
538.0 	2.33274e-06 	8.36359e-11 	3
539.0 	2.32625e-06 	8.35204e-11 	3
540.0 	2.3194e-06 	8.33623e-11 	3
541.0 	2.31227e-06 	8.33041e-11 	3
542.0 	2.3046e-06 	8.32459e-11 	3
543.0 	2.29639e-06 	8.31776e-11 	3
544.0 	2.28762e-06 	8.30853e-11 	3
545.0 	2.27833e-06 	8.29714e-11 	3
546.0 	2.26849e-06 	8.28381e-11 	3
547.0 	2.2581e-06 	8.26776e-11 	3
548.0 	2.24753e-06 	8.25367e-11 	3
549.0 	2.23718e-06 	8.23826e-11 	3
550.0 	2.22644e-06 	8.22085e-11 	3
551.0 	2.21527e-06 	8.20305e-11 	3
552.0 	2.20983e-06 	8.19344e-11 	3
553.0 	2.20905e-06 	8.18889e-11 	3
554.0 	2.20769e-06 	8.18464e-11 	3
555.0 	2.20577e-06 	8.18022e-11 	3
556.0 	2.20333e-06 	8.16387e-11 	3
557.0 	2.20037e-06 	8.14114e-11 	3
558.0 	2.19693e-06 	8.11508e-11 	3
559.0 	2.19341e-06 	8.0872e-11 	3
560.0 	2.19021e-06 	8.05568e-11 	3
561.0 	2.18646e-06 	8.02634e-11 	3
562.0 	2.18212e-06 	7.99647e-11 	3
563.0 	2.17981e-06 	7.96549e-11 	3
564.0 	2.17996e-06 	7.93379e-11 	3
565.0 	2.17953e-06 	7.90515e-11 	3
566.0 	2.1785e-06 	7.876e-11 	3
567.0 	2.17707e-06 	7.84635e-11 	3
568.0 	2.17507e-06 	7.81503e-11 	3
569.0 	2.17249e-06 	7.78186e-11 	3
570.0 	2.16937e-06 	7.7502e-11 	3
571.0 	2.16578e-06 	7.72045e-11 	3
572.0 	2.16158e-06 	7.68881e-11 	3
573.0 	2.15681e-06 	7.65472e-11 	3
574.0 	2.15147e-06 	7.6181e-11 	3
575.0 	2.14554e-06 	7.57989e-11 	3
576.0 	2.13904e-06 	7.53968e-11 	3
577.0 	2.1321e-06 	7.49751e-11 	3
578.0 	2.12479e-06 	7.45304e-11 	3
579.0 	2.11701e-06 	7.40935e-11 	3
580.0 	2.10881e-06 	7.36383e-11 	3
581.0 	2.1001e-06 	7.31638e-11 	3
582.0 	2.0909e-06 	7.26656e-11 	3
583.0 	2.0812e-06 	7.2192e-11 	3
584.0 	2.07102e-06 	7.17289e-11 	3
585.0 	2.06039e-06 	7.11749e-11 	3
586.0 	2.04975e-06 	7.05913e-11 	3
587.0 	2.04545e-06 	6.99923e-11 	3
588.0 	2.04304e-06 	6.93827e-11 	3
589.0 	2.04013e-06 	6.87406e-11 	3
590.0 	2.03668e-06 	6.80748e-11 	3
591.0 	2.03276e-06 	6.74044e-11 	3
592.0 	2.02834e-06 	6.67368e-11 	3
593.0 	2.02344e-06 	6.60695e-11 	3
594.0 	2.01808e-06 	6.54015e-11 	3
595.0 	2.01226e-06 	6.47338e-11 	3
596.0 	2.00693e-06 	6.40971e-11 	3
597.0 	2.00268e-06 	6.34457e-11 	3
598.0 	1.99802e-06 	6.28214e-11 	3
599.0 	1.993e-06 	6.22157e-11 	3
600.0 	1.98749e-06 	6.15988e-11 	3
601.0 	1.98152e-06 	6.09748e-11 	3
602.0 	1.9751e-06 	6.03724e-11 	3
603.0 	1.96821e-06 	5.9762e-11 	3
604.0 	1.96084e-06 	5.91194e-11 	3
605.0 	1.95304e-06 	5.8427e-11 	3
606.0 	1.94477e-06 	5.77496e-11 	3
607.0 	1.93604e-06 	5.71699e-11 	3
608.0 	1.92685e-06 	5.66075e-11 	3
609.0 	1.9175e-06 	5.60355e-11 	3
610.0 	1.91493e-06 	5.54625e-11 	3
611.0 	1.91212e-06 	5.48745e-11 	3
612.0 	1.90883e-06 	5.4268e-11 	3
613.0 	1.90508e-06 	5.36574e-11 	3
614.0 	1.90094e-06 	5.30579e-11 	3
615.0 	1.8964e-06 	5.24433e-11 	3
616.0 	1.89147e-06 	5.18418e-11 	3
617.0 	1.88941e-06 	5.12325e-11 	3
618.0 	1.89029e-06 	5.06174e-11 	3
619.0 	1.89077e-06 	4.99878e-11 	3
620.0 	1.89095e-06 	4.93578e-11 	3
621.0 	1.89073e-06 	4.87215e-11 	3
622.0 	1.89006e-06 	4.80845e-11 	3
623.0 	1.88896e-06 	4.7442e-11 	3
624.0 	1.88851e-06 	4.68085e-11 	3
625.0 	1.88773e-06 	4.61684e-11 	3
626.0 	1.88648e-06 	4.55195e-11 	3
627.0 	1.88479e-06 	4.48623e-11 	3
628.0 	1.88267e-06 	4.42055e-11 	3
629.0 	1.88009e-06 	4.35354e-11 	3
630.0 	1.87708e-06 	4.28796e-11 	3
631.0 	1.87365e-06 	4.23108e-11 	3
632.0 	1.86976e-06 	4.17334e-11 	3
633.0 	1.86543e-06 	4.11463e-11 	3
634.0 	1.86066e-06 	4.05502e-11 	3
635.0 	1.85546e-06 	3.99509e-11 	3
636.0 	1.84979e-06 	3.93582e-11 	3
637.0 	1.84368e-06 	3.87649e-11 	3
638.0 	1.8372e-06 	3.81861e-11 	3
639.0 	1.83027e-06 	3.75924e-11 	3
640.0 	1.82292e-06 	3.69926e-11 	3
641.0 	1.81761e-06 	3.63862e-11 	3
642.0 	1.81425e-06 	3.57901e-11 	3
643.0 	1.8107e-06 	3.51887e-11 	3
644.0 	1.80674e-06 	3.45815e-11 	3
645.0 	1.80239e-06 	3.39708e-11 	3
646.0 	1.79763e-06 	3.33576e-11 	3
647.0 	1.79249e-06 	3.27398e-11 	3
648.0 	1.78699e-06 	3.21279e-11 	3
649.0 	1.78109e-06 	3.14992e-11 	3
650.0 	1.77481e-06 	3.08642e-11 	3
651.0 	1.76814e-06 	3.02222e-11 	3
652.0 	1.7611e-06 	2.95722e-11 	3
653.0 	1.75871e-06 	2.96034e-11 	3
654.0 	1.75973e-06 	3.01401e-11 	3
655.0 	1.76032e-06 	3.06801e-11 	3
656.0 	1.76195e-06 	3.12146e-11 	3
657.0 	1.76476e-06 	3.17416e-11 	3
658.0 	1.76716e-06 	3.22937e-11 	3
659.0 	1.7692e-06 	3.28471e-11 	3
660.0 	1.77082e-06 	3.33768e-11 	3
661.0 	1.77201e-06 	3.38934e-11 	3
662.0 	1.7728e-06 	3.44508e-11 	3
663.0 	1.77317e-06 	3.50911e-11 	3
664.0 	1.7731e-06 	3.57181e-11 	3
665.0 	1.77381e-06 	3.63329e-11 	3
666.0 	1.77548e-06 	3.69386e-11 	3
667.0 	1.77673e-06 	3.75289e-11 	3
668.0 	1.77761e-06 	3.80997e-11 	3
669.0 	1.7781e-06 	3.86494e-11 	3
670.0 	1.77823e-06 	3.91911e-11 	3
671.0 	1.77797e-06 	3.97411e-11 	3
672.0 	1.77744e-06 	4.03865e-11 	3
673.0 	1.77655e-06 	4.10221e-11 	3
674.0 	1.7752e-06 	4.16435e-11 	3
675.0 	1.77352e-06 	4.22629e-11 	3
676.0 	1.7715e-06 	4.28707e-11 	3
677.0 	1.77074e-06 	4.34592e-11 	3
678.0 	1.76959e-06 	4.4028e-11 	3
679.0 	1.76803e-06 	4.45775e-11 	3
680.0 	1.76804e-06 	4.51131e-11 	3
681.0 	1.76831e-06 	4.56508e-11 	3
682.0 	1.76815e-06 	4.61605e-11 	3
683.0 	1.76759e-06 	4.66558e-11 	3
684.0 	1.7667e-06 	4.71528e-11 	3
685.0 	1.76541e-06 	4.77626e-11 	3
686.0 	1.76371e-06 	4.83545e-11 	3
687.0 	1.76159e-06 	4.89299e-11 	3
688.0 	1.75906e-06 	4.9487e-11 	3
689.0 	1.75614e-06 	5.00258e-11 	3
690.0 	1.75284e-06 	5.05475e-11 	3
691.0 	1.74919e-06 	5.10675e-11 	3
692.0 	1.74512e-06 	5.15536e-11 	3
693.0 	1.74069e-06 	5.20219e-11 	3
694.0 	1.7403e-06 	5.24825e-11 	3
695.0 	1.74446e-06 	5.2949e-11 	3
696.0 	1.7482e-06 	5.34046e-11 	3
697.0 	1.75154e-06 	5.38437e-11 	3
698.0 	1.75448e-06 	5.42659e-11 	3
699.0 	1.75697e-06 	5.46713e-11 	3
700.0 	1.75904e-06 	5.50623e-11 	3
701.0 	1.76069e-06 	5.54364e-11 	3
702.0 	1.76193e-06 	5.58125e-11 	3
703.0 	1.76281e-06 	5.62057e-11 	3
704.0 	1.76323e-06 	5.65653e-11 	3
705.0 	1.76472e-06 	5.69097e-11 	3
706.0 	1.76699e-06 	5.72398e-11 	3
707.0 	1.76885e-06 	5.75539e-11 	3
708.0 	1.77029e-06 	5.78522e-11 	3
709.0 	1.77128e-06 	5.81346e-11 	3
710.0 	1.77186e-06 	5.84004e-11 	3
711.0 	1.77199e-06 	5.86494e-11 	3
712.0 	1.77171e-06 	5.88966e-11 	3
713.0 	1.77108e-06 	5.91445e-11 	3
714.0 	1.76999e-06 	5.93584e-11 	3
715.0 	1.76847e-06 	5.9556e-11 	3
716.0 	1.76662e-06 	5.97385e-11 	3
717.0 	1.76462e-06 	5.99059e-11 	3
718.0 	1.76225e-06 	6.00573e-11 	3
719.0 	1.75945e-06 	6.0192e-11 	3
720.0 	1.75624e-06 	6.03099e-11 	3
721.0 	1.75288e-06 	6.04108e-11 	3
722.0 	1.75126e-06 	6.04966e-11 	3
723.0 	1.74925e-06 	6.0565e-11 	3
724.0 	1.74682e-06 	6.06172e-11 	3
725.0 	1.74397e-06 	6.06595e-11 	3
726.0 	1.74076e-06 	6.07029e-11 	3
727.0 	1.73708e-06 	6.07138e-11 	3
728.0 	1.73299e-06 	6.07093e-11 	3
729.0 	1.72848e-06 	6.06809e-11 	3
730.0 	1.7236e-06 	6.06517e-11 	3
731.0 	1.71832e-06 	6.06134e-11 	3
732.0 	1.71265e-06 	6.05554e-11 	3
733.0 	1.7122e-06 	6.04841e-11 	3
734.0 	1.71498e-06 	6.03982e-11 	3
735.0 	1.71742e-06 	6.03106e-11 	3
736.0 	1.71948e-06 	6.01928e-11 	3
737.0 	1.72123e-06 	6.00635e-11 	3
738.0 	1.72259e-06 	5.99227e-11 	3
739.0 	1.72354e-06 	5.977e-11 	3
740.0 	1.72406e-06 	5.96053e-11 	3
741.0 	1.72416e-06 	5.94276e-11 	3
742.0 	1.72383e-06 	5.92358e-11 	3
743.0 	1.72308e-06 	5.9056e-11 	3
744.0 	1.72193e-06 	5.88828e-11 	3
745.0 	1.72121e-06 	5.87021e-11 	3
746.0 	1.72169e-06 	5.85086e-11 	3
747.0 	1.72176e-06 	5.83045e-11 	3
748.0 	1.72141e-06 	5.80888e-11 	3
749.0 	1.72072e-06 	5.78773e-11 	3
750.0 	1.71955e-06 	5.76345e-11 	3
751.0 	1.71799e-06 	5.73791e-11 	3
752.0 	1.71602e-06 	5.7113e-11 	3
753.0 	1.71366e-06 	5.68369e-11 	3
754.0 	1.71088e-06 	5.65499e-11 	3
755.0 	1.70769e-06 	5.62817e-11 	3
756.0 	1.7041e-06 	5.5999e-11 	3
757.0 	1.70014e-06 	5.5702e-11 	3
758.0 	1.69586e-06 	5.54074e-11 	3
759.0 	1.69115e-06 	5.50848e-11 	3
760.0 	1.68606e-06 	5.47953e-11 	3
761.0 	1.68058e-06 	5.45429e-11 	3
762.0 	1.67471e-06 	5.42813e-11 	3
763.0 	1.67108e-06 	5.40128e-11 	3
764.0 	1.66789e-06 	5.37339e-11 	3
765.0 	1.66432e-06 	5.3442e-11 	3
766.0 	1.66037e-06 	5.31368e-11 	3
767.0 	1.65602e-06 	5.28177e-11 	3
768.0 	1.6513e-06 	5.2486e-11 	3
769.0 	1.64621e-06 	5.2146e-11 	3
770.0 	1.64844e-06 	5.18194e-11 	3
771.0 	1.65113e-06 	5.14694e-11 	3
772.0 	1.6535e-06 	5.11711e-11 	3
773.0 	1.65546e-06 	5.08825e-11 	3
774.0 	1.65695e-06 	5.05875e-11 	3
775.0 	1.65811e-06 	5.02865e-11 	3
776.0 	1.65886e-06 	4.99785e-11 	3
777.0 	1.65921e-06 	4.96645e-11 	3
778.0 	1.65918e-06 	4.93369e-11 	3
779.0 	1.6588e-06 	4.90139e-11 	3
780.0 	1.65798e-06 	4.86648e-11 	3
781.0 	1.65675e-06 	4.83056e-11 	3
782.0 	1.65513e-06 	4.79378e-11 	3
783.0 	1.6531e-06 	4.75617e-11 	3
784.0 	1.65068e-06 	4.71762e-11 	3
785.0 	1.64788e-06 	4.67805e-11 	3
786.0 	1.64469e-06 	4.63749e-11 	3
787.0 	1.64125e-06 	4.59646e-11 	3
788.0 	1.63746e-06 	4.55465e-11 	3
789.0 	1.63327e-06 	4.51182e-11 	3
790.0 	1.62871e-06 	4.46806e-11 	3
791.0 	1.62381e-06 	4.4254e-11 	3
792.0 	1.61848e-06 	4.38056e-11 	3
793.0 	1.6128e-06 	4.33508e-11 	3
794.0 	1.60676e-06 	4.28902e-11 	3
795.0 	1.60034e-06 	4.24288e-11 	3
796.0 	1.59355e-06 	4.19843e-11 	3
797.0 	1.58642e-06 	4.15385e-11 	3
798.0 	1.57893e-06 	4.109e-11 	3
799.0 	1.57107e-06 	4.06302e-11 	3
800.0 	1.56292e-06 	4.01757e-11 	3
801.0 	1.55437e-06 	3.97612e-11 	3
802.0 	1.54549e-06 	3.93599e-11 	3
803.0 	1.53676e-06 	3.89532e-11 	3
804.0 	1.53498e-06 	3.85437e-11 	3
805.0 	1.53715e-06 	3.81529e-11 	3
806.0 	1.53897e-06 	3.77613e-11 	3
807.0 	1.54043e-06 	3.73602e-11 	3
808.0 	1.54153e-06 	3.69492e-11 	3
809.0 	1.54348e-06 	3.65292e-11 	3
810.0 	1.54544e-06 	3.61024e-11 	3
811.0 	1.54721e-06 	3.56783e-11 	3
812.0 	1.54878e-06 	3.52637e-11 	3
813.0 	1.54993e-06 	3.48311e-11 	3
814.0 	1.55072e-06 	3.43942e-11 	3
815.0 	1.55113e-06 	3.39529e-11 	3
816.0 	1.55115e-06 	3.35056e-11 	3
817.0 	1.55078e-06 	3.30526e-11 	3
818.0 	1.55005e-06 	3.2594e-11 	3
819.0 	1.54895e-06 	3.21285e-11 	3
820.0 	1.54749e-06 	3.16543e-11 	3
821.0 	1.54572e-06 	3.11903e-11 	3
822.0 	1.54355e-06 	3.07145e-11 	3
823.0 	1.54102e-06 	3.02397e-11 	3
824.0 	1.53812e-06 	2.97665e-11 	3
825.0 	1.53487e-06 	2.92933e-11 	3
826.0 	1.53125e-06 	2.88283e-11 	3
827.0 	1.52727e-06 	2.83602e-11 	3
828.0 	1.52294e-06 	2.78842e-11 	3
829.0 	1.51826e-06 	2.74008e-11 	3
830.0 	1.51322e-06 	2.69118e-11 	3
831.0 	1.50783e-06 	2.642e-11 	3
832.0 	1.50214e-06 	2.5937e-11 	3
833.0 	1.49607e-06 	2.54434e-11 	3
834.0 	1.48966e-06 	2.49562e-11 	3
835.0 	1.48291e-06 	2.44812e-11 	3
836.0 	1.47899e-06 	2.40783e-11 	3
837.0 	1.47772e-06 	2.36915e-11 	3
838.0 	1.47614e-06 	2.32991e-11 	3
839.0 	1.47424e-06 	2.29011e-11 	3
840.0 	1.47202e-06 	2.2497e-11 	3
841.0 	1.46951e-06 	2.21059e-11 	3
842.0 	1.46665e-06 	2.17016e-11 	3
843.0 	1.46458e-06 	2.14606e-11 	3
844.0 	1.46662e-06 	2.18146e-11 	3
845.0 	1.46833e-06 	2.21631e-11 	3
846.0 	1.46971e-06 	2.25248e-11 	3
847.0 	1.47083e-06 	2.28875e-11 	3
848.0 	1.47167e-06 	2.32412e-11 	3
849.0 	1.47215e-06 	2.35862e-11 	3
850.0 	1.47226e-06 	2.39248e-11 	3
851.0 	1.47201e-06 	2.42575e-11 	3
852.0 	1.47141e-06 	2.4588e-11 	3
853.0 	1.47049e-06 	2.49303e-11 	3
854.0 	1.46919e-06 	2.52567e-11 	3
855.0 	1.46755e-06 	2.56517e-11 	3
856.0 	1.46555e-06 	2.60769e-11 	3
857.0 	1.4632e-06 	2.64935e-11 	3
858.0 	1.46048e-06 	2.69009e-11 	3
859.0 	1.45742e-06 	2.73051e-11 	3
860.0 	1.45403e-06 	2.77081e-11 	3
861.0 	1.45029e-06 	2.81347e-11 	3
862.0 	1.44624e-06 	2.85874e-11 	3
863.0 	1.44182e-06 	2.90267e-11 	3
864.0 	1.43706e-06 	2.94641e-11 	3
865.0 	1.43476e-06 	2.9895e-11 	3
866.0 	1.43419e-06 	3.03166e-11 	3
867.0 	1.43329e-06 	3.0727e-11 	3
868.0 	1.43207e-06 	3.11256e-11 	3
869.0 	1.43052e-06 	3.15143e-11 	3
870.0 	1.42865e-06 	3.18939e-11 	3
871.0 	1.42646e-06 	3.22641e-11 	3
872.0 	1.4239e-06 	3.26224e-11 	3
873.0 	1.42109e-06 	3.29829e-11 	3
874.0 	1.41838e-06 	3.333e-11 	3
875.0 	1.41553e-06 	3.36681e-11 	3
876.0 	1.41236e-06 	3.39938e-11 	3
877.0 	1.40885e-06 	3.43174e-11 	3
878.0 	1.40501e-06 	3.46555e-11 	3
879.0 	1.40083e-06 	3.50744e-11 	3
880.0 	1.39634e-06 	3.54814e-11 	3
881.0 	1.39154e-06 	3.58802e-11 	3
882.0 	1.39016e-06 	3.62817e-11 	3
883.0 	1.39104e-06 	3.66672e-11 	3
884.0 	1.39158e-06 	3.70456e-11 	3
885.0 	1.39179e-06 	3.74146e-11 	3
886.0 	1.39165e-06 	3.77721e-11 	3
887.0 	1.39115e-06 	3.81174e-11 	3
888.0 	1.39031e-06 	3.84513e-11 	3
889.0 	1.38914e-06 	3.88008e-11 	3
890.0 	1.38852e-06 	3.91409e-11 	3
891.0 	1.39033e-06 	3.94734e-11 	3
892.0 	1.39181e-06 	3.97952e-11 	3
893.0 	1.39299e-06 	4.0121e-11 	3
894.0 	1.39382e-06 	4.04403e-11 	3
895.0 	1.39433e-06 	4.07486e-11 	3
896.0 	1.39451e-06 	4.1045e-11 	3
897.0 	1.39438e-06 	4.13284e-11 	3
898.0 	1.39391e-06 	4.15972e-11 	3
899.0 	1.39313e-06 	4.18516e-11 	3
900.0 	1.39201e-06 	4.20928e-11 	3
901.0 	1.39058e-06 	4.23223e-11 	3
902.0 	1.38887e-06 	4.25493e-11 	3
903.0 	1.38683e-06 	4.27583e-11 	3
904.0 	1.38445e-06 	4.29574e-11 	3
905.0 	1.38174e-06 	4.31451e-11 	3
906.0 	1.3787e-06 	4.33225e-11 	3
907.0 	1.37535e-06 	4.34919e-11 	3
908.0 	1.37169e-06 	4.36473e-11 	3
909.0 	1.3677e-06 	4.37895e-11 	3
910.0 	1.3634e-06 	4.39196e-11 	3
911.0 	1.35879e-06 	4.4041e-11 	3
912.0 	1.35473e-06 	4.41531e-11 	3
913.0 	1.35228e-06 	4.42614e-11 	3
914.0 	1.34951e-06 	4.4354e-11 	3
915.0 	1.34644e-06 	4.44379e-11 	3
916.0 	1.34307e-06 	4.45105e-11 	3
917.0 	1.3394e-06 	4.45701e-11 	3
918.0 	1.33544e-06 	4.46156e-11 	3
919.0 	1.33326e-06 	4.46488e-11 	3
920.0 	1.33663e-06 	4.4674e-11 	3
921.0 	1.33968e-06 	4.46879e-11 	3
922.0 	1.34245e-06 	4.46988e-11 	3
923.0 	1.34489e-06 	4.46934e-11 	3
924.0 	1.347e-06 	4.46804e-11 	3
925.0 	1.34876e-06 	4.46573e-11 	3
926.0 	1.3502e-06 	4.46219e-11 	3
927.0 	1.35132e-06 	4.45734e-11 	3
928.0 	1.35212e-06 	4.4512e-11 	3
929.0 	1.35261e-06 	4.44385e-11 	3
930.0 	1.35276e-06 	4.43538e-11 	3
931.0 	1.3526e-06 	4.42596e-11 	3
932.0 	1.35212e-06 	4.41559e-11 	3
933.0 	1.35133e-06 	4.40473e-11 	3
934.0 	1.3502e-06 	4.39246e-11 	3
935.0 	1.34933e-06 	4.37924e-11 	3
936.0 	1.3498e-06 	4.36417e-11 	3
937.0 	1.34998e-06 	4.34984e-11 	3
938.0 	1.34984e-06 	4.33546e-11 	3
939.0 	1.34938e-06 	4.31931e-11 	3
940.0 	1.3486e-06 	4.3016e-11 	3
941.0 	1.34753e-06 	4.28262e-11 	3
942.0 	1.34616e-06 	4.26445e-11 	3
943.0 	1.34446e-06 	4.24812e-11 	3
944.0 	1.34245e-06 	4.23398e-11 	3
945.0 	1.34014e-06 	4.21928e-11 	3
946.0 	1.33753e-06 	4.20354e-11 	3
947.0 	1.3346e-06 	4.18667e-11 	3
948.0 	1.33134e-06 	4.16898e-11 	3
949.0 	1.32781e-06 	4.1507e-11 	3
950.0 	1.32397e-06 	4.13147e-11 	3
951.0 	1.3199e-06 	4.11302e-11 	3
952.0 	1.31553e-06 	4.09243e-11 	3
953.0 	1.31094e-06 	4.07052e-11 	3
954.0 	1.30603e-06 	4.04539e-11 	3
955.0 	1.30136e-06 	4.02274e-11 	3
956.0 	1.30266e-06 	3.99962e-11 	3
957.0 	1.30381e-06 	3.97519e-11 	3
958.0 	1.30467e-06 	3.9495e-11 	3
959.0 	1.30524e-06 	3.92275e-11 	3
960.0 	1.30668e-06 	3.89599e-11 	3
961.0 	1.30853e-06 	3.87101e-11 	3
962.0 	1.31007e-06 	3.84587e-11 	3
963.0 	1.31128e-06 	3.82174e-11 	3
964.0 	1.31216e-06 	3.79806e-11 	3
965.0 	1.31273e-06 	3.77356e-11 	3
966.0 	1.31298e-06 	3.7481e-11 	3
967.0 	1.3129e-06 	3.72172e-11 	3
968.0 	1.31251e-06 	3.69441e-11 	3
969.0 	1.31183e-06 	3.66628e-11 	3
970.0 	1.3126e-06 	3.63748e-11 	3
971.0 	1.31314e-06 	3.608e-11 	3
972.0 	1.31341e-06 	3.57605e-11 	3
973.0 	1.31347e-06 	3.54809e-11 	3
974.0 	1.31318e-06 	3.51678e-11 	3
975.0 	1.31262e-06 	3.48746e-11 	3
976.0 	1.3117e-06 	3.4546e-11 	3
977.0 	1.31049e-06 	3.42149e-11 	3
978.0 	1.309e-06 	3.39135e-11 	3
979.0 	1.30723e-06 	3.36089e-11 	3
980.0 	1.30516e-06 	3.32993e-11 	3
981.0 	1.30279e-06 	3.29875e-11 	3
982.0 	1.30013e-06 	3.26747e-11 	3
983.0 	1.29716e-06 	3.23702e-11 	3
984.0 	1.2939e-06 	3.20879e-11 	3
985.0 	1.29034e-06 	3.18023e-11 	3
986.0 	1.28649e-06 	3.15119e-11 	3
987.0 	1.28235e-06 	3.1215e-11 	3
988.0 	1.27793e-06 	3.09121e-11 	3
989.0 	1.27323e-06 	3.06033e-11 	3
990.0 	1.26945e-06 	3.02901e-11 	3
991.0 	1.27074e-06 	2.99849e-11 	3
992.0 	1.27174e-06 	2.96784e-11 	3
993.0 	1.27248e-06 	2.93737e-11 	3
994.0 	1.27292e-06 	2.90588e-11 	3
995.0 	1.27306e-06 	2.87374e-11 	3
996.0 	1.27292e-06 	2.8411e-11 	3
997.0 	1.2725e-06 	2.8126e-11 	3
998.0 	1.27176e-06 	2.78501e-11 	3
999.0 	1.2717e-06 	2.75688e-11 	3
1000.0 	1.2731e-06 	2.72957e-11 	3
1001.0 	1.2742e-06 	2.70324e-11 	3
1002.0 	1.27499e-06 	2.677e-11 	3
1003.0 	1.27546e-06 	2.64989e-11 	3
1004.0 	1.27561e-06 	2.62232e-11 	3
1005.0 	1.27546e-06 	2.59421e-11 	3
1006.0 	1.275e-06 	2.56561e-11 	3
1007.0 	1.27423e-06 	2.53662e-11 	3
1008.0 	1.27317e-06 	2.50729e-11 	3
1009.0 	1.2718e-06 	2.47804e-11 	3
1010.0 	1.27012e-06 	2.44886e-11 	3
1011.0 	1.26815e-06 	2.41936e-11 	3
1012.0 	1.2659e-06 	9.9434e-11 	2
1013.0 	1.26339e-06 	9.87123e-11 	2
1014.0 	1.26061e-06 	9.79808e-11 	2
1015.0 	1.25753e-06 	9.72135e-11 	2
1016.0 	1.25413e-06 	9.64115e-11 	2
1017.0 	1.25042e-06 	9.55842e-11 	2
1018.0 	1.24642e-06 	9.48078e-11 	2
1019.0 	1.24213e-06 	9.40577e-11 	2
1020.0 	1.23757e-06 	9.33225e-11 	2
1021.0 	1.23273e-06 	9.25879e-11 	2
1022.0 	1.22762e-06 	9.1855e-11 	2
1023.0 	1.22227e-06 	9.1095e-11 	2
1024.0 	1.22081e-06 	9.04214e-11 	2
1025.0 	1.2209e-06 	8.97684e-11 	2
1026.0 	1.2207e-06 	8.91137e-11 	2
1027.0 	1.22022e-06 	8.84662e-11 	2
1028.0 	1.21947e-06 	8.78036e-11 	2
1029.0 	1.21906e-06 	8.71756e-11 	2
1030.0 	1.21897e-06 	8.65439e-11 	2
1031.0 	1.21861e-06 	8.59056e-11 	2
1032.0 	1.21797e-06 	8.52667e-11 	2
1033.0 	1.21708e-06 	8.46255e-11 	2
1034.0 	1.2159e-06 	8.39908e-11 	2
1035.0 	1.21444e-06 	8.33655e-11 	2
1036.0 	1.2127e-06 	8.27382e-11 	2
1037.0 	1.21302e-06 	8.28161e-11 	2
1038.0 	1.21418e-06 	8.32162e-11 	2
1039.0 	1.21505e-06 	8.35946e-11 	2
1040.0 	1.21562e-06 	8.39506e-11 	2
1041.0 	1.21591e-06 	8.43317e-11 	2
1042.0 	1.21589e-06 	8.47176e-11 	2
1043.0 	1.21556e-06 	8.50721e-11 	2
1044.0 	1.21494e-06 	8.54064e-11 	2
1045.0 	1.21404e-06 	8.57468e-11 	2
1046.0 	1.21284e-06 	8.61887e-11 	2
1047.0 	1.21136e-06 	8.66068e-11 	2
1048.0 	1.20959e-06 	8.70372e-11 	2
1049.0 	1.20754e-06 	8.7665e-11 	2
1050.0 	1.20519e-06 	8.83168e-11 	2
1051.0 	1.20258e-06 	8.90047e-11 	2
1052.0 	1.19969e-06 	8.96697e-11 	2
1053.0 	1.19654e-06 	9.03171e-11 	2
1054.0 	1.19311e-06 	9.09353e-11 	2
1055.0 	1.18943e-06 	9.15446e-11 	2
1056.0 	1.18842e-06 	9.22055e-11 	2
1057.0 	1.18948e-06 	9.2916e-11 	2
1058.0 	1.19026e-06 	9.36583e-11 	2
1059.0 	1.19077e-06 	9.44144e-11 	2
1060.0 	1.191e-06 	9.51581e-11 	2
1061.0 	1.19096e-06 	9.58793e-11 	2
1062.0 	1.19065e-06 	9.65837e-11 	2
1063.0 	1.19006e-06 	9.72512e-11 	2
1064.0 	1.18919e-06 	9.78916e-11 	2
1065.0 	1.18805e-06 	9.85112e-11 	2
1066.0 	1.18666e-06 	9.91359e-11 	2
1067.0 	1.185e-06 	9.98677e-11 	2
1068.0 	1.18306e-06 	2.30654e-11 	3
1069.0 	1.18083e-06 	2.32968e-11 	3
1070.0 	1.17833e-06 	2.3524e-11 	3
1071.0 	1.17555e-06 	2.37471e-11 	3
1072.0 	1.1725e-06 	2.39657e-11 	3
1073.0 	1.16934e-06 	2.42239e-11 	3
1074.0 	1.1698e-06 	2.45123e-11 	3
1075.0 	1.1701e-06 	2.4794e-11 	3
1076.0 	1.17011e-06 	2.5069e-11 	3
1077.0 	1.16983e-06 	2.53367e-11 	3
1078.0 	1.16927e-06 	2.55963e-11 	3
1079.0 	1.16842e-06 	2.58629e-11 	3
1080.0 	1.16728e-06 	2.61305e-11 	3
1081.0 	1.16586e-06 	2.63898e-11 	3
1082.0 	1.16417e-06 	2.66444e-11 	3
1083.0 	1.16218e-06 	2.68882e-11 	3
1084.0 	1.15991e-06 	2.71298e-11 	3
1085.0 	1.15734e-06 	2.73839e-11 	3
1086.0 	1.15449e-06 	2.76302e-11 	3
1087.0 	1.15481e-06 	2.78693e-11 	3
1088.0 	1.15587e-06 	2.81006e-11 	3
1089.0 	1.15666e-06 	2.83237e-11 	3
1090.0 	1.15721e-06 	2.85391e-11 	3
1091.0 	1.15749e-06 	2.87479e-11 	3
1092.0 	1.15751e-06 	2.89588e-11 	3
1093.0 	1.15725e-06 	2.91619e-11 	3
1094.0 	1.15672e-06 	2.93581e-11 	3
1095.0 	1.15589e-06 	2.95438e-11 	3
1096.0 	1.1548e-06 	2.97207e-11 	3
1097.0 	1.15343e-06 	2.98896e-11 	3
1098.0 	1.15178e-06 	3.00503e-11 	3
1099.0 	1.14986e-06 	3.02028e-11 	3
1100.0 	1.14768e-06 	3.03468e-11 	3
1101.0 	1.14529e-06 	3.04838e-11 	3
1102.0 	1.14274e-06 	3.06151e-11 	3
1103.0 	1.13991e-06 	3.07357e-11 	3
1104.0 	1.1368e-06 	3.08483e-11 	3
1105.0 	1.13343e-06 	3.09525e-11 	3
1106.0 	1.12979e-06 	3.1049e-11 	3
1107.0 	1.12588e-06 	3.11387e-11 	3
1108.0 	1.12171e-06 	3.12201e-11 	3
1109.0 	1.11824e-06 	3.12935e-11 	3
1110.0 	1.11831e-06 	3.13601e-11 	3
1111.0 	1.11812e-06 	3.14206e-11 	3
1112.0 	1.11765e-06 	3.14747e-11 	3
1113.0 	1.11691e-06 	3.15202e-11 	3
1114.0 	1.11588e-06 	3.15593e-11 	3
1115.0 	1.11457e-06 	3.15904e-11 	3
1116.0 	1.11302e-06 	3.16133e-11 	3
1117.0 	1.11456e-06 	3.16294e-11 	3
1118.0 	1.11602e-06 	3.16377e-11 	3
1119.0 	1.11722e-06 	3.164e-11 	3
1120.0 	1.11821e-06 	3.16392e-11 	3
1121.0 	1.11887e-06 	3.16152e-11 	3
1122.0 	1.1193e-06 	3.15954e-11 	3
1123.0 	1.11945e-06 	3.15655e-11 	3
1124.0 	1.11934e-06 	3.15263e-11 	3
1125.0 	1.11896e-06 	3.14796e-11 	3
1126.0 	1.11829e-06 	3.14285e-11 	3
1127.0 	1.11739e-06 	3.1374e-11 	3
1128.0 	1.11623e-06 	3.13099e-11 	3
1129.0 	1.11482e-06 	3.12382e-11 	3
1130.0 	1.11345e-06 	3.11665e-11 	3
1131.0 	1.11199e-06 	3.10911e-11 	3
1132.0 	1.11026e-06 	3.10257e-11 	3
1133.0 	1.10824e-06 	3.09523e-11 	3
1134.0 	1.10597e-06 	3.08706e-11 	3
1135.0 	1.10343e-06 	3.07809e-11 	3
1136.0 	1.10062e-06 	3.06836e-11 	3
1137.0 	1.09755e-06 	3.05789e-11 	3
1138.0 	1.0942e-06 	3.049e-11 	3
1139.0 	1.09061e-06 	3.04129e-11 	3
1140.0 	1.08675e-06 	3.03299e-11 	3
1141.0 	1.08263e-06 	3.02394e-11 	3
1142.0 	1.07826e-06 	3.01406e-11 	3
1143.0 	1.07364e-06 	3.00358e-11 	3
1144.0 	1.06974e-06 	2.99217e-11 	3
1145.0 	1.06973e-06 	2.98014e-11 	3
1146.0 	1.06945e-06 	2.96746e-11 	3
1147.0 	1.06941e-06 	2.95414e-11 	3
1148.0 	1.07149e-06 	2.94035e-11 	3
1149.0 	1.07331e-06 	2.92606e-11 	3
1150.0 	1.07487e-06 	2.91119e-11 	3
1151.0 	1.07616e-06 	2.89593e-11 	3
1152.0 	1.07721e-06 	2.87981e-11 	3
1153.0 	1.07799e-06 	2.86305e-11 	3
1154.0 	1.07852e-06 	2.84566e-11 	3
1155.0 	1.07879e-06 	2.82767e-11 	3
1156.0 	1.07881e-06 	2.80908e-11 	3
1157.0 	1.0786e-06 	2.78986e-11 	3
1158.0 	1.07813e-06 	2.77e-11 	3
1159.0 	1.07742e-06 	2.74951e-11 	3
1160.0 	1.07648e-06 	2.73096e-11 	3
1161.0 	1.07528e-06 	2.71218e-11 	3
1162.0 	1.07383e-06 	2.69281e-11 	3
1163.0 	1.07216e-06 	2.67151e-11 	3
1164.0 	1.07115e-06 	2.65203e-11 	3
1165.0 	1.06989e-06 	2.63049e-11 	3
1166.0 	1.06838e-06 	2.60961e-11 	3
1167.0 	1.06664e-06 	2.58939e-11 	3
1168.0 	1.06466e-06 	2.57091e-11 	3
1169.0 	1.06242e-06 	2.55178e-11 	3
1170.0 	1.05993e-06 	9.97617e-11 	2
1171.0 	1.05717e-06 	9.91857e-11 	2
1172.0 	1.05415e-06 	9.85818e-11 	2
1173.0 	1.05088e-06 	9.79489e-11 	2
1174.0 	1.04737e-06 	9.72896e-11 	2
1175.0 	1.04362e-06 	9.66161e-11 	2
1176.0 	1.03964e-06 	9.59127e-11 	2
1177.0 	1.03543e-06 	9.51883e-11 	2
1178.0 	1.03109e-06 	9.44612e-11 	2
1179.0 	1.03148e-06 	9.38707e-11 	2
1180.0 	1.03184e-06 	9.33156e-11 	2
1181.0 	1.03201e-06 	9.27437e-11 	2
1182.0 	1.03195e-06 	9.21746e-11 	2
1183.0 	1.03165e-06 	9.1631e-11 	2
1184.0 	1.03111e-06 	9.11053e-11 	2
1185.0 	1.03036e-06 	9.05653e-11 	2
1186.0 	1.03124e-06 	9.00725e-11 	2
1187.0 	1.03217e-06 	8.95805e-11 	2
1188.0 	1.03285e-06 	8.91003e-11 	2
1189.0 	1.03328e-06 	8.8624e-11 	2
1190.0 	1.03346e-06 	8.81448e-11 	2
1191.0 	1.03339e-06 	8.76555e-11 	2
1192.0 	1.03308e-06 	8.71561e-11 	2
1193.0 	1.03253e-06 	8.66463e-11 	2
1194.0 	1.03174e-06 	8.61241e-11 	2
1195.0 	1.03077e-06 	8.55861e-11 	2
1196.0 	1.02956e-06 	8.50314e-11 	2
1197.0 	1.02811e-06 	8.44701e-11 	2
1198.0 	1.027e-06 	8.39157e-11 	2
1199.0 	1.02658e-06 	8.3361e-11 	2
1200.0 	1.02593e-06 	8.28017e-11 	2
1201.0 	1.02502e-06 	8.2232e-11 	2
1202.0 	1.02385e-06 	8.16645e-11 	2
1203.0 	1.02243e-06 	8.10938e-11 	2
1204.0 	1.02077e-06 	8.05093e-11 	2
1205.0 	1.01887e-06 	7.99326e-11 	2
1206.0 	1.01673e-06 	7.93585e-11 	2
1207.0 	1.01435e-06 	7.87686e-11 	2
1208.0 	1.01173e-06 	7.81624e-11 	2
1209.0 	1.00889e-06 	7.75836e-11 	2
1210.0 	1.00583e-06 	7.70456e-11 	2
1211.0 	1.00257e-06 	7.64954e-11 	2
1212.0 	1.00202e-06 	7.60048e-11 	2
1213.0 	1.00344e-06 	7.55586e-11 	2
1214.0 	1.00461e-06 	7.50908e-11 	2
1215.0 	1.00554e-06 	7.46269e-11 	2
1216.0 	1.00627e-06 	7.41631e-11 	2
1217.0 	1.00675e-06 	7.36885e-11 	2
1218.0 	1.00698e-06 	7.32353e-11 	2
1219.0 	1.00695e-06 	7.27651e-11 	2
1220.0 	1.00667e-06 	7.22862e-11 	2
1221.0 	1.00615e-06 	7.18068e-11 	2
1222.0 	1.00539e-06 	7.13306e-11 	2
1223.0 	1.00439e-06 	7.08519e-11 	2
1224.0 	1.00315e-06 	7.03625e-11 	2
1225.0 	1.00167e-06 	6.98575e-11 	2
1226.0 	9.99947e-07 	6.93402e-11 	2
