# time 	Initial 	Final 	Iterations
1.0 	1.07651e-05 	1.05838e-06 	10
2.0 	5.68596e-06 	5.67479e-07 	8
3.0 	5.21006e-06 	5.08088e-07 	9
4.0 	4.5506e-06 	4.12761e-07 	10
5.0 	3.99249e-06 	3.87931e-07 	11
6.0 	3.21133e-06 	3.1317e-07 	13
7.0 	2.58256e-06 	2.4523e-07 	16
8.0 	2.68748e-06 	2.67581e-07 	14
9.0 	2.60177e-06 	2.4755e-07 	13
10.0 	2.11896e-06 	2.00385e-07 	14
11.0 	1.67061e-06 	1.59969e-07 	15
12.0 	2.18488e-06 	2.01108e-07 	12
13.0 	1.56484e-06 	1.55575e-07 	13
14.0 	1.59686e-06 	1.57657e-07 	13
15.0 	1.48339e-06 	1.44702e-07 	14
16.0 	1.24089e-06 	1.16837e-07 	17
17.0 	1.56104e-06 	1.50641e-07 	15
18.0 	1.38079e-06 	1.33949e-07 	16
19.0 	1.25321e-06 	1.1575e-07 	17
20.0 	1.1416e-06 	1.12523e-07 	16
21.0 	1.03762e-06 	1.01989e-07 	16
22.0 	9.44131e-07 	8.68956e-08 	17
23.0 	8.78468e-07 	8.33394e-08 	17
24.0 	8.23165e-07 	7.77032e-08 	18
25.0 	7.82083e-07 	7.75555e-08 	18
26.0 	7.58738e-07 	6.6774e-08 	19
27.0 	7.41155e-07 	6.64003e-08 	19
28.0 	7.2339e-07 	6.52868e-08 	19
29.0 	7.04831e-07 	6.33401e-08 	19
30.0 	6.90591e-07 	6.14888e-08 	19
31.0 	6.79496e-07 	6.00289e-08 	19
32.0 	6.71719e-07 	5.90152e-08 	19
33.0 	6.66586e-07 	5.84222e-08 	19
34.0 	6.70749e-07 	6.60839e-08 	18
35.0 	6.76971e-07 	6.13281e-08 	18
36.0 	5.08746e-07 	4.87555e-08 	15
37.0 	5.21982e-07 	5.12228e-08 	13
38.0 	5.39622e-07 	5.12046e-08 	9
39.0 	5.58745e-07 	4.45037e-08 	13
40.0 	5.73229e-07 	5.70195e-08 	7
41.0 	5.91624e-07 	5.63584e-08 	9
42.0 	6.05456e-07 	4.70841e-08 	9
43.0 	3.52547e-07 	3.51362e-08 	17
44.0 	3.73161e-07 	3.2517e-08 	19
45.0 	3.93189e-07 	3.35118e-08 	19
46.0 	4.11468e-07 	3.30326e-08 	19
47.0 	4.27089e-07 	4.26903e-08 	17
48.0 	4.41345e-07 	4.17162e-08 	17
49.0 	5.98828e-07 	5.50064e-08 	18
50.0 	5.97795e-07 	5.41346e-08 	18
51.0 	4.68186e-07 	4.42648e-08 	17
52.0 	4.68566e-07 	4.62589e-08 	17
53.0 	4.6536e-07 	3.54493e-08 	19
54.0 	4.59955e-07 	3.8591e-08 	19
55.0 	4.59817e-07 	4.54527e-08 	19
56.0 	4.70286e-07 	4.15967e-08 	21
57.0 	4.80219e-07 	4.03039e-08 	23
58.0 	4.90247e-07 	4.86708e-08 	23
59.0 	5.02346e-07 	3.8389e-08 	25
60.0 	5.06951e-07 	4.25263e-08 	23
61.0 	5.09245e-07 	4.15834e-08 	21
62.0 	5.10695e-07 	4.59035e-08 	19
63.0 	5.10025e-07 	3.94718e-08 	19
64.0 	5.11892e-07 	3.68521e-08 	19
65.0 	4.14407e-07 	3.05123e-08 	22
66.0 	4.11801e-07 	3.31318e-08 	22
67.0 	4.11496e-07 	4.024e-08 	22
68.0 	4.1451e-07 	4.00409e-08 	24
69.0 	4.19876e-07 	4.11587e-08 	26
70.0 	4.26728e-07 	3.91605e-08 	27
71.0 	4.07683e-07 	3.77907e-08 	25
72.0 	4.72745e-07 	4.58462e-08 	13
73.0 	4.73856e-07 	4.29163e-08 	25
74.0 	4.00149e-07 	3.1683e-08 	23
75.0 	4.65501e-07 	4.54126e-08 	26
76.0 	4.62324e-07 	3.72403e-08 	26
77.0 	4.55908e-07 	3.84275e-08 	26
78.0 	4.50902e-07 	3.72918e-08 	24
79.0 	4.4965e-07 	3.44825e-08 	24
80.0 	4.44375e-07 	3.46367e-08 	24
81.0 	4.43428e-07 	3.30828e-08 	22
82.0 	3.80008e-07 	3.51338e-08 	15
83.0 	4.39476e-07 	4.10567e-08 	22
84.0 	4.39899e-07 	3.80887e-08 	14
85.0 	4.39011e-07 	3.68728e-08 	22
86.0 	3.77245e-07 	3.64516e-08 	15
87.0 	4.41516e-07 	3.77417e-08 	24
88.0 	3.76337e-07 	3.3924e-08 	15
89.0 	3.7548e-07 	3.30338e-08 	17
90.0 	3.74031e-07 	3.72654e-08 	15
91.0 	3.76086e-07 	3.36897e-08 	17
92.0 	3.74687e-07 	2.8357e-08 	19
93.0 	3.75699e-07 	3.72905e-08 	11
94.0 	3.78335e-07 	3.77445e-08 	11
95.0 	3.82218e-07 	3.10402e-08 	19
96.0 	3.87607e-07 	3.74674e-08 	19
97.0 	3.90547e-07 	3.14723e-08 	21
98.0 	3.94549e-07 	3.58184e-08 	13
99.0 	3.9986e-07 	3.76119e-08 	13
100.0 	4.08075e-07 	4.02865e-08 	13
101.0 	4.15521e-07 	4.12108e-08 	19
102.0 	4.25869e-07 	3.58182e-08 	21
103.0 	4.30431e-07 	4.05052e-08 	19
104.0 	4.42712e-07 	4.24358e-08 	19
105.0 	4.50225e-07 	4.28607e-08 	19
106.0 	4.62786e-07 	4.53361e-08 	13
107.0 	4.7392e-07 	4.72928e-08 	11
108.0 	4.89801e-07 	4.631e-08 	11
109.0 	5.04816e-07 	4.77637e-08 	11
110.0 	5.18702e-07 	4.93163e-08 	11
111.0 	5.31481e-07 	5.06608e-08 	11
112.0 	5.4359e-07 	5.181e-08 	11
113.0 	5.55555e-07 	5.28715e-08 	11
114.0 	5.67506e-07 	5.39589e-08 	11
115.0 	5.79941e-07 	5.51755e-08 	11
116.0 	5.92832e-07 	5.65861e-08 	11
117.0 	6.0581e-07 	5.80489e-08 	11
118.0 	6.18962e-07 	5.97156e-08 	11
119.0 	6.32049e-07 	6.14504e-08 	11
120.0 	6.44936e-07 	6.32357e-08 	11
121.0 	6.57528e-07 	6.49722e-08 	11
122.0 	6.69605e-07 	6.66658e-08 	11
123.0 	6.81133e-07 	6.55743e-08 	12
124.0 	6.94755e-07 	6.82632e-08 	12
125.0 	7.07839e-07 	5.93077e-08 	13
126.0 	7.09066e-07 	7.01721e-08 	12
127.0 	7.22244e-07 	6.0179e-08 	13
128.0 	7.30248e-07 	7.07714e-08 	12
129.0 	7.43144e-07 	7.38179e-08 	12
130.0 	7.56071e-07 	6.39402e-08 	13
131.0 	7.59113e-07 	6.30205e-08 	13
132.0 	7.65357e-07 	7.61986e-08 	11
133.0 	7.73925e-07 	7.62936e-08 	11
134.0 	7.82553e-07 	7.74238e-08 	11
135.0 	7.91016e-07 	7.47267e-08 	12
136.0 	8.01479e-07 	7.75052e-08 	12
137.0 	8.12099e-07 	6.82752e-08 	13
138.0 	8.16419e-07 	8.0523e-08 	12
139.0 	8.2535e-07 	8.14392e-08 	12
140.0 	7.11933e-07 	7.11643e-08 	14
141.0 	8.33943e-07 	8.03461e-08 	11
142.0 	8.39218e-07 	8.01639e-08 	11
143.0 	7.19131e-07 	6.86622e-08 	11
144.0 	7.13426e-07 	6.64539e-08 	12
145.0 	7.21663e-07 	7.0139e-08 	11
146.0 	7.16314e-07 	6.89755e-08 	12
147.0 	7.22756e-07 	6.97096e-08 	11
148.0 	7.14003e-07 	6.89986e-08 	12
149.0 	7.2059e-07 	6.90067e-08 	11
150.0 	7.10456e-07 	6.87795e-08 	12
151.0 	7.18025e-07 	6.84567e-08 	11
152.0 	7.05199e-07 	6.85227e-08 	12
153.0 	7.12306e-07 	6.75239e-08 	11
154.0 	8.49095e-07 	7.84002e-08 	11
155.0 	7.06335e-07 	6.97169e-08 	11
156.0 	8.42318e-07 	8.1011e-08 	11
157.0 	8.46972e-07 	7.56135e-08 	11
158.0 	8.44548e-07 	7.21944e-08 	11
159.0 	8.38982e-07 	7.15035e-08 	11
160.0 	8.34243e-07 	7.18194e-08 	11
161.0 	8.29949e-07 	7.24859e-08 	11
162.0 	8.24694e-07 	7.77951e-08 	11
163.0 	8.16646e-07 	8.11057e-08 	11
164.0 	8.06122e-07 	7.90177e-08 	12
165.0 	7.95795e-07 	7.387e-08 	13
166.0 	7.89548e-07 	7.04868e-08 	13
167.0 	7.76416e-07 	7.47667e-08 	15
168.0 	7.58672e-07 	7.4622e-08 	17
169.0 	7.51692e-07 	7.49405e-08 	18
170.0 	7.6324e-07 	6.87957e-08 	19
171.0 	7.26198e-07 	6.4706e-08 	19
172.0 	7.06473e-07 	6.07527e-08 	11
173.0 	7.06493e-07 	5.88892e-08 	11
174.0 	7.0219e-07 	6.08878e-08 	11
175.0 	6.95862e-07 	5.92514e-08 	11
176.0 	6.87904e-07 	5.96319e-08 	11
177.0 	6.78018e-07 	6.02732e-08 	11
178.0 	6.66722e-07 	6.09188e-08 	11
179.0 	6.54658e-07 	6.12002e-08 	11
180.0 	6.41861e-07 	6.16817e-08 	11
181.0 	6.28786e-07 	6.1832e-08 	11
182.0 	6.15479e-07 	5.40047e-08 	13
183.0 	7.49929e-07 	7.41197e-08 	11
184.0 	7.40409e-07 	6.94577e-08 	12
185.0 	7.31044e-07 	7.27656e-08 	18
186.0 	7.10286e-07 	7.07602e-08 	18
187.0 	7.04201e-07 	6.73782e-08 	19
188.0 	7.0441e-07 	6.92585e-08 	19
189.0 	7.05982e-07 	6.96268e-08 	19
190.0 	7.08238e-07 	6.95854e-08 	19
191.0 	7.09556e-07 	6.93533e-08 	19
192.0 	7.08791e-07 	6.89577e-08 	19
193.0 	7.07569e-07 	6.84737e-08 	19
194.0 	7.06506e-07 	6.79123e-08 	19
195.0 	7.04824e-07 	6.7258e-08 	19
196.0 	7.01279e-07 	6.64791e-08 	19
197.0 	6.97104e-07 	6.56396e-08 	19
198.0 	6.93003e-07 	6.47654e-08 	19
199.0 	6.89145e-07 	6.38734e-08 	19
200.0 	6.85473e-07 	6.29324e-08 	19
201.0 	6.80884e-07 	6.19665e-08 	19
202.0 	6.74612e-07 	6.09374e-08 	19
203.0 	6.69991e-07 	6.69647e-08 	18
204.0 	6.45263e-07 	5.80185e-08 	19
205.0 	6.45911e-07 	6.37353e-08 	18
206.0 	6.27302e-07 	6.14117e-08 	18
207.0 	6.11199e-07 	5.85152e-08 	18
208.0 	5.98194e-07 	5.62472e-08 	18
209.0 	5.90296e-07 	5.35769e-08 	18
210.0 	5.93239e-07 	5.41127e-08 	18
211.0 	5.80153e-07 	5.32676e-08 	18
212.0 	5.78569e-07 	5.2765e-08 	18
213.0 	5.65097e-07 	5.23756e-08 	19
214.0 	5.60001e-07 	4.95157e-08 	18
215.0 	5.61684e-07 	5.08608e-08 	18
216.0 	5.51237e-07 	4.86268e-08 	18
217.0 	5.58323e-07 	5.22899e-08 	17
218.0 	5.71734e-07 	5.21099e-08 	17
219.0 	5.85896e-07 	5.19017e-08 	17
220.0 	5.99084e-07 	5.95494e-08 	16
221.0 	5.8631e-07 	5.71659e-08 	16
222.0 	5.83707e-07 	5.16434e-08 	17
223.0 	6.00709e-07 	5.77798e-08 	15
224.0 	6.11493e-07 	5.6235e-08 	15
225.0 	6.19097e-07 	5.62043e-08 	15
226.0 	6.16645e-07 	5.59749e-08 	15
227.0 	6.07174e-07 	5.56072e-08 	15
228.0 	5.91499e-07 	5.52517e-08 	15
229.0 	5.71762e-07 	5.49354e-08 	15
230.0 	5.46792e-07 	5.45289e-08 	15
231.0 	5.22908e-07 	5.17351e-08 	16
232.0 	4.81529e-07 	4.31762e-08 	17
233.0 	4.63322e-07 	4.29287e-08 	17
234.0 	4.47237e-07 	4.26344e-08 	17
235.0 	4.31799e-07 	4.23373e-08 	17
236.0 	4.17987e-07 	3.92683e-08 	18
237.0 	3.96118e-07 	3.79124e-08 	18
238.0 	3.82177e-07 	3.63672e-08 	18
239.0 	5.80962e-07 	5.09947e-08 	15
240.0 	5.68259e-07 	5.0225e-08 	15
241.0 	5.58831e-07 	5.27704e-08 	15
242.0 	5.52498e-07 	5.01008e-08 	15
243.0 	5.53333e-07 	4.92726e-08 	15
244.0 	5.51725e-07 	4.97077e-08 	15
245.0 	5.52551e-07 	5.51802e-08 	14
246.0 	5.59669e-07 	5.37436e-08 	14
247.0 	5.67972e-07 	5.36716e-08 	14
248.0 	5.73803e-07 	5.35122e-08 	14
249.0 	5.7931e-07 	5.31912e-08 	14
250.0 	3.72482e-07 	3.49779e-08 	17
251.0 	3.7101e-07 	3.41023e-08 	17
252.0 	3.70011e-07 	3.65392e-08 	16
253.0 	3.63436e-07 	3.4957e-08 	16
254.0 	3.58601e-07 	3.33871e-08 	16
255.0 	3.55879e-07 	3.1943e-08 	16
256.0 	3.55123e-07 	3.52672e-08 	15
257.0 	3.57356e-07 	3.43652e-08 	15
258.0 	3.59461e-07 	3.4162e-08 	15
259.0 	3.6008e-07 	3.38693e-08 	15
260.0 	3.61071e-07 	3.33694e-08 	15
261.0 	3.62134e-07 	3.58558e-08 	14
262.0 	3.61233e-07 	3.43936e-08 	14
263.0 	3.64764e-07 	3.29673e-08 	14
264.0 	3.71508e-07 	3.65051e-08 	12
265.0 	3.76666e-07 	3.60538e-08 	11
266.0 	3.82951e-07 	3.8052e-08 	11
267.0 	3.90212e-07 	3.80125e-08 	12
268.0 	3.9838e-07 	3.9206e-08 	10
269.0 	4.02706e-07 	3.92777e-08 	10
270.0 	4.0421e-07 	3.79012e-08 	10
271.0 	4.0329e-07 	3.71207e-08 	10
272.0 	3.97755e-07 	3.62588e-08 	10
273.0 	3.89475e-07 	3.61305e-08 	10
274.0 	3.81525e-07 	3.62321e-08 	10
275.0 	3.76425e-07 	3.57957e-08 	10
276.0 	3.75016e-07 	3.73208e-08 	10
277.0 	3.76815e-07 	3.66142e-08 	11
278.0 	3.79625e-07 	3.66387e-08 	11
279.0 	3.82744e-07 	3.65346e-08 	11
280.0 	3.86622e-07 	3.67161e-08 	11
281.0 	3.91412e-07 	3.66302e-08 	11
282.0 	3.96479e-07 	3.69383e-08 	11
283.0 	3.97838e-07 	3.71217e-08 	11
284.0 	3.96864e-07 	3.71997e-08 	11
285.0 	3.95185e-07 	3.72298e-08 	11
286.0 	3.93563e-07 	3.73006e-08 	11
287.0 	3.90589e-07 	3.72423e-08 	11
288.0 	3.855e-07 	3.70806e-08 	11
289.0 	3.79863e-07 	3.69502e-08 	11
290.0 	3.7482e-07 	3.68464e-08 	11
291.0 	3.70262e-07 	3.68483e-08 	11
292.0 	3.65917e-07 	3.03251e-08 	12
293.0 	3.55829e-07 	3.14603e-08 	12
294.0 	3.46815e-07 	3.09189e-08 	12
295.0 	3.38845e-07 	2.98019e-08 	12
296.0 	3.29697e-07 	3.09475e-08 	11
297.0 	3.21036e-07 	3.13672e-08 	10
298.0 	3.12185e-07 	2.90254e-08 	10
299.0 	3.05847e-07 	3.05215e-08 	9
300.0 	3.01859e-07 	2.70886e-08 	10
301.0 	2.97935e-07 	2.6741e-08 	10
302.0 	2.95157e-07 	2.53473e-08 	10
303.0 	2.93547e-07 	2.92446e-08 	9
304.0 	2.93721e-07 	2.52814e-08 	10
305.0 	2.93657e-07 	2.6956e-08 	11
306.0 	2.96382e-07 	2.76282e-08 	12
307.0 	2.97721e-07 	2.7563e-08 	12
308.0 	3.03344e-07 	2.87752e-08 	12
309.0 	3.05886e-07 	2.82563e-08 	12
310.0 	3.10429e-07 	2.81142e-08 	12
311.0 	3.16592e-07 	3.01498e-08 	13
312.0 	3.25147e-07 	3.02452e-08 	13
313.0 	3.34724e-07 	3.12534e-08 	13
314.0 	3.43229e-07 	3.17908e-08 	13
315.0 	3.51611e-07 	3.27519e-08 	13
316.0 	3.59809e-07 	3.33687e-08 	13
317.0 	3.67236e-07 	3.38907e-08 	13
318.0 	3.73033e-07 	3.40948e-08 	13
319.0 	3.77049e-07 	3.41876e-08 	13
320.0 	3.80385e-07 	3.41635e-08 	13
321.0 	3.83645e-07 	3.81081e-08 	12
322.0 	3.82446e-07 	3.671e-08 	12
323.0 	3.81543e-07 	3.48247e-08 	12
324.0 	3.77715e-07 	3.73107e-08 	11
325.0 	3.81857e-07 	3.79219e-08 	11
326.0 	3.86274e-07 	3.45725e-08 	12
327.0 	3.85657e-07 	3.8535e-08 	11
328.0 	3.87975e-07 	3.41943e-08 	12
329.0 	3.84781e-07 	3.78287e-08 	11
330.0 	3.85012e-07 	3.82057e-08 	11
331.0 	3.84724e-07 	3.36059e-08 	12
332.0 	3.7767e-07 	3.7171e-08 	11
333.0 	3.74873e-07 	3.73214e-08 	11
334.0 	3.71484e-07 	3.24092e-08 	12
335.0 	3.60302e-07 	3.59217e-08 	11
336.0 	3.54759e-07 	3.08763e-08 	12
337.0 	3.42654e-07 	3.40745e-08 	11
338.0 	3.36266e-07 	2.96693e-08 	12
339.0 	3.23553e-07 	2.83211e-08 	12
340.0 	3.12033e-07 	2.96561e-08 	11
341.0 	3.03797e-07 	2.75076e-08 	12
342.0 	2.93066e-07 	2.90902e-08 	11
343.0 	2.87388e-07 	2.6595e-08 	12
344.0 	2.75784e-07 	2.71333e-08 	11
345.0 	2.72461e-07 	2.66463e-08 	12
346.0 	2.64583e-07 	2.35615e-08 	12
347.0 	2.56442e-07 	2.37023e-08 	11
348.0 	2.52034e-07 	2.51785e-08 	12
349.0 	2.45952e-07 	2.45679e-08 	11
350.0 	2.41158e-07 	2.26324e-08 	12
351.0 	2.35216e-07 	2.12434e-08 	12
352.0 	2.295e-07 	2.23978e-08 	12
353.0 	2.24988e-07 	2.19722e-08 	11
354.0 	2.2261e-07 	2.20287e-08 	10
355.0 	2.20625e-07 	2.18755e-08 	10
356.0 	2.19133e-07 	2.09459e-08 	10
357.0 	2.18056e-07 	1.98118e-08 	10
358.0 	2.17071e-07 	2.11734e-08 	9
359.0 	2.16724e-07 	2.13152e-08 	11
360.0 	2.16047e-07 	1.92487e-08 	12
361.0 	2.11942e-07 	2.07172e-08 	10
362.0 	2.1061e-07 	2.06383e-08 	10
363.0 	2.0844e-07 	2.01381e-08 	10
364.0 	2.07512e-07 	2.0171e-08 	9
365.0 	2.07223e-07 	2.02961e-08 	10
366.0 	2.06476e-07 	2.0168e-08 	10
367.0 	2.0749e-07 	1.97699e-08 	10
368.0 	2.08197e-07 	1.98726e-08 	10
369.0 	2.10545e-07 	1.97317e-08 	10
370.0 	2.1246e-07 	2.00009e-08 	10
371.0 	2.13977e-07 	2.02246e-08 	10
372.0 	2.13887e-07 	2.00263e-08 	10
373.0 	2.11944e-07 	1.95063e-08 	10
374.0 	2.11933e-07 	2.0591e-08 	10
375.0 	2.11955e-07 	1.943e-08 	10
376.0 	2.12468e-07 	2.03245e-08 	10
377.0 	2.12252e-07 	1.94648e-08 	10
378.0 	2.14189e-07 	2.05258e-08 	10
379.0 	2.14615e-07 	2.05616e-08 	10
380.0 	2.15714e-07 	1.92564e-08 	11
381.0 	2.17321e-07 	2.09647e-08 	11
382.0 	2.17745e-07 	1.95798e-08 	12
383.0 	2.08055e-07 	2.06224e-08 	11
384.0 	2.05379e-07 	2.03609e-08 	11
385.0 	2.02143e-07 	1.91764e-08 	11
386.0 	1.9968e-07 	1.8269e-08 	11
387.0 	1.99653e-07 	1.93304e-08 	11
388.0 	2.00194e-07 	1.82056e-08 	12
389.0 	1.94106e-07 	1.75325e-08 	12
390.0 	1.88409e-07 	1.75056e-08 	11
391.0 	1.88122e-07 	1.7229e-08 	11
392.0 	1.882e-07 	1.70764e-08 	11
393.0 	1.88472e-07 	1.71417e-08 	11
394.0 	1.88963e-07 	1.74724e-08 	11
395.0 	1.90016e-07 	1.8057e-08 	11
396.0 	1.91535e-07 	1.88851e-08 	11
397.0 	1.93029e-07 	1.73352e-08 	12
398.0 	1.89787e-07 	1.86319e-08 	11
399.0 	1.90951e-07 	1.85442e-08 	11
400.0 	1.92132e-07 	1.88019e-08 	11
401.0 	1.93011e-07 	1.84528e-08 	11
402.0 	1.93562e-07 	1.8109e-08 	11
403.0 	1.94106e-07 	1.78671e-08 	11
404.0 	1.94574e-07 	1.77309e-08 	11
405.0 	1.94955e-07 	1.76627e-08 	11
406.0 	1.95387e-07 	1.75946e-08 	11
407.0 	1.96159e-07 	1.71263e-08 	11
408.0 	1.96952e-07 	1.95737e-08 	10
409.0 	1.94303e-07 	1.84569e-08 	10
410.0 	1.92016e-07 	1.88435e-08 	9
411.0 	1.93249e-07 	1.92503e-08 	9
412.0 	1.9467e-07 	1.7654e-08 	10
413.0 	1.92789e-07 	1.83048e-08 	9
414.0 	1.93674e-07 	1.8614e-08 	9
415.0 	1.94924e-07 	1.91313e-08 	9
416.0 	1.96326e-07 	1.96225e-08 	9
417.0 	1.97708e-07 	1.75067e-08 	10
418.0 	1.95236e-07 	1.8312e-08 	9
419.0 	1.96679e-07 	1.8537e-08 	9
420.0 	1.98683e-07 	1.89796e-08 	9
421.0 	2.00893e-07 	1.93178e-08 	9
422.0 	2.03055e-07 	1.95558e-08 	9
423.0 	2.04398e-07 	1.94456e-08 	9
424.0 	2.0516e-07 	1.92588e-08 	9
425.0 	2.06241e-07 	1.90936e-08 	9
426.0 	2.08268e-07 	1.90402e-08 	9
427.0 	2.08576e-07 	1.90007e-08 	9
428.0 	2.07421e-07 	1.89141e-08 	9
429.0 	2.0637e-07 	1.87754e-08 	9
430.0 	2.0728e-07 	1.86395e-08 	9
431.0 	2.09185e-07 	1.84743e-08 	9
432.0 	2.12359e-07 	1.82199e-08 	9
433.0 	2.15699e-07 	2.14016e-08 	8
434.0 	2.14639e-07 	2.03872e-08 	8
435.0 	2.10987e-07 	1.92061e-08 	8
436.0 	2.0647e-07 	2.01898e-08 	7
437.0 	2.05485e-07 	1.81287e-08 	8
438.0 	2.02605e-07 	1.92444e-08 	7
439.0 	2.02439e-07 	2.00516e-08 	7
440.0 	2.04054e-07 	1.79069e-08 	8
441.0 	2.04721e-07 	1.97059e-08 	7
442.0 	2.05753e-07 	2.04491e-08 	7
443.0 	2.06233e-07 	1.82083e-08 	8
444.0 	2.05075e-07 	1.98122e-08 	7
445.0 	2.10981e-07 	2.0113e-08 	7
446.0 	1.37887e-07 	1.32975e-08 	9
447.0 	1.37993e-07 	1.24699e-08 	9
448.0 	2.17195e-07 	1.83167e-08 	7
449.0 	2.07668e-07 	1.93139e-08 	7
450.0 	2.00906e-07 	1.95948e-08 	7
451.0 	2.00228e-07 	1.92388e-08 	7
452.0 	2.05889e-07 	1.97765e-08 	7
453.0 	2.10496e-07 	1.80001e-08 	8
454.0 	2.0527e-07 	1.74399e-08 	8
455.0 	1.98586e-07 	1.90583e-08 	7
456.0 	1.97552e-07 	1.70822e-08 	8
457.0 	1.95989e-07 	1.86579e-08 	7
458.0 	1.96909e-07 	1.70148e-08 	8
459.0 	1.95745e-07 	1.70088e-08 	7
460.0 	1.95452e-07 	1.77052e-08 	7
461.0 	1.9522e-07 	1.84667e-08 	7
462.0 	1.95281e-07 	1.90168e-08 	7
463.0 	1.95465e-07 	1.93898e-08 	7
464.0 	1.95752e-07 	1.69487e-08 	8
465.0 	1.93811e-07 	1.87343e-08 	7
466.0 	1.94191e-07 	1.93147e-08 	7
467.0 	1.95036e-07 	1.69854e-08 	8
468.0 	1.93798e-07 	1.88887e-08 	7
469.0 	1.94749e-07 	1.94092e-08 	7
470.0 	1.96315e-07 	1.70902e-08 	8
471.0 	1.2145e-07 	1.16898e-08 	9
472.0 	1.20701e-07 	1.08975e-08 	9
473.0 	1.21488e-07 	1.05315e-08 	9
474.0 	1.23054e-07 	1.2115e-08 	9
475.0 	1.21844e-07 	1.19575e-08 	10
476.0 	1.20051e-07 	1.11125e-08 	11
477.0 	1.18107e-07 	1.17448e-08 	11
478.0 	1.95583e-07 	1.68008e-08 	9
479.0 	1.94901e-07 	1.6064e-08 	8
480.0 	1.93927e-07 	1.69955e-08 	7
481.0 	1.94398e-07 	1.84752e-08 	7
482.0 	1.95867e-07 	1.74514e-08 	8
483.0 	1.96304e-07 	1.70906e-08 	9
484.0 	1.21756e-07 	1.17075e-08 	11
485.0 	1.18528e-07 	1.03712e-08 	12
486.0 	1.95602e-07 	1.81672e-08 	9
487.0 	1.94696e-07 	1.74952e-08 	9
488.0 	1.93145e-07 	1.68251e-08 	9
489.0 	1.91043e-07 	1.83726e-08 	8
490.0 	1.853e-07 	1.62338e-08 	8
491.0 	1.81073e-07 	1.79474e-08 	7
492.0 	1.79603e-07 	1.77814e-08 	7
493.0 	1.78574e-07 	1.76017e-08 	7
494.0 	1.77677e-07 	1.75666e-08 	7
495.0 	1.76832e-07 	1.75769e-08 	7
496.0 	1.7588e-07 	1.75154e-08 	7
497.0 	1.74759e-07 	1.74065e-08 	7
498.0 	1.73483e-07 	1.72604e-08 	7
499.0 	1.72057e-07 	1.71248e-08 	7
500.0 	1.70655e-07 	1.70204e-08 	7
501.0 	1.6927e-07 	1.34097e-08 	8
502.0 	1.65725e-07 	1.61807e-08 	7
503.0 	1.64572e-07 	1.61265e-08 	7
504.0 	1.63693e-07 	1.61463e-08 	7
505.0 	1.62872e-07 	1.61436e-08 	7
506.0 	1.62119e-07 	1.61383e-08 	7
507.0 	1.61411e-07 	1.61336e-08 	7
508.0 	1.60746e-07 	1.28162e-08 	8
509.0 	1.57867e-07 	1.54774e-08 	7
510.0 	1.57399e-07 	1.54654e-08 	7
511.0 	1.57165e-07 	1.54973e-08 	7
512.0 	1.56714e-07 	1.55115e-08 	7
513.0 	1.5627e-07 	1.55026e-08 	7
514.0 	1.55721e-07 	1.54495e-08 	7
515.0 	1.54959e-07 	1.53542e-08 	7
516.0 	1.54121e-07 	1.52489e-08 	7
517.0 	1.53234e-07 	1.51496e-08 	7
518.0 	1.52308e-07 	1.50587e-08 	7
519.0 	1.51325e-07 	1.49713e-08 	7
520.0 	1.50262e-07 	1.48713e-08 	7
521.0 	1.49221e-07 	1.47608e-08 	7
522.0 	1.48098e-07 	1.46255e-08 	7
523.0 	1.46979e-07 	1.44732e-08 	7
524.0 	1.45877e-07 	1.43081e-08 	7
525.0 	1.44754e-07 	1.40982e-08 	7
526.0 	1.43673e-07 	1.38987e-08 	7
527.0 	1.42623e-07 	1.37247e-08 	7
528.0 	1.41557e-07 	1.35724e-08 	7
529.0 	1.40523e-07 	1.34314e-08 	7
530.0 	1.39522e-07 	1.32922e-08 	7
531.0 	1.38557e-07 	1.31511e-08 	7
532.0 	1.37639e-07 	1.30033e-08 	7
533.0 	1.36734e-07 	1.28481e-08 	7
534.0 	1.35831e-07 	1.26894e-08 	7
535.0 	1.3496e-07 	1.25438e-08 	7
536.0 	1.34027e-07 	1.23673e-08 	7
537.0 	1.33154e-07 	1.22208e-08 	7
538.0 	1.32413e-07 	1.21165e-08 	7
539.0 	1.31815e-07 	1.20482e-08 	7
540.0 	1.31422e-07 	1.19994e-08 	7
541.0 	1.31012e-07 	1.19561e-08 	7
542.0 	1.30605e-07 	1.19108e-08 	7
543.0 	1.30175e-07 	1.18561e-08 	7
544.0 	1.29726e-07 	1.17846e-08 	7
545.0 	1.29277e-07 	1.17155e-08 	7
546.0 	1.28794e-07 	1.16566e-08 	7
547.0 	1.28333e-07 	1.15555e-08 	7
548.0 	1.27916e-07 	1.14678e-08 	7
549.0 	1.2753e-07 	1.14055e-08 	7
550.0 	1.27229e-07 	1.13687e-08 	7
551.0 	1.27059e-07 	1.13558e-08 	7
552.0 	1.26969e-07 	1.13589e-08 	7
553.0 	1.26938e-07 	1.13702e-08 	7
554.0 	1.26947e-07 	1.13748e-08 	7
555.0 	1.26999e-07 	1.13728e-08 	7
556.0 	1.27102e-07 	1.13673e-08 	7
557.0 	1.2722e-07 	1.13579e-08 	7
558.0 	1.27293e-07 	1.13231e-08 	7
559.0 	1.27406e-07 	1.12914e-08 	7
560.0 	1.27552e-07 	1.1276e-08 	7
561.0 	1.2776e-07 	1.12771e-08 	7
562.0 	1.28007e-07 	1.12875e-08 	7
563.0 	1.28304e-07 	1.12996e-08 	7
564.0 	1.28631e-07 	1.13094e-08 	7
565.0 	1.29008e-07 	1.13146e-08 	7
566.0 	1.29434e-07 	1.13194e-08 	7
567.0 	1.29921e-07 	1.133e-08 	7
568.0 	1.30456e-07 	1.13435e-08 	7
569.0 	1.30946e-07 	1.13398e-08 	7
570.0 	1.31443e-07 	1.13394e-08 	7
571.0 	1.31931e-07 	1.13461e-08 	7
572.0 	1.32384e-07 	1.13299e-08 	7
573.0 	1.32771e-07 	1.13409e-08 	7
574.0 	1.33182e-07 	1.13898e-08 	7
575.0 	1.33574e-07 	1.14096e-08 	7
576.0 	1.33949e-07 	1.14294e-08 	7
577.0 	1.34296e-07 	1.14467e-08 	7
578.0 	1.34627e-07 	1.14629e-08 	7
579.0 	1.34907e-07 	1.14423e-08 	7
580.0 	1.35086e-07 	1.14205e-08 	7
581.0 	1.35288e-07 	1.14134e-08 	7
582.0 	1.3545e-07 	1.14151e-08 	7
583.0 	1.35683e-07 	1.14308e-08 	7
584.0 	1.35808e-07 	1.14467e-08 	7
585.0 	1.35896e-07 	1.14634e-08 	7
586.0 	1.3595e-07 	1.14763e-08 	7
587.0 	8.51548e-08 	7.78001e-09 	8
588.0 	8.47384e-08 	7.62491e-09 	8
589.0 	8.43404e-08 	7.47698e-09 	8
590.0 	8.40019e-08 	7.35238e-09 	8
591.0 	8.38405e-08 	7.29546e-09 	8
592.0 	8.3692e-08 	7.26327e-09 	8
593.0 	8.35967e-08 	7.26003e-09 	8
594.0 	8.35424e-08 	7.2713e-09 	8
595.0 	8.34962e-08 	7.28436e-09 	8
596.0 	8.34412e-08 	7.29236e-09 	8
597.0 	8.33832e-08 	7.29215e-09 	8
598.0 	8.33459e-08 	7.28464e-09 	8
599.0 	8.32952e-08 	7.27616e-09 	8
600.0 	8.32493e-08 	7.27207e-09 	8
601.0 	8.31779e-08 	7.25509e-09 	8
602.0 	8.31188e-08 	7.23375e-09 	8
603.0 	8.30694e-08 	7.21018e-09 	8
604.0 	8.30308e-08 	7.18928e-09 	8
605.0 	8.30022e-08 	7.17492e-09 	8
606.0 	8.2979e-08 	7.166e-09 	8
607.0 	8.29597e-08 	7.16045e-09 	8
608.0 	8.29654e-08 	7.16461e-09 	8
609.0 	8.29722e-08 	7.16448e-09 	8
610.0 	8.29854e-08 	7.1601e-09 	8
611.0 	8.29935e-08 	7.15162e-09 	8
612.0 	8.29945e-08 	7.1392e-09 	8
613.0 	8.29788e-08 	7.12535e-09 	8
614.0 	8.29537e-08 	7.11599e-09 	8
615.0 	8.29228e-08 	7.1111e-09 	8
616.0 	8.28829e-08 	7.11122e-09 	8
617.0 	8.28318e-08 	7.10375e-09 	8
618.0 	8.27865e-08 	7.10702e-09 	8
619.0 	8.27396e-08 	7.10655e-09 	8
620.0 	8.26885e-08 	7.10094e-09 	8
621.0 	8.26247e-08 	7.08985e-09 	8
622.0 	8.25479e-08 	7.0759e-09 	8
623.0 	8.24686e-08 	7.0645e-09 	8
624.0 	8.23706e-08 	7.0527e-09 	8
625.0 	8.22643e-08 	7.04389e-09 	8
626.0 	8.21439e-08 	7.03708e-09 	8
627.0 	8.20064e-08 	7.03136e-09 	8
628.0 	8.18683e-08 	7.03535e-09 	8
629.0 	8.17407e-08 	7.03888e-09 	8
630.0 	8.16059e-08 	7.03374e-09 	8
631.0 	8.14638e-08 	7.02069e-09 	8
632.0 	8.13154e-08 	7.0035e-09 	8
633.0 	8.11685e-08 	6.98636e-09 	8
634.0 	8.10105e-08 	6.97057e-09 	8
635.0 	8.08443e-08 	6.95494e-09 	8
636.0 	8.06658e-08 	6.94165e-09 	8
637.0 	8.04779e-08 	6.9277e-09 	8
638.0 	8.02763e-08 	6.92568e-09 	8
639.0 	8.01088e-08 	6.92204e-09 	8
640.0 	7.99277e-08 	6.91073e-09 	8
641.0 	7.97293e-08 	6.87492e-09 	8
642.0 	7.95538e-08 	6.84974e-09 	8
643.0 	7.93723e-08 	6.8248e-09 	8
644.0 	7.91792e-08 	6.80386e-09 	8
645.0 	7.89736e-08 	6.78807e-09 	8
646.0 	7.87488e-08 	6.77464e-09 	8
647.0 	7.85036e-08 	6.76206e-09 	8
648.0 	7.82334e-08 	6.76163e-09 	8
649.0 	7.7994e-08 	6.76272e-09 	8
650.0 	7.77278e-08 	6.75539e-09 	8
651.0 	7.74461e-08 	6.73866e-09 	8
652.0 	7.71535e-08 	6.71604e-09 	8
653.0 	7.68383e-08 	6.6973e-09 	8
654.0 	7.65263e-08 	6.67669e-09 	8
655.0 	7.61915e-08 	6.6587e-09 	8
656.0 	7.58354e-08 	6.6428e-09 	8
657.0 	7.54652e-08 	6.63953e-09 	8
658.0 	7.50874e-08 	6.62613e-09 	8
659.0 	7.47018e-08 	6.62636e-09 	8
660.0 	7.43409e-08 	6.62734e-09 	8
661.0 	7.39351e-08 	6.61603e-09 	8
662.0 	7.35115e-08 	6.59143e-09 	8
663.0 	7.30972e-08 	6.55999e-09 	8
664.0 	7.26859e-08 	6.5293e-09 	8
665.0 	7.22711e-08 	6.50361e-09 	8
666.0 	7.18474e-08 	6.48192e-09 	8
667.0 	7.14202e-08 	6.46203e-09 	8
668.0 	7.09988e-08 	6.44409e-09 	8
669.0 	7.05955e-08 	6.4294e-09 	8
670.0 	7.02217e-08 	6.42844e-09 	8
671.0 	6.99008e-08 	6.43167e-09 	8
672.0 	6.95536e-08 	6.4282e-09 	8
673.0 	1.13129e-07 	9.3315e-09 	7
674.0 	1.13071e-07 	9.49439e-09 	7
675.0 	1.13006e-07 	9.65715e-09 	7
676.0 	6.95438e-08 	6.76064e-09 	8
677.0 	1.11686e-07 	9.61755e-09 	7
678.0 	1.11247e-07 	9.6433e-09 	7
679.0 	1.10794e-07 	9.66345e-09 	7
680.0 	1.10314e-07 	9.67161e-09 	7
681.0 	1.09802e-07 	9.67328e-09 	7
682.0 	1.09311e-07 	9.67598e-09 	7
683.0 	1.08744e-07 	9.65796e-09 	7
684.0 	1.08138e-07 	9.61829e-09 	7
685.0 	1.07557e-07 	9.56817e-09 	7
686.0 	1.07005e-07 	9.51519e-09 	7
687.0 	1.06458e-07 	9.47301e-09 	7
688.0 	1.05916e-07 	9.4341e-09 	7
689.0 	1.05353e-07 	9.39459e-09 	7
690.0 	1.04779e-07 	9.35213e-09 	7
691.0 	1.04169e-07 	9.30814e-09 	7
692.0 	1.03635e-07 	9.27818e-09 	7
693.0 	1.03048e-07 	9.2366e-09 	7
694.0 	1.02434e-07 	9.17816e-09 	7
695.0 	1.01858e-07 	9.11146e-09 	7
696.0 	1.01325e-07 	9.04657e-09 	7
697.0 	1.00825e-07 	8.98925e-09 	7
698.0 	1.00349e-07 	8.93676e-09 	7
699.0 	9.9896e-08 	8.88433e-09 	7
700.0 	9.94511e-08 	8.82994e-09 	7
701.0 	9.90207e-08 	8.77353e-09 	7
702.0 	9.85967e-08 	8.71491e-09 	7
703.0 	9.82011e-08 	8.66793e-09 	7
704.0 	9.78439e-08 	8.63212e-09 	7
705.0 	9.74527e-08 	8.57813e-09 	7
706.0 	9.70499e-08 	8.50408e-09 	7
707.0 	9.6677e-08 	8.42447e-09 	7
708.0 	9.60639e-08 	8.34841e-09 	7
709.0 	9.57463e-08 	8.29595e-09 	7
710.0 	9.546e-08 	8.25123e-09 	7
711.0 	9.51595e-08 	8.20497e-09 	7
712.0 	9.48604e-08 	8.15443e-09 	7
713.0 	9.45447e-08 	8.09828e-09 	7
714.0 	9.43231e-08 	8.06744e-09 	7
715.0 	9.41308e-08 	8.03114e-09 	7
716.0 	9.40277e-08 	7.98421e-09 	7
717.0 	9.40122e-08 	7.93578e-09 	7
718.0 	9.40504e-08 	7.89537e-09 	7
719.0 	9.41477e-08 	7.86784e-09 	7
720.0 	9.42495e-08 	7.8479e-09 	7
721.0 	9.43439e-08 	7.82826e-09 	7
722.0 	9.44384e-08 	7.80522e-09 	7
723.0 	9.45328e-08 	7.77803e-09 	7
724.0 	9.46513e-08 	7.74901e-09 	7
725.0 	9.48057e-08 	7.72057e-09 	7
726.0 	9.50413e-08 	7.71136e-09 	7
727.0 	9.52772e-08 	7.71217e-09 	7
728.0 	9.54332e-08 	9.52137e-09 	6
729.0 	9.51505e-08 	8.9733e-09 	6
730.0 	9.52615e-08 	8.2891e-09 	6
731.0 	9.55001e-08 	8.31074e-09 	6
732.0 	9.57308e-08 	8.29031e-09 	6
733.0 	9.59257e-08 	8.28441e-09 	6
734.0 	9.60901e-08 	8.29644e-09 	6
735.0 	9.62101e-08 	8.27452e-09 	6
736.0 	9.64703e-08 	8.27376e-09 	6
737.0 	9.69331e-08 	8.27361e-09 	6
738.0 	9.71254e-08 	8.26868e-09 	6
739.0 	9.73223e-08 	8.2607e-09 	6
740.0 	9.75418e-08 	8.25726e-09 	6
741.0 	9.77591e-08 	8.26217e-09 	6
742.0 	9.79555e-08 	8.2691e-09 	6
743.0 	9.81303e-08 	8.27158e-09 	6
744.0 	9.82813e-08 	8.26571e-09 	6
745.0 	9.84146e-08 	8.25231e-09 	6
746.0 	9.85327e-08 	8.2292e-09 	6
747.0 	9.86609e-08 	8.22856e-09 	6
748.0 	9.8782e-08 	8.21455e-09 	6
749.0 	9.90158e-08 	8.21098e-09 	6
750.0 	9.92239e-08 	8.22688e-09 	6
751.0 	9.93316e-08 	8.21848e-09 	6
752.0 	9.94147e-08 	8.21317e-09 	6
753.0 	9.95248e-08 	8.19085e-09 	6
754.0 	9.96747e-08 	8.19893e-09 	6
755.0 	9.9836e-08 	8.22273e-09 	6
756.0 	9.99732e-08 	8.24686e-09 	6
757.0 	1.00083e-07 	8.25805e-09 	6
758.0 	1.00139e-07 	8.22363e-09 	6
759.0 	1.00283e-07 	8.22616e-09 	6
760.0 	1.00364e-07 	8.23136e-09 	6
761.0 	1.00263e-07 	8.23193e-09 	6
762.0 	1.00271e-07 	8.22606e-09 	6
763.0 	1.00287e-07 	8.22961e-09 	6
764.0 	1.00307e-07 	8.24612e-09 	6
765.0 	1.00308e-07 	8.28366e-09 	6
766.0 	1.00279e-07 	8.30616e-09 	6
767.0 	1.00217e-07 	8.31377e-09 	6
768.0 	1.00143e-07 	8.31475e-09 	6
769.0 	1.00064e-07 	8.31336e-09 	6
770.0 	1.00051e-07 	8.30796e-09 	6
771.0 	6.0457e-08 	5.18514e-09 	7
772.0 	6.02954e-08 	5.11387e-09 	7
773.0 	9.92673e-08 	8.17108e-09 	6
774.0 	6.01757e-08 	5.08537e-09 	7
775.0 	6.01436e-08 	5.04768e-09 	7
776.0 	6.01408e-08 	5.10068e-09 	7
777.0 	6.01572e-08 	5.13973e-09 	7
778.0 	6.01901e-08 	5.15211e-09 	7
779.0 	6.02216e-08 	5.11515e-09 	7
780.0 	6.03394e-08 	5.12239e-09 	7
781.0 	6.0414e-08 	5.13971e-09 	7
782.0 	6.04341e-08 	5.16048e-09 	7
783.0 	6.04352e-08 	5.17878e-09 	7
784.0 	6.04353e-08 	5.22148e-09 	7
785.0 	6.04423e-08 	5.25894e-09 	7
786.0 	6.04376e-08 	5.283e-09 	7
787.0 	6.04156e-08 	5.29805e-09 	7
788.0 	6.03963e-08 	5.30362e-09 	7
789.0 	6.04111e-08 	5.349e-09 	7
790.0 	6.04134e-08 	5.36027e-09 	7
791.0 	6.04985e-08 	5.35035e-09 	7
792.0 	6.05648e-08 	5.36719e-09 	7
793.0 	6.05445e-08 	5.38165e-09 	7
794.0 	6.0508e-08 	5.52589e-09 	7
795.0 	6.0472e-08 	5.57947e-09 	7
796.0 	6.04587e-08 	5.61637e-09 	7
797.0 	6.04027e-08 	5.67178e-09 	7
798.0 	6.0369e-08 	5.70743e-09 	7
799.0 	6.0311e-08 	5.72568e-09 	7
800.0 	6.02231e-08 	5.69938e-09 	7
801.0 	6.02328e-08 	5.68368e-09 	7
802.0 	6.01585e-08 	5.6883e-09 	7
803.0 	6.00708e-08 	5.69673e-09 	7
804.0 	5.9913e-08 	5.72266e-09 	7
805.0 	5.97999e-08 	5.7408e-09 	7
806.0 	5.96872e-08 	5.76315e-09 	7
807.0 	5.95653e-08 	5.78384e-09 	7
808.0 	5.94268e-08 	5.79631e-09 	7
809.0 	5.9276e-08 	5.79917e-09 	7
810.0 	5.91164e-08 	5.79548e-09 	7
811.0 	5.89528e-08 	5.78946e-09 	7
812.0 	5.88506e-08 	5.77788e-09 	7
813.0 	5.87287e-08 	5.78369e-09 	7
814.0 	5.85353e-08 	5.78663e-09 	7
815.0 	5.83087e-08 	5.78493e-09 	7
816.0 	5.81015e-08 	5.78904e-09 	7
817.0 	5.7912e-08 	4.69783e-09 	8
818.0 	5.7715e-08 	4.77453e-09 	8
819.0 	5.75179e-08 	4.87525e-09 	8
820.0 	5.73796e-08 	4.96354e-09 	8
821.0 	5.72955e-08 	4.9801e-09 	8
822.0 	5.73253e-08 	4.98631e-09 	8
823.0 	5.73668e-08 	4.95075e-09 	8
824.0 	5.7339e-08 	5.01129e-09 	8
825.0 	5.73322e-08 	5.02474e-09 	8
826.0 	5.73014e-08 	5.05331e-09 	8
827.0 	5.72462e-08 	5.06882e-09 	8
828.0 	5.71582e-08 	5.08269e-09 	8
829.0 	5.69967e-08 	5.14448e-09 	8
830.0 	5.68607e-08 	5.15272e-09 	8
831.0 	5.6717e-08 	5.14097e-09 	8
832.0 	5.66123e-08 	5.13867e-09 	8
833.0 	5.65107e-08 	5.1577e-09 	8
834.0 	5.63644e-08 	5.15078e-09 	8
835.0 	5.61989e-08 	5.15003e-09 	8
836.0 	5.60494e-08 	5.14962e-09 	8
837.0 	5.59143e-08 	5.15387e-09 	8
838.0 	5.57801e-08 	5.16054e-09 	8
839.0 	5.56286e-08 	5.16441e-09 	8
840.0 	5.54583e-08 	5.16243e-09 	8
841.0 	5.52411e-08 	5.15002e-09 	8
842.0 	5.50922e-08 	5.14266e-09 	8
843.0 	5.49291e-08 	5.13273e-09 	8
844.0 	5.47509e-08 	5.12413e-09 	8
845.0 	5.45802e-08 	5.11545e-09 	8
846.0 	5.4413e-08 	5.10994e-09 	8
847.0 	5.42515e-08 	5.10963e-09 	8
848.0 	5.41111e-08 	5.10455e-09 	8
849.0 	5.39603e-08 	5.09566e-09 	8
850.0 	5.3801e-08 	5.08098e-09 	8
851.0 	5.364e-08 	5.06532e-09 	8
852.0 	5.34849e-08 	5.05474e-09 	8
853.0 	5.33683e-08 	5.04733e-09 	8
854.0 	5.33352e-08 	5.02777e-09 	8
855.0 	5.31676e-08 	5.02193e-09 	8
856.0 	5.29812e-08 	5.01116e-09 	8
857.0 	5.2811e-08 	5.00184e-09 	8
858.0 	5.26429e-08 	4.99761e-09 	8
859.0 	5.24818e-08 	4.99566e-09 	8
860.0 	5.2272e-08 	4.99281e-09 	8
861.0 	5.20392e-08 	4.9851e-09 	8
862.0 	5.17743e-08 	4.96867e-09 	8
863.0 	5.15499e-08 	4.96185e-09 	8
864.0 	5.13229e-08 	4.95364e-09 	8
865.0 	5.1088e-08 	4.9429e-09 	8
866.0 	5.08537e-08 	4.93113e-09 	8
867.0 	5.06253e-08 	4.92116e-09 	8
868.0 	5.03917e-08 	4.91365e-09 	8
869.0 	5.01446e-08 	4.90592e-09 	8
870.0 	4.98825e-08 	4.89643e-09 	8
871.0 	8.21279e-08 	7.21166e-09 	7
872.0 	8.21745e-08 	7.31296e-09 	7
873.0 	8.22402e-08 	7.42435e-09 	7
874.0 	8.22487e-08 	7.51025e-09 	7
875.0 	8.21244e-08 	7.56118e-09 	7
876.0 	8.19116e-08 	7.57296e-09 	7
877.0 	8.16603e-08 	7.55662e-09 	7
878.0 	8.13864e-08 	7.52667e-09 	7
879.0 	8.1099e-08 	7.49141e-09 	7
880.0 	8.08067e-08 	7.45609e-09 	7
881.0 	8.05264e-08 	7.4224e-09 	7
882.0 	8.02487e-08 	7.39048e-09 	7
883.0 	7.99094e-08 	7.35948e-09 	7
884.0 	7.96957e-08 	7.34254e-09 	7
885.0 	7.94844e-08 	7.32469e-09 	7
886.0 	7.92748e-08 	7.30552e-09 	7
887.0 	7.90603e-08 	7.28687e-09 	7
888.0 	7.88318e-08 	7.26707e-09 	7
889.0 	7.85896e-08 	7.24411e-09 	7
890.0 	7.83318e-08 	7.21664e-09 	7
891.0 	7.80697e-08 	7.18572e-09 	7
892.0 	7.7817e-08 	7.15359e-09 	7
893.0 	7.7602e-08 	7.12746e-09 	7
894.0 	7.74227e-08 	7.10617e-09 	7
895.0 	7.72271e-08 	7.08149e-09 	7
896.0 	7.70374e-08 	7.05202e-09 	7
897.0 	7.68671e-08 	7.02117e-09 	7
898.0 	7.67082e-08 	6.99332e-09 	7
899.0 	7.65659e-08 	6.96811e-09 	7
900.0 	7.64698e-08 	6.94248e-09 	7
901.0 	7.64209e-08 	6.91729e-09 	7
902.0 	7.63924e-08 	6.89075e-09 	7
903.0 	7.64163e-08 	6.88125e-09 	7
904.0 	7.644e-08 	6.86656e-09 	7
905.0 	7.64753e-08 	6.85002e-09 	7
906.0 	7.65336e-08 	6.83152e-09 	7
907.0 	7.66116e-08 	6.81355e-09 	7
908.0 	7.66945e-08 	6.79566e-09 	7
909.0 	7.67786e-08 	6.77748e-09 	7
910.0 	7.68514e-08 	6.75823e-09 	7
911.0 	7.69268e-08 	6.73705e-09 	7
912.0 	7.70134e-08 	6.71527e-09 	7
913.0 	7.71191e-08 	6.69961e-09 	7
914.0 	7.72423e-08 	6.68808e-09 	7
915.0 	7.73387e-08 	6.67336e-09 	7
916.0 	7.74245e-08 	6.65524e-09 	7
917.0 	7.75174e-08 	6.6328e-09 	7
918.0 	7.76141e-08 	6.6097e-09 	7
919.0 	7.77016e-08 	6.59026e-09 	7
920.0 	7.77651e-08 	6.57187e-09 	7
921.0 	7.78124e-08 	6.55234e-09 	7
922.0 	7.78321e-08 	6.5313e-09 	7
923.0 	7.78857e-08 	6.51725e-09 	7
924.0 	7.79399e-08 	6.50139e-09 	7
925.0 	7.79807e-08 	6.48281e-09 	7
926.0 	7.80143e-08 	6.46219e-09 	7
927.0 	7.80377e-08 	6.44156e-09 	7
928.0 	7.80567e-08 	6.40977e-09 	7
929.0 	7.80637e-08 	6.39056e-09 	7
930.0 	7.80711e-08 	6.37073e-09 	7
931.0 	7.80862e-08 	6.35016e-09 	7
932.0 	7.81121e-08 	6.32969e-09 	7
933.0 	7.79426e-08 	6.31061e-09 	7
934.0 	7.80473e-08 	6.30053e-09 	7
935.0 	7.81484e-08 	7.80746e-09 	6
936.0 	7.79897e-08 	7.25755e-09 	6
937.0 	7.80276e-08 	6.6054e-09 	6
938.0 	7.8132e-08 	6.63578e-09 	6
939.0 	7.8227e-08 	6.43439e-09 	6
940.0 	7.82865e-08 	6.41397e-09 	6
941.0 	7.83325e-08 	6.4252e-09 	6
942.0 	7.83619e-08 	6.40277e-09 	6
943.0 	7.84346e-08 	6.38274e-09 	6
944.0 	7.85177e-08 	6.36951e-09 	6
945.0 	7.85977e-08 	6.35816e-09 	6
946.0 	7.86816e-08 	6.34635e-09 	6
947.0 	7.87618e-08 	6.3346e-09 	6
948.0 	7.88363e-08 	6.3319e-09 	6
949.0 	7.88899e-08 	6.31934e-09 	6
950.0 	4.60032e-08 	4.16302e-09 	7
951.0 	4.58358e-08 	4.11166e-09 	7
952.0 	4.56872e-08 	4.06118e-09 	7
953.0 	7.85483e-08 	6.14333e-09 	6
954.0 	4.57046e-08 	4.02234e-09 	7
955.0 	4.57158e-08 	4.0304e-09 	7
956.0 	4.5838e-08 	4.02338e-09 	7
957.0 	4.58797e-08 	4.00933e-09 	7
958.0 	4.59332e-08 	3.99935e-09 	7
959.0 	4.5986e-08 	3.99135e-09 	7
960.0 	4.60282e-08 	3.98509e-09 	7
961.0 	4.60543e-08 	3.9818e-09 	7
962.0 	4.60451e-08 	3.98026e-09 	7
963.0 	4.60674e-08 	3.98226e-09 	7
964.0 	4.60862e-08 	3.98488e-09 	7
965.0 	4.6093e-08 	3.97654e-09 	7
966.0 	4.60017e-08 	3.98016e-09 	7
967.0 	4.60017e-08 	3.97553e-09 	7
968.0 	4.59994e-08 	3.97088e-09 	7
969.0 	4.59906e-08 	3.97206e-09 	7
970.0 	4.60541e-08 	3.96951e-09 	7
971.0 	7.7298e-08 	6.29951e-09 	6
972.0 	4.62141e-08 	4.00582e-09 	7
973.0 	7.72216e-08 	6.36034e-09 	6
974.0 	4.63003e-08 	4.0687e-09 	7
975.0 	7.70311e-08 	6.41767e-09 	6
976.0 	7.69764e-08 	6.45336e-09 	6
977.0 	7.69278e-08 	6.45448e-09 	6
978.0 	7.68591e-08 	6.47772e-09 	6
979.0 	7.67518e-08 	6.49718e-09 	6
980.0 	7.66022e-08 	6.5085e-09 	6
981.0 	7.64281e-08 	6.51397e-09 	6
982.0 	7.62136e-08 	6.51811e-09 	6
983.0 	7.60319e-08 	6.5277e-09 	6
984.0 	7.58547e-08 	6.53813e-09 	6
985.0 	7.56817e-08 	6.61238e-09 	6
986.0 	7.55281e-08 	6.62333e-09 	6
987.0 	7.53756e-08 	6.6371e-09 	6
988.0 	7.52145e-08 	6.65266e-09 	6
989.0 	7.50386e-08 	6.66897e-09 	6
990.0 	7.50334e-08 	6.72758e-09 	6
991.0 	7.48628e-08 	6.80221e-09 	6
992.0 	7.46523e-08 	6.83066e-09 	6
993.0 	7.44261e-08 	6.84699e-09 	6
994.0 	7.42192e-08 	6.86818e-09 	6
995.0 	7.40012e-08 	6.88396e-09 	6
996.0 	7.37724e-08 	6.89168e-09 	6
997.0 	7.3556e-08 	6.89598e-09 	6
998.0 	7.3343e-08 	6.9003e-09 	6
999.0 	7.31351e-08 	6.91543e-09 	6
1000.0 	7.29394e-08 	6.93232e-09 	6
1001.0 	7.27593e-08 	7.01595e-09 	6
1002.0 	7.25829e-08 	7.03041e-09 	6
1003.0 	7.24639e-08 	7.04874e-09 	6
1004.0 	7.23511e-08 	7.06492e-09 	6
1005.0 	7.22475e-08 	7.07581e-09 	6
1006.0 	7.21574e-08 	7.08418e-09 	6
1007.0 	7.20691e-08 	7.09204e-09 	6
1008.0 	7.19726e-08 	7.10051e-09 	6
1009.0 	7.18639e-08 	7.10929e-09 	6
1010.0 	7.17513e-08 	7.11745e-09 	6
1011.0 	7.16327e-08 	7.12563e-09 	6
1012.0 	7.15069e-08 	7.13391e-09 	6
1013.0 	7.13672e-08 	5.57963e-09 	7
1014.0 	7.12515e-08 	5.65244e-09 	7
1015.0 	7.11441e-08 	5.75659e-09 	7
1016.0 	7.10524e-08 	5.83577e-09 	7
1017.0 	7.10219e-08 	5.90658e-09 	7
1018.0 	7.1035e-08 	5.9617e-09 	7
1019.0 	7.10641e-08 	6.00292e-09 	7
1020.0 	7.1089e-08 	6.03731e-09 	7
1021.0 	7.10899e-08 	6.07744e-09 	7
1022.0 	7.10365e-08 	6.07824e-09 	7
1023.0 	7.09785e-08 	6.10978e-09 	7
1024.0 	7.08622e-08 	6.13321e-09 	7
1025.0 	7.07487e-08 	6.15086e-09 	7
1026.0 	7.06149e-08 	6.16677e-09 	7
1027.0 	7.04616e-08 	6.18014e-09 	7
1028.0 	7.02891e-08 	6.19172e-09 	7
1029.0 	7.00922e-08 	6.1983e-09 	7
1030.0 	6.98805e-08 	6.1618e-09 	7
1031.0 	6.9666e-08 	6.17114e-09 	7
1032.0 	6.94606e-08 	6.17832e-09 	7
1033.0 	6.92557e-08 	6.18466e-09 	7
1034.0 	6.90888e-08 	6.192e-09 	7
1035.0 	6.89172e-08 	6.19666e-09 	7
1036.0 	6.87326e-08 	6.19793e-09 	7
1037.0 	6.85474e-08 	6.19709e-09 	7
1038.0 	6.83629e-08 	6.1958e-09 	7
1039.0 	6.817e-08 	6.19482e-09 	7
1040.0 	6.79679e-08 	6.19353e-09 	7
1041.0 	6.77564e-08 	6.18781e-09 	7
1042.0 	6.75257e-08 	6.18198e-09 	7
1043.0 	6.73224e-08 	6.17775e-09 	7
1044.0 	6.71212e-08 	6.17207e-09 	7
1045.0 	6.69155e-08 	6.16467e-09 	7
1046.0 	6.67159e-08 	6.15731e-09 	7
1047.0 	6.65186e-08 	6.14914e-09 	7
1048.0 	6.63185e-08 	6.13664e-09 	7
1049.0 	6.61236e-08 	6.12741e-09 	7
1050.0 	6.59338e-08 	6.11741e-09 	7
1051.0 	6.57472e-08 	6.10593e-09 	7
1052.0 	6.55663e-08 	6.09376e-09 	7
1053.0 	6.53765e-08 	6.08097e-09 	7
1054.0 	6.5202e-08 	6.06979e-09 	7
1055.0 	6.49859e-08 	6.07717e-09 	7
1056.0 	6.48022e-08 	6.06238e-09 	7
1057.0 	6.46265e-08 	6.04688e-09 	7
1058.0 	6.446e-08 	6.03192e-09 	7
1059.0 	6.42981e-08 	6.01933e-09 	7
1060.0 	6.41377e-08 	6.00971e-09 	7
1061.0 	6.39752e-08 	5.9993e-09 	7
1062.0 	6.38044e-08 	5.98671e-09 	7
1063.0 	6.36638e-08 	5.97672e-09 	7
1064.0 	6.35222e-08 	5.96686e-09 	7
1065.0 	6.33834e-08 	5.95605e-09 	7
1066.0 	6.3248e-08 	5.94461e-09 	7
1067.0 	6.31142e-08 	5.93328e-09 	7
1068.0 	6.29857e-08 	5.92339e-09 	7
1069.0 	6.28583e-08 	5.91288e-09 	7
1070.0 	6.27314e-08 	5.90146e-09 	7
1071.0 	6.25996e-08 	5.88868e-09 	7
1072.0 	6.24697e-08 	5.87489e-09 	7
1073.0 	6.23387e-08 	5.85997e-09 	7
1074.0 	6.2215e-08 	5.84793e-09 	7
1075.0 	6.20888e-08 	5.83489e-09 	7
1076.0 	6.19681e-08 	5.82042e-09 	7
1077.0 	6.18687e-08 	5.80569e-09 	7
1078.0 	6.17846e-08 	5.792e-09 	7
1079.0 	6.17085e-08 	5.78042e-09 	7
1080.0 	6.16379e-08 	5.76956e-09 	7
1081.0 	6.15754e-08 	5.7587e-09 	7
1082.0 	6.15076e-08 	5.74389e-09 	7
1083.0 	6.14587e-08 	5.73118e-09 	7
1084.0 	6.14149e-08 	5.71852e-09 	7
1085.0 	6.13686e-08 	5.70537e-09 	7
1086.0 	6.1332e-08 	5.692e-09 	7
1087.0 	6.13072e-08 	5.67927e-09 	7
1088.0 	6.13052e-08 	5.6669e-09 	7
1089.0 	6.13432e-08 	5.65536e-09 	7
1090.0 	6.13738e-08 	5.66556e-09 	7
1091.0 	6.14447e-08 	5.65469e-09 	7
1092.0 	6.15253e-08 	5.64472e-09 	7
1093.0 	6.16183e-08 	5.63476e-09 	7
1094.0 	6.17229e-08 	5.62346e-09 	7
1095.0 	6.18338e-08 	5.61519e-09 	7
1096.0 	6.19412e-08 	5.60702e-09 	7
1097.0 	6.20484e-08 	5.59835e-09 	7
1098.0 	6.21635e-08 	5.59031e-09 	7
1099.0 	6.22788e-08 	5.58318e-09 	7
1100.0 	6.2392e-08 	5.57729e-09 	7
1101.0 	6.25065e-08 	5.5703e-09 	7
1102.0 	6.26081e-08 	5.55859e-09 	7
1103.0 	6.27182e-08 	5.54639e-09 	7
1104.0 	6.28248e-08 	5.53647e-09 	7
1105.0 	6.29236e-08 	5.52653e-09 	7
1106.0 	6.30173e-08 	5.51633e-09 	7
1107.0 	6.31084e-08 	5.50628e-09 	7
1108.0 	6.31178e-08 	5.49118e-09 	7
1109.0 	6.31967e-08 	5.48091e-09 	7
1110.0 	6.32678e-08 	5.46966e-09 	7
1111.0 	6.33304e-08 	5.45733e-09 	7
1112.0 	6.33861e-08 	5.4442e-09 	7
1113.0 	6.3443e-08 	5.43077e-09 	7
1114.0 	6.35005e-08 	5.41725e-09 	7
1115.0 	6.35621e-08 	5.40357e-09 	7
1116.0 	6.3627e-08 	5.38969e-09 	7
1117.0 	6.37076e-08 	5.37548e-09 	7
1118.0 	6.37958e-08 	5.36138e-09 	7
1119.0 	3.79659e-08 	3.7093e-09 	8
1120.0 	6.37673e-08 	5.21309e-09 	7
1121.0 	3.77558e-08 	3.59971e-09 	8
1122.0 	3.75736e-08 	3.51777e-09 	8
1123.0 	3.74203e-08 	3.44341e-09 	8
1124.0 	3.7307e-08 	3.38437e-09 	8
1125.0 	3.72341e-08 	3.34211e-09 	8
1126.0 	3.71924e-08 	3.31291e-09 	8
1127.0 	3.71698e-08 	3.28949e-09 	8
1128.0 	3.71682e-08 	3.27104e-09 	8
1129.0 	3.71654e-08 	3.25358e-09 	8
1130.0 	3.71529e-08 	3.23445e-09 	8
1131.0 	3.71274e-08 	3.21304e-09 	8
1132.0 	3.70921e-08 	3.196e-09 	8
1133.0 	3.70621e-08 	3.16645e-09 	8
1134.0 	3.70188e-08 	3.14075e-09 	8
1135.0 	3.69761e-08 	3.11506e-09 	8
1136.0 	3.6934e-08 	3.0894e-09 	8
1137.0 	3.68924e-08 	3.68822e-09 	7
1138.0 	3.6681e-08 	3.32648e-09 	7
1139.0 	3.66454e-08 	3.31504e-09 	7
1140.0 	3.66385e-08 	3.2618e-09 	7
1141.0 	3.66147e-08 	3.21373e-09 	7
1142.0 	3.65752e-08 	3.21207e-09 	7
1143.0 	3.65431e-08 	3.2101e-09 	7
1144.0 	3.65098e-08 	3.19836e-09 	7
1145.0 	3.64727e-08 	3.18862e-09 	7
1146.0 	3.64367e-08 	3.17545e-09 	7
1147.0 	3.64049e-08 	3.16577e-09 	7
1148.0 	3.63726e-08 	3.15798e-09 	7
1149.0 	3.63354e-08 	3.17369e-09 	7
1150.0 	3.62909e-08 	3.16495e-09 	7
1151.0 	3.62376e-08 	3.1562e-09 	7
1152.0 	3.61879e-08 	3.14627e-09 	7
1153.0 	3.61361e-08 	3.13582e-09 	7
1154.0 	3.60756e-08 	3.14224e-09 	7
1155.0 	3.60038e-08 	3.13583e-09 	7
1156.0 	3.59277e-08 	3.13092e-09 	7
1157.0 	3.58454e-08 	3.1239e-09 	7
1158.0 	3.57731e-08 	3.12017e-09 	7
1159.0 	3.57084e-08 	3.12036e-09 	7
1160.0 	3.56357e-08 	3.11671e-09 	7
1161.0 	3.5561e-08 	3.11565e-09 	7
1162.0 	6.14277e-08 	4.8886e-09 	6
1163.0 	3.55235e-08 	3.12751e-09 	7
1164.0 	6.1314e-08 	4.9261e-09 	6
1165.0 	6.12907e-08 	4.95786e-09 	6
1166.0 	6.12391e-08 	4.98719e-09 	6
1167.0 	6.11652e-08 	5.0092e-09 	6
1168.0 	6.10491e-08 	5.01944e-09 	6
1169.0 	6.08894e-08 	5.01912e-09 	6
1170.0 	6.0695e-08 	5.01045e-09 	6
1171.0 	6.04929e-08 	5.00296e-09 	6
1172.0 	6.02978e-08 	4.99967e-09 	6
1173.0 	6.01124e-08 	5.00113e-09 	6
1174.0 	5.99759e-08 	5.00754e-09 	6
1175.0 	5.97907e-08 	5.00698e-09 	6
1176.0 	5.96099e-08 	5.01525e-09 	6
1177.0 	5.93381e-08 	5.02731e-09 	6
1178.0 	5.91562e-08 	5.03281e-09 	6
1179.0 	5.89783e-08 	5.07185e-09 	6
1180.0 	5.88018e-08 	5.08489e-09 	6
1181.0 	5.8626e-08 	5.09789e-09 	6
1182.0 	5.84677e-08 	5.11092e-09 	6
1183.0 	5.83293e-08 	5.12622e-09 	6
1184.0 	5.82236e-08 	5.14645e-09 	6
1185.0 	5.81108e-08 	5.16774e-09 	6
1186.0 	5.80056e-08 	5.17943e-09 	6
1187.0 	5.7921e-08 	5.19132e-09 	6
1188.0 	5.78579e-08 	5.25597e-09 	6
1189.0 	5.78034e-08 	5.27068e-09 	6
1190.0 	5.77628e-08 	5.28443e-09 	6
1191.0 	5.77078e-08 	5.29692e-09 	6
1192.0 	5.77002e-08 	5.31164e-09 	6
1193.0 	5.76322e-08 	5.32365e-09 	6
1194.0 	5.75686e-08 	5.336e-09 	6
1195.0 	5.74999e-08 	5.3499e-09 	6
1196.0 	5.7421e-08 	5.36478e-09 	6
1197.0 	5.73358e-08 	5.37823e-09 	6
1198.0 	5.72508e-08 	5.37109e-09 	6
1199.0 	5.71671e-08 	5.37918e-09 	6
1200.0 	5.70784e-08 	5.38674e-09 	6
1201.0 	5.6982e-08 	5.39379e-09 	6
1202.0 	5.68721e-08 	5.40123e-09 	6
1203.0 	5.67524e-08 	5.40975e-09 	6
1204.0 	5.66252e-08 	5.41876e-09 	6
1205.0 	5.64908e-08 	5.42795e-09 	6
1206.0 	5.63524e-08 	5.43655e-09 	6
1207.0 	5.62134e-08 	5.44487e-09 	6
1208.0 	5.60518e-08 	5.46212e-09 	6
1209.0 	5.59126e-08 	5.47009e-09 	6
1210.0 	5.5768e-08 	5.47707e-09 	6
1211.0 	5.56208e-08 	5.48338e-09 	6
1212.0 	5.54533e-08 	5.49497e-09 	6
1213.0 	5.53123e-08 	5.50397e-09 	6
1214.0 	5.51604e-08 	5.51037e-09 	6
1215.0 	5.4997e-08 	4.33834e-09 	7
1216.0 	5.48183e-08 	4.37755e-09 	7
1217.0 	5.46591e-08 	4.47286e-09 	7
1218.0 	5.45382e-08 	4.52268e-09 	7
1219.0 	5.44678e-08 	4.57369e-09 	7
1220.0 	5.44488e-08 	4.62356e-09 	7
1221.0 	5.44581e-08 	4.66923e-09 	7
1222.0 	5.44797e-08 	4.70781e-09 	7
1223.0 	5.45019e-08 	4.69158e-09 	7
1224.0 	5.45192e-08 	4.69586e-09 	7
1225.0 	5.45183e-08 	4.71464e-09 	7
1226.0 	5.44945e-08 	4.73913e-09 	7
