# time 	Local 	Global 	Cumulative
1.0 	4.34263e-08 	1.92763e-09 	1.39866e-06
2.0 	2.23333e-08 	1.62467e-09 	1.40028e-06
3.0 	1.76405e-08 	-1.87999e-09 	1.3984e-06
4.0 	1.63318e-08 	-1.526e-09 	1.39688e-06
5.0 	1.26168e-08 	-5.41697e-10 	1.39633e-06
6.0 	1.40929e-08 	-4.55125e-10 	1.39588e-06
7.0 	1.02743e-08 	-2.8555e-10 	1.39559e-06
8.0 	1.11517e-08 	-2.5774e-10 	1.39534e-06
9.0 	1.00692e-08 	-6.86674e-12 	1.39533e-06
10.0 	7.83067e-09 	1.72515e-10 	1.3955e-06
11.0 	6.35301e-09 	1.74715e-10 	1.39568e-06
12.0 	7.74207e-09 	2.49606e-10 	1.39593e-06
13.0 	7.66707e-09 	2.48217e-10 	1.39617e-06
14.0 	5.89019e-09 	1.71831e-10 	1.39635e-06
15.0 	5.53785e-09 	1.36279e-10 	1.39648e-06
16.0 	4.57562e-09 	8.09925e-11 	1.39656e-06
17.0 	5.22771e-09 	6.79731e-11 	1.39663e-06
18.0 	4.85151e-09 	-1.09805e-11 	1.39662e-06
19.0 	4.29837e-09 	-2.1219e-11 	1.3966e-06
20.0 	3.81989e-09 	-2.94081e-11 	1.39657e-06
21.0 	3.38144e-09 	-2.24535e-11 	1.39655e-06
22.0 	3.18723e-09 	-1.28194e-11 	1.39653e-06
23.0 	2.7242e-09 	-2.77017e-11 	1.39651e-06
24.0 	2.7079e-09 	-1.56248e-11 	1.39649e-06
25.0 	2.49914e-09 	1.43091e-11 	1.39651e-06
26.0 	2.455e-09 	1.38502e-11 	1.39652e-06
27.0 	2.40013e-09 	9.71144e-12 	1.39653e-06
28.0 	2.31538e-09 	3.99614e-12 	1.39653e-06
29.0 	2.18159e-09 	-1.03953e-12 	1.39653e-06
30.0 	2.03584e-09 	-4.69306e-12 	1.39653e-06
31.0 	1.8558e-09 	-6.51405e-12 	1.39652e-06
32.0 	1.94753e-09 	-3.32381e-12 	1.39652e-06
33.0 	1.86462e-09 	-2.9423e-11 	1.39649e-06
34.0 	1.88189e-09 	3.36413e-12 	1.39649e-06
35.0 	1.47682e-09 	1.49199e-11 	1.39651e-06
36.0 	1.75153e-09 	6.60349e-12 	1.39651e-06
37.0 	1.66192e-09 	4.97659e-11 	1.39656e-06
38.0 	1.88688e-09 	7.04327e-11 	1.39663e-06
39.0 	1.89306e-09 	1.10445e-10 	1.39674e-06
40.0 	2.03756e-09 	1.54236e-10 	1.3969e-06
41.0 	1.38321e-09 	1.12415e-10 	1.39701e-06
42.0 	1.39306e-09 	7.44728e-12 	1.39702e-06
43.0 	1.26464e-09 	1.18515e-11 	1.39703e-06
44.0 	1.26396e-09 	3.3864e-11 	1.39706e-06
45.0 	1.42878e-09 	7.17118e-12 	1.39707e-06
46.0 	1.35091e-09 	2.68916e-11 	1.3971e-06
47.0 	1.29574e-09 	1.35284e-11 	1.39711e-06
48.0 	1.29359e-09 	2.93919e-11 	1.39714e-06
49.0 	1.24658e-09 	1.30222e-11 	1.39715e-06
50.0 	1.18136e-09 	2.91947e-11 	1.39718e-06
51.0 	1.2153e-09 	1.12688e-11 	1.39719e-06
52.0 	1.12387e-09 	2.81551e-11 	1.39722e-06
53.0 	1.46684e-09 	3.22824e-11 	1.39725e-06
54.0 	1.23249e-09 	3.16787e-11 	1.39729e-06
55.0 	1.25727e-09 	3.25909e-11 	1.39732e-06
56.0 	1.04868e-09 	2.66904e-11 	1.39735e-06
57.0 	1.05691e-09 	2.68689e-11 	1.39737e-06
58.0 	1.06695e-09 	2.7052e-11 	1.3974e-06
59.0 	1.07852e-09 	2.72287e-11 	1.39743e-06
60.0 	1.09135e-09 	2.75203e-11 	1.39745e-06
61.0 	1.10475e-09 	2.79571e-11 	1.39748e-06
62.0 	1.119e-09 	2.85386e-11 	1.39751e-06
63.0 	9.65497e-10 	2.08922e-12 	1.39751e-06
64.0 	9.62408e-10 	2.07534e-12 	1.39751e-06
65.0 	9.56595e-10 	2.15678e-12 	1.39752e-06
66.0 	9.49961e-10 	2.33688e-12 	1.39752e-06
67.0 	9.41227e-10 	2.43734e-12 	1.39752e-06
68.0 	9.29529e-10 	2.60783e-12 	1.39752e-06
69.0 	9.14036e-10 	2.83477e-12 	1.39753e-06
70.0 	8.90652e-10 	3.15124e-12 	1.39753e-06
71.0 	8.53624e-10 	3.82356e-12 	1.39753e-06
72.0 	6.80072e-10 	1.31903e-11 	1.39755e-06
73.0 	5.92145e-10 	1.7208e-11 	1.39756e-06
74.0 	6.47891e-10 	1.92862e-11 	1.39758e-06
75.0 	6.81863e-10 	2.05666e-11 	1.3976e-06
76.0 	7.0871e-10 	2.1629e-11 	1.39763e-06
77.0 	7.30826e-10 	2.25055e-11 	1.39765e-06
78.0 	7.51359e-10 	2.33631e-11 	1.39767e-06
79.0 	7.69642e-10 	2.41134e-11 	1.3977e-06
80.0 	7.86006e-10 	2.47829e-11 	1.39772e-06
81.0 	8.00641e-10 	2.53892e-11 	1.39775e-06
82.0 	8.13878e-10 	2.59416e-11 	1.39777e-06
83.0 	7.0581e-10 	2.46063e-12 	1.39777e-06
84.0 	7.00011e-10 	2.39554e-12 	1.39778e-06
85.0 	8.00271e-10 	2.52632e-11 	1.3978e-06
86.0 	7.07413e-10 	2.00771e-12 	1.3978e-06
87.0 	8.05668e-10 	2.55559e-11 	1.39783e-06
88.0 	7.17185e-10 	1.95612e-12 	1.39783e-06
89.0 	7.06219e-10 	1.69262e-12 	1.39783e-06
90.0 	7.91537e-10 	2.49167e-11 	1.39786e-06
91.0 	7.14183e-10 	1.13815e-12 	1.39786e-06
92.0 	7.9998e-10 	2.51774e-11 	1.39788e-06
93.0 	7.24911e-10 	9.17485e-13 	1.39789e-06
94.0 	7.04164e-10 	3.13704e-13 	1.39789e-06
95.0 	7.86723e-10 	2.62543e-11 	1.39791e-06
96.0 	7.13675e-10 	-1.22595e-13 	1.39791e-06
97.0 	7.09408e-10 	-4.14511e-12 	1.39791e-06
98.0 	6.93543e-10 	-1.83735e-11 	1.39789e-06
99.0 	7.51631e-10 	-5.23774e-11 	1.39784e-06
100.0 	7.16647e-10 	-2.24459e-11 	1.39781e-06
101.0 	7.70442e-10 	1.05365e-10 	1.39792e-06
102.0 	7.34125e-10 	4.80742e-12 	1.39792e-06
103.0 	7.71166e-10 	7.02496e-11 	1.39799e-06
104.0 	8.05744e-10 	-2.23215e-11 	1.39797e-06
105.0 	8.27676e-10 	9.57982e-11 	1.39807e-06
106.0 	8.42619e-10 	-3.7546e-11 	1.39803e-06
107.0 	8.88112e-10 	1.84489e-10 	1.39822e-06
108.0 	9.86046e-10 	-9.29058e-11 	1.39812e-06
109.0 	9.78513e-10 	-1.13404e-10 	1.39801e-06
110.0 	1.01658e-09 	-1.02601e-10 	1.39791e-06
111.0 	1.02971e-09 	-1.60381e-10 	1.39775e-06
112.0 	1.04802e-09 	-1.12494e-10 	1.39763e-06
113.0 	1.0626e-09 	-1.81303e-10 	1.39745e-06
114.0 	1.08504e-09 	-1.24553e-10 	1.39733e-06
115.0 	1.0953e-09 	-2.10393e-10 	1.39712e-06
116.0 	1.13014e-09 	-1.4447e-10 	1.39697e-06
117.0 	1.18146e-09 	2.50583e-10 	1.39722e-06
118.0 	1.19393e-09 	-2.11298e-10 	1.39701e-06
119.0 	1.19183e-09 	-1.58346e-10 	1.39685e-06
120.0 	1.21369e-09 	-2.69983e-10 	1.39658e-06
121.0 	1.24266e-09 	-1.92613e-10 	1.39639e-06
122.0 	1.26336e-09 	-2.39793e-10 	1.39615e-06
123.0 	1.23494e-09 	-1.64273e-10 	1.39599e-06
124.0 	1.11391e-09 	2.09425e-10 	1.3962e-06
125.0 	1.28387e-09 	-2.1528e-10 	1.39598e-06
126.0 	1.25878e-09 	-1.73806e-10 	1.39581e-06
127.0 	1.3253e-09 	-2.85086e-10 	1.39552e-06
128.0 	1.28862e-09 	-1.88979e-10 	1.39533e-06
129.0 	1.33126e-09 	-2.33319e-10 	1.3951e-06
130.0 	1.43944e-09 	1.95517e-10 	1.3953e-06
131.0 	1.52478e-09 	1.05794e-10 	1.3954e-06
132.0 	1.44172e-09 	6.62463e-11 	1.39547e-06
133.0 	1.46914e-09 	5.94184e-11 	1.39553e-06
134.0 	1.49184e-09 	5.41115e-11 	1.39558e-06
135.0 	1.51486e-09 	5.32142e-11 	1.39563e-06
136.0 	1.53005e-09 	5.2218e-11 	1.39569e-06
137.0 	1.54163e-09 	5.08073e-11 	1.39574e-06
138.0 	1.55305e-09 	5.01576e-11 	1.39579e-06
139.0 	1.5622e-09 	4.97717e-11 	1.39584e-06
140.0 	1.57062e-09 	4.93962e-11 	1.39589e-06
141.0 	1.57923e-09 	4.90249e-11 	1.39594e-06
142.0 	1.59122e-09 	4.8902e-11 	1.39598e-06
143.0 	1.60209e-09 	4.85884e-11 	1.39603e-06
144.0 	1.61256e-09 	4.82734e-11 	1.39608e-06
145.0 	1.62147e-09 	4.79705e-11 	1.39613e-06
146.0 	1.47561e-09 	-7.8466e-12 	1.39612e-06
147.0 	1.60015e-09 	4.76669e-11 	1.39617e-06
148.0 	1.4605e-09 	-8.42009e-12 	1.39616e-06
149.0 	1.62546e-09 	5.62842e-11 	1.39622e-06
150.0 	1.64264e-09 	5.37941e-11 	1.39627e-06
151.0 	1.65791e-09 	5.26237e-11 	1.39632e-06
152.0 	1.6627e-09 	4.97723e-11 	1.39637e-06
153.0 	1.67088e-09 	4.89506e-11 	1.39642e-06
154.0 	1.67674e-09 	4.81432e-11 	1.39647e-06
155.0 	1.68077e-09 	4.73021e-11 	1.39652e-06
156.0 	1.67928e-09 	4.46005e-11 	1.39656e-06
157.0 	1.68141e-09 	4.38252e-11 	1.39661e-06
158.0 	1.68255e-09 	4.30034e-11 	1.39665e-06
159.0 	1.51656e-09 	-7.05258e-12 	1.39664e-06
160.0 	1.6515e-09 	4.35188e-11 	1.39669e-06
161.0 	1.68079e-09 	4.62995e-11 	1.39673e-06
162.0 	1.68628e-09 	4.26458e-11 	1.39677e-06
163.0 	1.68868e-09 	4.13332e-11 	1.39682e-06
164.0 	1.6882e-09 	4.00274e-11 	1.39686e-06
165.0 	1.68198e-09 	3.89277e-11 	1.39689e-06
166.0 	1.53269e-09 	-1.10988e-11 	1.39688e-06
167.0 	1.49934e-09 	-1.342e-11 	1.39687e-06
168.0 	1.49055e-09 	-2.02431e-11 	1.39685e-06
169.0 	1.44932e-09 	-2.30253e-11 	1.39683e-06
170.0 	1.57815e-09 	6.63529e-11 	1.39689e-06
171.0 	1.43506e-09 	-2.02128e-11 	1.39687e-06
172.0 	1.56706e-09 	5.44911e-11 	1.39693e-06
173.0 	1.42228e-09 	-1.30612e-11 	1.39691e-06
174.0 	1.54138e-09 	4.5946e-11 	1.39696e-06
175.0 	1.56213e-09 	3.04052e-11 	1.39699e-06
176.0 	1.27305e-09 	1.975e-11 	1.39701e-06
177.0 	1.27378e-09 	1.90984e-11 	1.39703e-06
178.0 	1.27123e-09 	1.84134e-11 	1.39705e-06
179.0 	1.26699e-09 	1.76993e-11 	1.39707e-06
180.0 	1.2617e-09 	1.7011e-11 	1.39708e-06
181.0 	1.25585e-09 	1.63264e-11 	1.3971e-06
182.0 	1.24989e-09 	1.57164e-11 	1.39712e-06
183.0 	1.53911e-09 	1.74779e-11 	1.39713e-06
184.0 	1.53829e-09 	1.67883e-11 	1.39715e-06
185.0 	1.53501e-09 	1.62327e-11 	1.39717e-06
186.0 	1.52932e-09 	1.56487e-11 	1.39718e-06
187.0 	1.3872e-09 	-1.53009e-11 	1.39717e-06
188.0 	1.34973e-09 	-1.49627e-11 	1.39715e-06
189.0 	1.30617e-09 	-1.44106e-11 	1.39714e-06
190.0 	1.13903e-09 	1.08374e-11 	1.39715e-06
191.0 	1.14158e-09 	1.03431e-11 	1.39716e-06
192.0 	1.14138e-09 	9.84899e-12 	1.39717e-06
193.0 	1.13809e-09 	9.3634e-12 	1.39718e-06
194.0 	1.13257e-09 	8.8453e-12 	1.39719e-06
195.0 	1.1259e-09 	8.35684e-12 	1.39719e-06
196.0 	1.11823e-09 	7.84966e-12 	1.3972e-06
197.0 	1.10978e-09 	7.39338e-12 	1.39721e-06
198.0 	1.22672e-09 	-1.61192e-11 	1.39719e-06
199.0 	1.07397e-09 	6.3572e-12 	1.3972e-06
200.0 	1.3078e-09 	7.22681e-12 	1.39721e-06
201.0 	1.18334e-09 	-1.62331e-11 	1.39719e-06
202.0 	1.27009e-09 	6.00281e-12 	1.3972e-06
203.0 	1.26723e-09 	5.8058e-12 	1.3972e-06
204.0 	1.4138e-09 	-1.98783e-11 	1.39718e-06
205.0 	1.36622e-09 	-1.82269e-11 	1.39716e-06
206.0 	1.2948e-09 	-1.3852e-11 	1.39715e-06
207.0 	1.28319e-09 	3.82522e-11 	1.39719e-06
208.0 	1.26028e-09 	-1.25431e-11 	1.39718e-06
209.0 	1.28239e-09 	4.60013e-11 	1.39722e-06
210.0 	1.22791e-09 	-1.24113e-11 	1.39721e-06
211.0 	1.23989e-09 	4.168e-11 	1.39725e-06
212.0 	1.19003e-09 	-1.13374e-11 	1.39724e-06
213.0 	1.20322e-09 	3.83128e-11 	1.39728e-06
214.0 	1.16206e-09 	-1.08237e-11 	1.39727e-06
215.0 	1.1902e-09 	4.09442e-11 	1.39731e-06
216.0 	1.26386e-09 	-6.96992e-12 	1.3973e-06
217.0 	1.26881e-09 	-9.54052e-13 	1.3973e-06
218.0 	1.27407e-09 	-5.11467e-13 	1.3973e-06
219.0 	1.04399e-09 	1.79127e-15 	1.3973e-06
220.0 	1.14382e-09 	-1.90145e-11 	1.39728e-06
221.0 	1.21684e-09 	-1.35547e-12 	1.39728e-06
222.0 	1.21424e-09 	-1.34045e-12 	1.39728e-06
223.0 	1.10091e-09 	-1.9085e-11 	1.39726e-06
224.0 	1.17025e-09 	-2.42055e-12 	1.39726e-06
225.0 	1.16652e-09 	-2.50514e-12 	1.39725e-06
226.0 	1.31681e-09 	-2.25136e-11 	1.39723e-06
227.0 	1.12304e-09 	-3.65414e-12 	1.39723e-06
228.0 	1.26939e-09 	-2.11556e-11 	1.39721e-06
229.0 	1.0737e-09 	-4.13737e-12 	1.3972e-06
230.0 	1.2183e-09 	-1.91191e-11 	1.39718e-06
231.0 	1.02509e-09 	-5.53361e-12 	1.39718e-06
232.0 	1.16586e-09 	-1.61005e-11 	1.39716e-06
233.0 	9.87058e-10 	-7.5099e-12 	1.39715e-06
234.0 	1.11688e-09 	-1.40724e-11 	1.39714e-06
235.0 	9.83188e-10 	-1.56161e-11 	1.39713e-06
236.0 	9.35321e-10 	-4.3953e-12 	1.39712e-06
237.0 	9.37836e-10 	-3.12102e-12 	1.39712e-06
238.0 	9.39398e-10 	-2.92371e-12 	1.39711e-06
239.0 	9.36106e-10 	-2.42954e-12 	1.39711e-06
240.0 	9.30766e-10 	-2.21444e-12 	1.39711e-06
241.0 	9.24213e-10 	-1.76981e-12 	1.39711e-06
242.0 	9.17721e-10 	-1.43558e-12 	1.39711e-06
243.0 	9.11482e-10 	-1.09767e-12 	1.39711e-06
244.0 	9.03131e-10 	-7.49151e-13 	1.3971e-06
245.0 	8.93396e-10 	-3.52512e-13 	1.3971e-06
246.0 	8.82225e-10 	8.60685e-14 	1.3971e-06
247.0 	8.06797e-10 	-1.13625e-11 	1.39709e-06
248.0 	7.79251e-10 	-1.02721e-11 	1.39708e-06
249.0 	7.5142e-10 	-9.11841e-12 	1.39707e-06
250.0 	7.22369e-10 	-7.51601e-12 	1.39707e-06
251.0 	7.05961e-10 	-4.68858e-13 	1.39707e-06
252.0 	9.75336e-10 	7.68542e-11 	1.39714e-06
253.0 	1.05647e-09 	1.44286e-11 	1.39716e-06
254.0 	9.59214e-10 	8.02466e-11 	1.39724e-06
255.0 	9.23011e-10 	-1.46212e-11 	1.39722e-06
256.0 	1.00484e-09 	-3.09297e-12 	1.39722e-06
257.0 	9.44522e-10 	-3.23283e-11 	1.39719e-06
258.0 	9.89119e-10 	2.64185e-12 	1.39719e-06
259.0 	1.00682e-09 	-1.01645e-10 	1.39709e-06
260.0 	1.01756e-09 	3.43153e-11 	1.39712e-06
261.0 	9.89786e-10 	-1.16097e-10 	1.39701e-06
262.0 	9.76299e-10 	4.05043e-11 	1.39705e-06
263.0 	8.93658e-10 	-4.07891e-11 	1.39701e-06
264.0 	9.14797e-10 	5.15975e-12 	1.39701e-06
265.0 	8.90938e-10 	-6.07926e-11 	1.39695e-06
266.0 	8.97867e-10 	1.07292e-11 	1.39696e-06
267.0 	5.84829e-10 	-6.3904e-11 	1.3969e-06
268.0 	6.29315e-10 	3.17389e-11 	1.39693e-06
269.0 	6.05559e-10 	3.53232e-11 	1.39696e-06
270.0 	5.82991e-10 	-2.56835e-12 	1.39696e-06
271.0 	5.84892e-10 	4.80227e-12 	1.39697e-06
272.0 	5.90571e-10 	6.2174e-12 	1.39697e-06
273.0 	5.93855e-10 	7.1101e-12 	1.39698e-06
274.0 	5.93818e-10 	7.82639e-12 	1.39699e-06
275.0 	5.92462e-10 	8.33574e-12 	1.397e-06
276.0 	5.89669e-10 	8.76912e-12 	1.39701e-06
277.0 	6.45794e-10 	-7.93603e-13 	1.397e-06
278.0 	6.2733e-10 	7.13156e-13 	1.397e-06
279.0 	6.07426e-10 	3.47179e-12 	1.39701e-06
280.0 	5.47838e-10 	-1.16334e-11 	1.397e-06
281.0 	5.98372e-10 	8.82939e-12 	1.39701e-06
282.0 	5.35214e-10 	-1.34218e-11 	1.39699e-06
283.0 	5.86103e-10 	1.25397e-11 	1.397e-06
284.0 	6.05623e-10 	3.69126e-11 	1.39704e-06
285.0 	5.90064e-10 	-8.26554e-11 	1.39696e-06
286.0 	6.09125e-10 	5.94319e-11 	1.39702e-06
287.0 	5.79005e-10 	3.60448e-11 	1.39705e-06
288.0 	6.14624e-10 	1.56664e-10 	1.39721e-06
289.0 	5.75493e-10 	5.07157e-11 	1.39726e-06
290.0 	5.97045e-10 	7.50638e-11 	1.39734e-06
291.0 	5.83785e-10 	-1.44514e-11 	1.39732e-06
292.0 	6.40317e-10 	6.45785e-12 	1.39733e-06
293.0 	5.72323e-10 	-8.92943e-12 	1.39732e-06
294.0 	6.32177e-10 	6.52946e-12 	1.39733e-06
295.0 	6.4464e-10 	3.11588e-11 	1.39736e-06
296.0 	6.25496e-10 	4.93041e-11 	1.39741e-06
297.0 	5.9766e-10 	2.99668e-12 	1.39741e-06
298.0 	6.23635e-10 	-4.08509e-11 	1.39737e-06
299.0 	5.87339e-10 	3.28303e-12 	1.39737e-06
300.0 	6.05273e-10 	-8.74856e-12 	1.39736e-06
301.0 	6.03339e-10 	1.44911e-11 	1.39738e-06
302.0 	6.1353e-10 	1.97194e-11 	1.3974e-06
303.0 	6.21012e-10 	-4.63489e-12 	1.39739e-06
304.0 	5.78225e-10 	-9.54863e-12 	1.39738e-06
305.0 	5.60584e-10 	3.57547e-11 	1.39742e-06
306.0 	5.90609e-10 	1.54266e-11 	1.39743e-06
307.0 	5.24589e-10 	4.69916e-12 	1.39744e-06
308.0 	5.32035e-10 	3.71773e-12 	1.39744e-06
309.0 	5.3588e-10 	3.22735e-12 	1.39745e-06
310.0 	5.37619e-10 	2.93001e-12 	1.39745e-06
311.0 	5.39299e-10 	2.78267e-12 	1.39745e-06
312.0 	5.41278e-10 	2.7571e-12 	1.39745e-06
313.0 	5.42647e-10 	2.80079e-12 	1.39746e-06
314.0 	5.43059e-10 	2.37378e-12 	1.39746e-06
315.0 	5.44931e-10 	2.63731e-12 	1.39746e-06
316.0 	5.45803e-10 	2.90798e-12 	1.39747e-06
317.0 	5.46756e-10 	3.22443e-12 	1.39747e-06
318.0 	5.02425e-10 	9.44346e-12 	1.39748e-06
319.0 	4.8401e-10 	5.93968e-12 	1.39748e-06
320.0 	4.97192e-10 	-5.41304e-11 	1.39743e-06
321.0 	4.90969e-10 	8.16251e-11 	1.39751e-06
322.0 	4.87184e-10 	5.51335e-11 	1.39757e-06
323.0 	4.85855e-10 	4.70021e-11 	1.39761e-06
324.0 	4.78288e-10 	3.69825e-11 	1.39765e-06
325.0 	4.74862e-10 	3.26662e-11 	1.39768e-06
326.0 	4.75183e-10 	3.1218e-11 	1.39771e-06
327.0 	5.48935e-10 	-4.33208e-11 	1.39767e-06
328.0 	4.7587e-10 	3.50505e-11 	1.39771e-06
329.0 	5.44255e-10 	-4.48355e-11 	1.39766e-06
330.0 	5.40442e-10 	-5.02904e-11 	1.39761e-06
331.0 	5.39941e-10 	-6.28967e-11 	1.39755e-06
332.0 	4.87871e-10 	8.00516e-11 	1.39763e-06
333.0 	5.21785e-10 	-5.62086e-11 	1.39757e-06
334.0 	5.21934e-10 	-8.16793e-11 	1.39749e-06
335.0 	5.13321e-10 	1.23817e-10 	1.39761e-06
336.0 	4.92707e-10 	1.26731e-10 	1.39774e-06
337.0 	5.20713e-10 	1.26078e-10 	1.39787e-06
338.0 	5.11048e-10 	-6.26926e-11 	1.3978e-06
339.0 	5.39757e-10 	-1.31531e-10 	1.39767e-06
340.0 	5.17566e-10 	1.17465e-10 	1.39779e-06
341.0 	4.82245e-10 	-4.46702e-11 	1.39775e-06
342.0 	4.86846e-10 	-1.19815e-10 	1.39763e-06
343.0 	5.12746e-10 	-1.22438e-10 	1.3975e-06
344.0 	5.37488e-10 	1.16298e-10 	1.39762e-06
345.0 	4.9293e-10 	3.27746e-11 	1.39765e-06
346.0 	5.26175e-10 	-8.71632e-12 	1.39764e-06
347.0 	5.45762e-10 	-4.61093e-11 	1.3976e-06
348.0 	5.34116e-10 	3.24982e-11 	1.39763e-06
349.0 	5.04495e-10 	2.88771e-12 	1.39763e-06
350.0 	5.2827e-10 	-9.63931e-11 	1.39754e-06
351.0 	5.37076e-10 	-9.54128e-11 	1.39744e-06
352.0 	5.34775e-10 	4.93554e-11 	1.39749e-06
353.0 	5.57987e-10 	1.71416e-11 	1.39751e-06
354.0 	5.67174e-10 	1.40351e-11 	1.39752e-06
355.0 	5.69269e-10 	1.26725e-11 	1.39753e-06
356.0 	5.68631e-10 	1.18635e-11 	1.39755e-06
357.0 	5.67363e-10 	1.13796e-11 	1.39756e-06
358.0 	5.64061e-10 	1.07567e-11 	1.39757e-06
359.0 	5.57655e-10 	1.00589e-11 	1.39758e-06
360.0 	5.50923e-10 	9.48117e-12 	1.39759e-06
361.0 	5.44115e-10 	8.99774e-12 	1.3976e-06
362.0 	5.37865e-10 	8.53163e-12 	1.39761e-06
363.0 	5.31914e-10 	8.06511e-12 	1.39761e-06
364.0 	5.24038e-10 	7.40773e-12 	1.39762e-06
365.0 	5.16622e-10 	6.83044e-12 	1.39763e-06
366.0 	5.09506e-10 	6.37563e-12 	1.39763e-06
367.0 	5.02399e-10 	6.04637e-12 	1.39764e-06
368.0 	4.95198e-10 	5.80376e-12 	1.39765e-06
369.0 	4.88053e-10 	5.5747e-12 	1.39765e-06
370.0 	4.79014e-10 	5.11058e-12 	1.39766e-06
371.0 	4.70932e-10 	4.69546e-12 	1.39766e-06
372.0 	4.15421e-10 	-3.71197e-12 	1.39766e-06
373.0 	4.01347e-10 	-3.77097e-12 	1.39765e-06
374.0 	3.86785e-10 	-3.72718e-12 	1.39765e-06
375.0 	3.71546e-10 	-3.70695e-12 	1.39765e-06
376.0 	3.53029e-10 	-3.92406e-12 	1.39764e-06
377.0 	3.31726e-10 	-4.72131e-12 	1.39764e-06
378.0 	3.16117e-10 	-3.20895e-12 	1.39763e-06
379.0 	3.23865e-10 	-4.16214e-12 	1.39763e-06
380.0 	3.25261e-10 	1.47272e-11 	1.39765e-06
381.0 	3.15882e-10 	-4.01029e-12 	1.39764e-06
382.0 	3.11502e-10 	-2.45376e-11 	1.39762e-06
383.0 	3.00869e-10 	2.41433e-11 	1.39764e-06
384.0 	2.98375e-10 	-6.31392e-12 	1.39763e-06
385.0 	2.88884e-10 	-1.10782e-13 	1.39763e-06
386.0 	2.92087e-10 	-3.82585e-12 	1.39763e-06
387.0 	2.97089e-10 	1.99682e-11 	1.39765e-06
388.0 	3.06199e-10 	1.91233e-12 	1.39765e-06
389.0 	2.87615e-10 	1.79039e-12 	1.39765e-06
390.0 	3.03235e-10 	2.02495e-11 	1.39767e-06
391.0 	3.0575e-10 	5.25268e-12 	1.39768e-06
392.0 	2.84474e-10 	-2.67462e-12 	1.39768e-06
393.0 	2.94582e-10 	5.4639e-12 	1.39768e-06
394.0 	3.03514e-10 	4.42097e-12 	1.39769e-06
395.0 	2.80703e-10 	-2.04653e-12 	1.39769e-06
396.0 	2.95352e-10 	5.1371e-12 	1.39769e-06
397.0 	2.98708e-10 	4.81818e-12 	1.3977e-06
398.0 	3.01294e-10 	4.84691e-12 	1.3977e-06
399.0 	3.03524e-10 	5.03962e-12 	1.3977e-06
400.0 	3.05644e-10 	5.32975e-12 	1.39771e-06
401.0 	3.07517e-10 	5.67125e-12 	1.39772e-06
402.0 	3.09056e-10 	6.02219e-12 	1.39772e-06
403.0 	3.10315e-10 	6.34812e-12 	1.39773e-06
404.0 	3.0852e-10 	6.4058e-12 	1.39773e-06
405.0 	3.08199e-10 	6.62802e-12 	1.39774e-06
406.0 	3.09219e-10 	6.82148e-12 	1.39775e-06
407.0 	3.11868e-10 	7.09403e-12 	1.39776e-06
408.0 	3.15644e-10 	7.42073e-12 	1.39776e-06
409.0 	3.1987e-10 	7.77185e-12 	1.39777e-06
410.0 	3.22975e-10 	8.11162e-12 	1.39778e-06
411.0 	3.21679e-10 	8.22502e-12 	1.39779e-06
412.0 	3.19927e-10 	8.4005e-12 	1.3978e-06
413.0 	3.17878e-10 	8.60421e-12 	1.3978e-06
414.0 	3.15376e-10 	8.94386e-12 	1.39781e-06
415.0 	3.13114e-10 	9.29706e-12 	1.39782e-06
416.0 	3.57678e-10 	-3.33323e-12 	1.39782e-06
417.0 	3.4871e-10 	-4.24102e-12 	1.39781e-06
418.0 	3.35101e-10 	-6.10289e-12 	1.39781e-06
419.0 	3.20083e-10 	2.71658e-11 	1.39784e-06
420.0 	3.25916e-10 	-8.5066e-12 	1.39783e-06
421.0 	3.21551e-10 	3.23202e-11 	1.39786e-06
422.0 	3.1643e-10 	2.5813e-11 	1.39789e-06
423.0 	3.29061e-10 	-9.71487e-12 	1.39788e-06
424.0 	2.91778e-10 	-2.88725e-11 	1.39785e-06
425.0 	2.93426e-10 	-4.2252e-11 	1.3978e-06
426.0 	3.0138e-10 	7.89679e-11 	1.39788e-06
427.0 	2.96223e-10 	7.90994e-11 	1.39796e-06
428.0 	2.93263e-10 	7.91809e-11 	1.39804e-06
429.0 	2.95244e-10 	-6.13967e-11 	1.39798e-06
430.0 	2.95134e-10 	7.72744e-11 	1.39806e-06
431.0 	3.11291e-10 	-8.64942e-11 	1.39797e-06
432.0 	2.80651e-10 	6.82225e-11 	1.39804e-06
433.0 	2.85585e-10 	-5.34148e-11 	1.39799e-06
434.0 	2.95309e-10 	-7.97932e-11 	1.39791e-06
435.0 	3.01386e-10 	-7.82662e-11 	1.39783e-06
436.0 	2.99727e-10 	-7.66006e-11 	1.39775e-06
437.0 	2.9758e-10 	-7.60627e-11 	1.39768e-06
438.0 	2.97035e-10 	-7.59429e-11 	1.3976e-06
439.0 	2.96612e-10 	-7.60364e-11 	1.39752e-06
440.0 	2.95588e-10 	-7.56956e-11 	1.39745e-06
441.0 	2.93006e-10 	-7.49163e-11 	1.39737e-06
442.0 	2.8908e-10 	-7.36809e-11 	1.3973e-06
443.0 	2.86764e-10 	-7.30106e-11 	1.39723e-06
444.0 	2.85239e-10 	6.52796e-11 	1.39729e-06
445.0 	2.76442e-10 	5.88813e-11 	1.39735e-06
446.0 	2.99835e-10 	5.07895e-11 	1.3974e-06
447.0 	2.76547e-10 	-3.53245e-11 	1.39737e-06
448.0 	2.87197e-10 	5.40897e-11 	1.39742e-06
449.0 	2.94645e-10 	4.39145e-11 	1.39746e-06
450.0 	2.96639e-10 	3.57533e-11 	1.3975e-06
451.0 	2.83674e-10 	2.54313e-11 	1.39752e-06
452.0 	2.76261e-10 	1.90975e-11 	1.39754e-06
453.0 	2.72215e-10 	1.63063e-11 	1.39756e-06
454.0 	2.70471e-10 	1.50917e-11 	1.39758e-06
455.0 	2.90518e-10 	-5.51167e-12 	1.39757e-06
456.0 	2.63501e-10 	1.59634e-11 	1.39759e-06
457.0 	3.11076e-10 	-2.19186e-11 	1.39756e-06
458.0 	3.01517e-10 	-2.59354e-11 	1.39754e-06
459.0 	3.01442e-10 	4.6851e-11 	1.39758e-06
460.0 	2.8874e-10 	-2.72765e-11 	1.39756e-06
461.0 	2.99575e-10 	-5.39746e-11 	1.3975e-06
462.0 	2.91228e-10 	6.05135e-11 	1.39756e-06
463.0 	2.89527e-10 	6.05411e-11 	1.39762e-06
464.0 	2.91928e-10 	-5.41478e-11 	1.39757e-06
465.0 	2.97182e-10 	6.25291e-11 	1.39763e-06
466.0 	2.93211e-10 	6.2166e-11 	1.39769e-06
467.0 	2.9009e-10 	-5.53199e-11 	1.39764e-06
468.0 	3.03047e-10 	6.10233e-11 	1.3977e-06
469.0 	3.09635e-10 	6.14935e-11 	1.39776e-06
470.0 	2.97979e-10 	-5.05799e-11 	1.39771e-06
471.0 	3.04025e-10 	6.04139e-11 	1.39777e-06
472.0 	2.74001e-10 	2.90762e-11 	1.3978e-06
473.0 	2.90402e-10 	-1.20948e-11 	1.39779e-06
474.0 	3.06459e-10 	6.03657e-11 	1.39785e-06
475.0 	3.1068e-10 	-3.97643e-11 	1.39781e-06
476.0 	2.92761e-10 	-3.20412e-11 	1.39778e-06
477.0 	2.99565e-10 	-4.02285e-11 	1.39774e-06
478.0 	2.89262e-10 	-3.40354e-11 	1.3977e-06
479.0 	2.92231e-10 	-3.48044e-11 	1.39767e-06
480.0 	2.81016e-10 	-2.82614e-11 	1.39764e-06
481.0 	2.84143e-10 	-3.21592e-11 	1.39761e-06
482.0 	3.1189e-10 	3.82983e-11 	1.39765e-06
483.0 	3.09369e-10 	1.10461e-11 	1.39766e-06
484.0 	2.00337e-10 	1.436e-12 	1.39766e-06
485.0 	2.94698e-10 	1.00676e-11 	1.39767e-06
486.0 	1.88318e-10 	6.82769e-13 	1.39767e-06
487.0 	2.89243e-10 	1.71478e-11 	1.39769e-06
488.0 	1.81964e-10 	6.12335e-13 	1.39769e-06
489.0 	1.75782e-10 	-1.53702e-12 	1.39769e-06
490.0 	2.79173e-10 	5.80664e-11 	1.39774e-06
491.0 	2.99192e-10 	3.96646e-11 	1.39778e-06
492.0 	1.84286e-10 	-4.07311e-12 	1.39778e-06
493.0 	2.95362e-10 	5.3575e-11 	1.39783e-06
494.0 	1.85261e-10 	-8.01673e-12 	1.39782e-06
495.0 	2.86276e-10 	5.17043e-11 	1.39788e-06
496.0 	1.74771e-10 	-4.62586e-12 	1.39787e-06
497.0 	1.88448e-10 	-2.14882e-11 	1.39785e-06
498.0 	1.91741e-10 	9.90409e-12 	1.39786e-06
499.0 	1.88058e-10 	2.97344e-12 	1.39786e-06
500.0 	1.87339e-10 	1.25023e-12 	1.39786e-06
501.0 	1.88119e-10 	7.39866e-13 	1.39787e-06
502.0 	1.89329e-10 	6.32016e-13 	1.39787e-06
503.0 	1.9154e-10 	7.78093e-13 	1.39787e-06
504.0 	1.9425e-10 	1.12234e-12 	1.39787e-06
505.0 	1.9712e-10 	1.46206e-12 	1.39787e-06
506.0 	1.99385e-10 	1.71108e-12 	1.39787e-06
507.0 	2.00494e-10 	1.82191e-12 	1.39787e-06
508.0 	2.0038e-10 	1.813e-12 	1.39787e-06
509.0 	1.9938e-10 	1.73322e-12 	1.39788e-06
510.0 	1.98033e-10 	1.57569e-12 	1.39788e-06
511.0 	1.96737e-10 	1.50788e-12 	1.39788e-06
512.0 	1.95781e-10 	1.49315e-12 	1.39788e-06
513.0 	1.95249e-10 	1.54133e-12 	1.39788e-06
514.0 	1.95087e-10 	1.64781e-12 	1.39788e-06
515.0 	1.95076e-10 	1.79498e-12 	1.39789e-06
516.0 	1.90679e-10 	1.61812e-12 	1.39789e-06
517.0 	1.88166e-10 	1.59916e-12 	1.39789e-06
518.0 	1.87547e-10 	1.79748e-12 	1.39789e-06
519.0 	1.88589e-10 	2.15852e-12 	1.39789e-06
520.0 	1.90988e-10 	2.63159e-12 	1.3979e-06
521.0 	1.93738e-10 	3.08877e-12 	1.3979e-06
522.0 	1.963e-10 	3.45838e-12 	1.3979e-06
523.0 	1.97172e-10 	3.62116e-12 	1.39791e-06
524.0 	1.96666e-10 	3.64175e-12 	1.39791e-06
525.0 	1.95189e-10 	3.57755e-12 	1.39791e-06
526.0 	1.93343e-10 	3.4923e-12 	1.39792e-06
527.0 	1.91646e-10 	3.43439e-12 	1.39792e-06
528.0 	1.90427e-10 	3.43063e-12 	1.39792e-06
529.0 	1.89753e-10 	3.48796e-12 	1.39793e-06
530.0 	2.65615e-10 	7.31983e-12 	1.39793e-06
531.0 	2.6956e-10 	7.44566e-12 	1.39794e-06
532.0 	2.68144e-10 	7.05419e-12 	1.39795e-06
533.0 	2.67343e-10 	6.76179e-12 	1.39796e-06
534.0 	2.67881e-10 	6.89273e-12 	1.39796e-06
535.0 	2.69523e-10 	7.34104e-12 	1.39797e-06
536.0 	2.7163e-10 	7.87317e-12 	1.39798e-06
537.0 	2.7355e-10 	8.3207e-12 	1.39799e-06
538.0 	2.73253e-10 	8.05299e-12 	1.39799e-06
539.0 	2.72632e-10 	7.96995e-12 	1.398e-06
540.0 	2.70542e-10 	7.66756e-12 	1.39801e-06
541.0 	2.6747e-10 	7.24682e-12 	1.39802e-06
542.0 	2.64695e-10 	7.01659e-12 	1.39802e-06
543.0 	2.61403e-10 	6.62292e-12 	1.39803e-06
544.0 	2.58507e-10 	6.32116e-12 	1.39804e-06
545.0 	2.56073e-10 	6.11711e-12 	1.39804e-06
546.0 	2.54013e-10 	5.99587e-12 	1.39805e-06
547.0 	2.52157e-10 	5.92917e-12 	1.39805e-06
548.0 	2.50286e-10 	5.88413e-12 	1.39806e-06
549.0 	2.42344e-10 	5.20643e-12 	1.39807e-06
550.0 	2.36687e-10 	4.82461e-12 	1.39807e-06
551.0 	2.33177e-10 	4.77289e-12 	1.39808e-06
552.0 	2.31536e-10 	4.98649e-12 	1.39808e-06
553.0 	2.3146e-10 	5.34701e-12 	1.39809e-06
554.0 	2.32161e-10 	5.69008e-12 	1.39809e-06
555.0 	2.31811e-10 	5.70298e-12 	1.3981e-06
556.0 	2.30533e-10 	5.57268e-12 	1.3981e-06
557.0 	2.27629e-10 	5.33721e-12 	1.39811e-06
558.0 	2.23383e-10 	4.98492e-12 	1.39811e-06
559.0 	2.18447e-10 	4.59827e-12 	1.39812e-06
560.0 	2.46543e-10 	1.71473e-12 	1.39812e-06
561.0 	2.38247e-10 	9.53931e-14 	1.39812e-06
562.0 	2.30033e-10 	-2.7193e-12 	1.39812e-06
563.0 	2.21481e-10 	-8.47475e-12 	1.39811e-06
564.0 	2.07141e-10 	-1.73315e-11 	1.39809e-06
565.0 	2.20401e-10 	2.24952e-11 	1.39811e-06
566.0 	2.27339e-10 	2.10363e-11 	1.39813e-06
567.0 	2.08136e-10 	-1.3963e-11 	1.39812e-06
568.0 	2.2334e-10 	1.98943e-11 	1.39814e-06
569.0 	2.23091e-10 	1.47418e-11 	1.39816e-06
570.0 	2.2384e-10 	1.07492e-11 	1.39817e-06
571.0 	2.25101e-10 	8.43116e-12 	1.39817e-06
572.0 	2.27279e-10 	7.37627e-12 	1.39818e-06
573.0 	1.95021e-10 	-3.99866e-13 	1.39818e-06
574.0 	2.3064e-10 	1.08228e-11 	1.39819e-06
575.0 	2.01159e-10 	-3.26858e-12 	1.39819e-06
576.0 	2.00388e-10 	-9.80444e-12 	1.39818e-06
577.0 	2.19489e-10 	2.62226e-11 	1.39821e-06
578.0 	2.24161e-10 	2.36525e-11 	1.39823e-06
579.0 	2.28506e-10 	1.87923e-11 	1.39825e-06
580.0 	2.28973e-10 	1.04189e-11 	1.39826e-06
581.0 	2.28482e-10 	7.80576e-12 	1.39827e-06
582.0 	2.30203e-10 	6.56892e-12 	1.39827e-06
583.0 	2.3195e-10 	5.79066e-12 	1.39828e-06
584.0 	2.33616e-10 	5.35658e-12 	1.39828e-06
585.0 	2.35017e-10 	5.12203e-12 	1.39829e-06
586.0 	2.35984e-10 	4.99844e-12 	1.39829e-06
587.0 	2.36503e-10 	4.9266e-12 	1.3983e-06
588.0 	2.36608e-10 	4.86828e-12 	1.3983e-06
589.0 	2.36374e-10 	4.80281e-12 	1.39831e-06
590.0 	2.35906e-10 	4.72399e-12 	1.39831e-06
591.0 	2.3531e-10 	4.63598e-12 	1.39832e-06
592.0 	2.34674e-10 	4.549e-12 	1.39832e-06
593.0 	2.34098e-10 	4.4733e-12 	1.39833e-06
594.0 	2.3362e-10 	4.41976e-12 	1.39833e-06
595.0 	2.3326e-10 	4.39635e-12 	1.39834e-06
596.0 	2.32985e-10 	4.41029e-12 	1.39834e-06
597.0 	2.24218e-10 	3.50899e-12 	1.39834e-06
598.0 	2.21647e-10 	3.22971e-12 	1.39835e-06
599.0 	2.20593e-10 	3.2209e-12 	1.39835e-06
600.0 	2.20724e-10 	3.29857e-12 	1.39835e-06
601.0 	2.23452e-10 	3.76004e-12 	1.39836e-06
602.0 	2.30028e-10 	4.64236e-12 	1.39836e-06
