# time 	cumulated 	delta
1.0 	0.08 	0.08
2.0 	0.1 	0.020000000000000004
3.0 	0.12 	0.01999999999999999
4.0 	0.13 	0.010000000000000009
5.0 	0.14 	0.010000000000000009
6.0 	0.15 	0.009999999999999981
7.0 	0.16 	0.010000000000000009
8.0 	0.17 	0.010000000000000009
9.0 	0.18 	0.009999999999999981
10.0 	0.19 	0.010000000000000009
11.0 	0.19 	0.0
12.0 	0.2 	0.010000000000000009
13.0 	0.21 	0.009999999999999981
14.0 	0.22 	0.010000000000000009
15.0 	0.23 	0.010000000000000009
16.0 	0.24 	0.009999999999999981
17.0 	0.25 	0.010000000000000009
18.0 	0.26 	0.010000000000000009
19.0 	0.27 	0.010000000000000009
20.0 	0.28 	0.010000000000000009
21.0 	0.29 	0.009999999999999953
22.0 	0.3 	0.010000000000000009
23.0 	0.3 	0.0
24.0 	0.31 	0.010000000000000009
25.0 	0.32 	0.010000000000000009
26.0 	0.33 	0.010000000000000009
27.0 	0.34 	0.010000000000000009
28.0 	0.35 	0.009999999999999953
29.0 	0.35 	0.0
30.0 	0.36 	0.010000000000000009
31.0 	0.37 	0.010000000000000009
32.0 	0.38 	0.010000000000000009
33.0 	0.4 	0.020000000000000018
34.0 	0.41 	0.009999999999999953
35.0 	0.41 	0.0
36.0 	0.42 	0.010000000000000009
37.0 	0.43 	0.010000000000000009
38.0 	0.44 	0.010000000000000009
39.0 	0.44 	0.0
40.0 	0.45 	0.010000000000000009
41.0 	0.46 	0.010000000000000009
42.0 	0.47 	0.009999999999999953
43.0 	0.48 	0.010000000000000009
44.0 	0.49 	0.010000000000000009
45.0 	0.49 	0.0
46.0 	0.5 	0.010000000000000009
47.0 	0.51 	0.010000000000000009
48.0 	0.52 	0.010000000000000009
49.0 	0.53 	0.010000000000000009
50.0 	0.54 	0.010000000000000009
51.0 	0.55 	0.010000000000000009
52.0 	0.56 	0.010000000000000009
53.0 	0.57 	0.009999999999999898
54.0 	0.57 	0.0
55.0 	0.58 	0.010000000000000009
56.0 	0.59 	0.010000000000000009
57.0 	0.6 	0.010000000000000009
58.0 	0.61 	0.010000000000000009
59.0 	0.62 	0.010000000000000009
60.0 	0.63 	0.010000000000000009
61.0 	0.64 	0.010000000000000009
62.0 	0.65 	0.010000000000000009
63.0 	0.66 	0.010000000000000009
64.0 	0.68 	0.020000000000000018
65.0 	0.69 	0.009999999999999898
66.0 	0.7 	0.010000000000000009
67.0 	0.72 	0.020000000000000018
68.0 	0.73 	0.010000000000000009
69.0 	0.74 	0.010000000000000009
70.0 	0.76 	0.020000000000000018
71.0 	0.77 	0.010000000000000009
72.0 	0.78 	0.010000000000000009
73.0 	0.8 	0.020000000000000018
74.0 	0.81 	0.010000000000000009
75.0 	0.82 	0.009999999999999898
76.0 	0.84 	0.020000000000000018
77.0 	0.85 	0.010000000000000009
78.0 	0.86 	0.010000000000000009
79.0 	0.88 	0.020000000000000018
80.0 	0.9 	0.020000000000000018
81.0 	0.91 	0.010000000000000009
82.0 	0.93 	0.020000000000000018
83.0 	0.94 	0.009999999999999898
84.0 	0.96 	0.020000000000000018
85.0 	0.97 	0.010000000000000009
86.0 	0.98 	0.010000000000000009
87.0 	1.0 	0.020000000000000018
88.0 	1.01 	0.010000000000000009
89.0 	1.03 	0.020000000000000018
90.0 	1.05 	0.020000000000000018
91.0 	1.06 	0.010000000000000009
92.0 	1.07 	0.010000000000000009
93.0 	1.08 	0.010000000000000009
94.0 	1.09 	0.010000000000000009
95.0 	1.1 	0.010000000000000009
96.0 	1.11 	0.010000000000000009
97.0 	1.12 	0.010000000000000009
98.0 	1.13 	0.009999999999999787
99.0 	1.14 	0.010000000000000009
100.0 	1.16 	0.020000000000000018
101.0 	1.17 	0.010000000000000009
102.0 	1.18 	0.010000000000000009
103.0 	1.19 	0.010000000000000009
104.0 	1.2 	0.010000000000000009
105.0 	1.21 	0.010000000000000009
106.0 	1.22 	0.010000000000000009
107.0 	1.24 	0.020000000000000018
108.0 	1.25 	0.010000000000000009
109.0 	1.26 	0.010000000000000009
110.0 	1.27 	0.010000000000000009
111.0 	1.28 	0.010000000000000009
112.0 	1.29 	0.010000000000000009
113.0 	1.3 	0.010000000000000009
114.0 	1.31 	0.010000000000000009
115.0 	1.32 	0.010000000000000009
116.0 	1.34 	0.020000000000000018
117.0 	1.35 	0.010000000000000009
118.0 	1.36 	0.010000000000000009
119.0 	1.37 	0.010000000000000009
120.0 	1.38 	0.009999999999999787
121.0 	1.39 	0.010000000000000009
122.0 	1.4 	0.010000000000000009
123.0 	1.41 	0.010000000000000009
124.0 	1.42 	0.010000000000000009
125.0 	1.43 	0.010000000000000009
126.0 	1.44 	0.010000000000000009
127.0 	1.45 	0.010000000000000009
128.0 	1.46 	0.010000000000000009
129.0 	1.48 	0.020000000000000018
130.0 	1.49 	0.010000000000000009
131.0 	1.5 	0.010000000000000009
132.0 	1.51 	0.010000000000000009
133.0 	1.52 	0.010000000000000009
134.0 	1.53 	0.010000000000000009
135.0 	1.54 	0.010000000000000009
136.0 	1.55 	0.010000000000000009
137.0 	1.56 	0.010000000000000009
138.0 	1.57 	0.010000000000000009
139.0 	1.58 	0.010000000000000009
140.0 	1.58 	0.0
141.0 	1.6 	0.020000000000000018
142.0 	1.61 	0.010000000000000009
143.0 	1.62 	0.010000000000000009
144.0 	1.63 	0.009999999999999787
145.0 	1.64 	0.010000000000000009
146.0 	1.65 	0.010000000000000009
147.0 	1.66 	0.010000000000000009
148.0 	1.67 	0.010000000000000009
149.0 	1.68 	0.010000000000000009
150.0 	1.69 	0.010000000000000009
151.0 	1.69 	0.0
152.0 	1.7 	0.010000000000000009
153.0 	1.71 	0.010000000000000009
154.0 	1.72 	0.010000000000000009
155.0 	1.73 	0.010000000000000009
156.0 	1.74 	0.010000000000000009
157.0 	1.75 	0.010000000000000009
158.0 	1.76 	0.010000000000000009
159.0 	1.78 	0.020000000000000018
160.0 	1.78 	0.0
161.0 	1.79 	0.010000000000000009
162.0 	1.8 	0.010000000000000009
163.0 	1.82 	0.020000000000000018
164.0 	1.83 	0.010000000000000009
165.0 	1.84 	0.010000000000000009
166.0 	1.85 	0.010000000000000009
167.0 	1.86 	0.010000000000000009
168.0 	1.87 	0.010000000000000009
169.0 	1.88 	0.009999999999999787
170.0 	1.89 	0.010000000000000009
171.0 	1.91 	0.020000000000000018
172.0 	1.91 	0.0
173.0 	1.92 	0.010000000000000009
174.0 	1.93 	0.010000000000000009
175.0 	1.94 	0.010000000000000009
176.0 	1.95 	0.010000000000000009
177.0 	1.96 	0.010000000000000009
178.0 	1.97 	0.010000000000000009
179.0 	1.98 	0.010000000000000009
180.0 	1.99 	0.010000000000000009
181.0 	2.0 	0.010000000000000009
182.0 	2.01 	0.009999999999999787
183.0 	2.02 	0.010000000000000231
184.0 	2.03 	0.009999999999999787
185.0 	2.04 	0.010000000000000231
186.0 	2.05 	0.009999999999999787
187.0 	2.06 	0.010000000000000231
188.0 	2.07 	0.009999999999999787
189.0 	2.08 	0.010000000000000231
190.0 	2.09 	0.009999999999999787
191.0 	2.1 	0.010000000000000231
192.0 	2.11 	0.009999999999999787
193.0 	2.12 	0.010000000000000231
194.0 	2.13 	0.009999999999999787
195.0 	2.14 	0.010000000000000231
196.0 	2.15 	0.009999999999999787
197.0 	2.16 	0.010000000000000231
198.0 	2.17 	0.009999999999999787
199.0 	2.18 	0.010000000000000231
200.0 	2.19 	0.009999999999999787
201.0 	2.21 	0.020000000000000018
202.0 	2.22 	0.010000000000000231
203.0 	2.22 	0.0
204.0 	2.23 	0.009999999999999787
205.0 	2.24 	0.010000000000000231
206.0 	2.25 	0.009999999999999787
207.0 	2.26 	0.009999999999999787
208.0 	2.27 	0.010000000000000231
209.0 	2.28 	0.009999999999999787
210.0 	2.29 	0.010000000000000231
211.0 	2.3 	0.009999999999999787
212.0 	2.31 	0.010000000000000231
213.0 	2.32 	0.009999999999999787
214.0 	2.33 	0.010000000000000231
215.0 	2.34 	0.009999999999999787
216.0 	2.35 	0.010000000000000231
217.0 	2.36 	0.009999999999999787
218.0 	2.37 	0.010000000000000231
219.0 	2.38 	0.009999999999999787
220.0 	2.39 	0.010000000000000231
221.0 	2.4 	0.009999999999999787
222.0 	2.41 	0.010000000000000231
223.0 	2.42 	0.009999999999999787
224.0 	2.43 	0.010000000000000231
225.0 	2.44 	0.009999999999999787
226.0 	2.45 	0.010000000000000231
227.0 	2.46 	0.009999999999999787
228.0 	2.46 	0.0
229.0 	2.47 	0.010000000000000231
230.0 	2.49 	0.020000000000000018
231.0 	2.49 	0.0
232.0 	2.5 	0.009999999999999787
233.0 	2.51 	0.009999999999999787
234.0 	2.52 	0.010000000000000231
235.0 	2.53 	0.009999999999999787
236.0 	2.54 	0.010000000000000231
237.0 	2.55 	0.009999999999999787
238.0 	2.56 	0.010000000000000231
239.0 	2.57 	0.009999999999999787
240.0 	2.58 	0.010000000000000231
241.0 	2.59 	0.009999999999999787
242.0 	2.6 	0.010000000000000231
243.0 	2.61 	0.009999999999999787
244.0 	2.62 	0.010000000000000231
245.0 	2.63 	0.009999999999999787
246.0 	2.63 	0.0
247.0 	2.64 	0.010000000000000231
248.0 	2.65 	0.009999999999999787
249.0 	2.66 	0.010000000000000231
250.0 	2.67 	0.009999999999999787
251.0 	2.68 	0.010000000000000231
252.0 	2.69 	0.009999999999999787
253.0 	2.7 	0.010000000000000231
254.0 	2.71 	0.009999999999999787
255.0 	2.72 	0.010000000000000231
256.0 	2.74 	0.020000000000000018
257.0 	2.75 	0.009999999999999787
258.0 	2.75 	0.0
259.0 	2.76 	0.009999999999999787
260.0 	2.77 	0.010000000000000231
261.0 	2.78 	0.009999999999999787
262.0 	2.79 	0.010000000000000231
263.0 	2.8 	0.009999999999999787
264.0 	2.81 	0.010000000000000231
265.0 	2.82 	0.009999999999999787
266.0 	2.83 	0.010000000000000231
267.0 	2.84 	0.009999999999999787
268.0 	2.85 	0.010000000000000231
269.0 	2.86 	0.009999999999999787
270.0 	2.87 	0.010000000000000231
271.0 	2.88 	0.009999999999999787
272.0 	2.88 	0.0
273.0 	2.89 	0.010000000000000231
274.0 	2.9 	0.009999999999999787
275.0 	2.91 	0.010000000000000231
276.0 	2.92 	0.009999999999999787
277.0 	2.93 	0.010000000000000231
278.0 	2.94 	0.009999999999999787
279.0 	2.95 	0.010000000000000231
280.0 	2.96 	0.009999999999999787
281.0 	2.97 	0.010000000000000231
282.0 	2.98 	0.009999999999999787
283.0 	2.99 	0.010000000000000231
284.0 	3.0 	0.009999999999999787
285.0 	3.01 	0.009999999999999787
286.0 	3.02 	0.010000000000000231
287.0 	3.03 	0.009999999999999787
288.0 	3.04 	0.010000000000000231
289.0 	3.05 	0.009999999999999787
290.0 	3.05 	0.0
291.0 	3.07 	0.020000000000000018
292.0 	3.08 	0.010000000000000231
293.0 	3.08 	0.0
294.0 	3.09 	0.009999999999999787
295.0 	3.1 	0.010000000000000231
296.0 	3.11 	0.009999999999999787
297.0 	3.12 	0.010000000000000231
298.0 	3.13 	0.009999999999999787
299.0 	3.14 	0.010000000000000231
300.0 	3.14 	0.0
301.0 	3.15 	0.009999999999999787
302.0 	3.16 	0.010000000000000231
303.0 	3.17 	0.009999999999999787
304.0 	3.18 	0.010000000000000231
305.0 	3.18 	0.0
306.0 	3.19 	0.009999999999999787
307.0 	3.2 	0.010000000000000231
308.0 	3.21 	0.009999999999999787
309.0 	3.22 	0.010000000000000231
310.0 	3.23 	0.009999999999999787
311.0 	3.24 	0.010000000000000231
312.0 	3.25 	0.009999999999999787
313.0 	3.26 	0.009999999999999787
314.0 	3.26 	0.0
315.0 	3.27 	0.010000000000000231
316.0 	3.28 	0.009999999999999787
317.0 	3.29 	0.010000000000000231
318.0 	3.3 	0.009999999999999787
319.0 	3.31 	0.010000000000000231
320.0 	3.32 	0.009999999999999787
321.0 	3.33 	0.010000000000000231
322.0 	3.34 	0.009999999999999787
323.0 	3.35 	0.010000000000000231
324.0 	3.36 	0.009999999999999787
325.0 	3.37 	0.010000000000000231
326.0 	3.38 	0.009999999999999787
327.0 	3.39 	0.010000000000000231
328.0 	3.4 	0.009999999999999787
329.0 	3.4 	0.0
330.0 	3.41 	0.010000000000000231
331.0 	3.42 	0.009999999999999787
332.0 	3.43 	0.010000000000000231
333.0 	3.44 	0.009999999999999787
334.0 	3.45 	0.010000000000000231
335.0 	3.46 	0.009999999999999787
336.0 	3.47 	0.010000000000000231
337.0 	3.48 	0.009999999999999787
338.0 	3.49 	0.010000000000000231
339.0 	3.5 	0.009999999999999787
340.0 	3.51 	0.009999999999999787
341.0 	3.52 	0.010000000000000231
342.0 	3.53 	0.009999999999999787
343.0 	3.53 	0.0
344.0 	3.54 	0.010000000000000231
345.0 	3.55 	0.009999999999999787
346.0 	3.56 	0.010000000000000231
347.0 	3.57 	0.009999999999999787
348.0 	3.58 	0.010000000000000231
349.0 	3.59 	0.009999999999999787
350.0 	3.6 	0.010000000000000231
351.0 	3.61 	0.009999999999999787
352.0 	3.62 	0.010000000000000231
353.0 	3.63 	0.009999999999999787
354.0 	3.64 	0.010000000000000231
355.0 	3.65 	0.009999999999999787
356.0 	3.65 	0.0
357.0 	3.66 	0.010000000000000231
358.0 	3.67 	0.009999999999999787
359.0 	3.68 	0.010000000000000231
360.0 	3.69 	0.009999999999999787
361.0 	3.7 	0.010000000000000231
362.0 	3.71 	0.009999999999999787
363.0 	3.71 	0.0
364.0 	3.72 	0.010000000000000231
365.0 	3.73 	0.009999999999999787
366.0 	3.74 	0.010000000000000231
367.0 	3.75 	0.009999999999999787
368.0 	3.76 	0.009999999999999787
369.0 	3.76 	0.0
370.0 	3.77 	0.010000000000000231
371.0 	3.78 	0.009999999999999787
372.0 	3.79 	0.010000000000000231
373.0 	3.79 	0.0
374.0 	3.8 	0.009999999999999787
375.0 	3.81 	0.010000000000000231
376.0 	3.82 	0.009999999999999787
377.0 	3.83 	0.010000000000000231
378.0 	3.84 	0.009999999999999787
379.0 	3.85 	0.010000000000000231
380.0 	3.85 	0.0
381.0 	3.86 	0.009999999999999787
382.0 	3.87 	0.010000000000000231
383.0 	3.88 	0.009999999999999787
384.0 	3.89 	0.010000000000000231
385.0 	3.89 	0.0
386.0 	3.9 	0.009999999999999787
387.0 	3.91 	0.010000000000000231
388.0 	3.92 	0.009999999999999787
389.0 	3.92 	0.0
390.0 	3.93 	0.010000000000000231
391.0 	3.94 	0.009999999999999787
392.0 	3.95 	0.010000000000000231
393.0 	3.96 	0.009999999999999787
394.0 	3.97 	0.010000000000000231
395.0 	3.97 	0.0
396.0 	3.98 	0.009999999999999787
397.0 	4.0 	0.020000000000000018
398.0 	4.01 	0.009999999999999787
399.0 	4.01 	0.0
400.0 	4.02 	0.009999999999999787
401.0 	4.03 	0.010000000000000675
402.0 	4.04 	0.009999999999999787
403.0 	4.04 	0.0
404.0 	4.05 	0.009999999999999787
405.0 	4.06 	0.009999999999999787
406.0 	4.07 	0.010000000000000675
407.0 	4.08 	0.009999999999999787
408.0 	4.09 	0.009999999999999787
409.0 	4.1 	0.009999999999999787
410.0 	4.11 	0.010000000000000675
411.0 	4.12 	0.009999999999999787
412.0 	4.13 	0.009999999999999787
413.0 	4.14 	0.009999999999999787
414.0 	4.14 	0.0
415.0 	4.15 	0.010000000000000675
416.0 	4.16 	0.009999999999999787
417.0 	4.17 	0.009999999999999787
418.0 	4.17 	0.0
419.0 	4.18 	0.009999999999999787
420.0 	4.19 	0.010000000000000675
421.0 	4.2 	0.009999999999999787
422.0 	4.2 	0.0
423.0 	4.21 	0.009999999999999787
424.0 	4.22 	0.009999999999999787
425.0 	4.23 	0.010000000000000675
426.0 	4.24 	0.009999999999999787
427.0 	4.25 	0.009999999999999787
428.0 	4.26 	0.009999999999999787
429.0 	4.27 	0.009999999999999787
430.0 	4.27 	0.0
431.0 	4.28 	0.010000000000000675
432.0 	4.29 	0.009999999999999787
433.0 	4.3 	0.009999999999999787
434.0 	4.31 	0.009999999999999787
435.0 	4.32 	0.010000000000000675
436.0 	4.32 	0.0
437.0 	4.33 	0.009999999999999787
438.0 	4.34 	0.009999999999999787
439.0 	4.35 	0.009999999999999787
440.0 	4.36 	0.010000000000000675
441.0 	4.37 	0.009999999999999787
442.0 	4.37 	0.0
443.0 	4.38 	0.009999999999999787
444.0 	4.39 	0.009999999999999787
445.0 	4.4 	0.010000000000000675
446.0 	4.41 	0.009999999999999787
447.0 	4.42 	0.009999999999999787
448.0 	4.43 	0.009999999999999787
449.0 	4.43 	0.0
450.0 	4.44 	0.010000000000000675
451.0 	4.45 	0.009999999999999787
452.0 	4.46 	0.009999999999999787
453.0 	4.48 	0.020000000000000462
454.0 	4.48 	0.0
455.0 	4.49 	0.009999999999999787
456.0 	4.5 	0.009999999999999787
457.0 	4.51 	0.009999999999999787
458.0 	4.52 	0.009999999999999787
459.0 	4.53 	0.010000000000000675
460.0 	4.53 	0.0
461.0 	4.54 	0.009999999999999787
462.0 	4.55 	0.009999999999999787
463.0 	4.56 	0.009999999999999787
464.0 	4.56 	0.0
465.0 	4.57 	0.010000000000000675
466.0 	4.58 	0.009999999999999787
467.0 	4.58 	0.0
468.0 	4.59 	0.009999999999999787
469.0 	4.6 	0.009999999999999787
470.0 	4.61 	0.010000000000000675
471.0 	4.62 	0.009999999999999787
472.0 	4.62 	0.0
473.0 	4.63 	0.009999999999999787
474.0 	4.64 	0.009999999999999787
475.0 	4.65 	0.010000000000000675
476.0 	4.66 	0.009999999999999787
477.0 	4.67 	0.009999999999999787
478.0 	4.67 	0.0
479.0 	4.68 	0.009999999999999787
480.0 	4.69 	0.010000000000000675
481.0 	4.7 	0.009999999999999787
482.0 	4.71 	0.009999999999999787
483.0 	4.71 	0.0
484.0 	4.72 	0.009999999999999787
485.0 	4.73 	0.010000000000000675
486.0 	4.74 	0.009999999999999787
487.0 	4.75 	0.009999999999999787
488.0 	4.75 	0.0
489.0 	4.76 	0.009999999999999787
490.0 	4.77 	0.009999999999999787
491.0 	4.78 	0.010000000000000675
492.0 	4.79 	0.009999999999999787
493.0 	4.79 	0.0
494.0 	4.8 	0.009999999999999787
495.0 	4.81 	0.009999999999999787
496.0 	4.82 	0.010000000000000675
497.0 	4.83 	0.009999999999999787
498.0 	4.83 	0.0
499.0 	4.84 	0.009999999999999787
500.0 	4.85 	0.009999999999999787
501.0 	4.86 	0.010000000000000675
502.0 	4.87 	0.009999999999999787
503.0 	4.87 	0.0
504.0 	4.88 	0.009999999999999787
505.0 	4.89 	0.009999999999999787
506.0 	4.9 	0.010000000000000675
507.0 	4.91 	0.009999999999999787
508.0 	4.91 	0.0
509.0 	4.92 	0.009999999999999787
510.0 	4.93 	0.009999999999999787
511.0 	4.94 	0.010000000000000675
512.0 	4.95 	0.009999999999999787
513.0 	4.95 	0.0
514.0 	4.96 	0.009999999999999787
515.0 	4.97 	0.009999999999999787
516.0 	4.98 	0.010000000000000675
517.0 	4.99 	0.009999999999999787
518.0 	4.99 	0.0
519.0 	5.0 	0.009999999999999787
520.0 	5.02 	0.019999999999999574
521.0 	5.03 	0.010000000000000675
522.0 	5.03 	0.0
523.0 	5.04 	0.009999999999999787
524.0 	5.05 	0.009999999999999787
525.0 	5.05 	0.0
526.0 	5.06 	0.009999999999999787
527.0 	5.07 	0.010000000000000675
528.0 	5.08 	0.009999999999999787
529.0 	5.09 	0.009999999999999787
530.0 	5.09 	0.0
531.0 	5.1 	0.009999999999999787
532.0 	5.11 	0.010000000000000675
533.0 	5.12 	0.009999999999999787
534.0 	5.12 	0.0
535.0 	5.13 	0.009999999999999787
536.0 	5.14 	0.009999999999999787
537.0 	5.15 	0.010000000000000675
538.0 	5.15 	0.0
539.0 	5.16 	0.009999999999999787
540.0 	5.17 	0.009999999999999787
541.0 	5.18 	0.009999999999999787
542.0 	5.19 	0.010000000000000675
543.0 	5.2 	0.009999999999999787
544.0 	5.21 	0.009999999999999787
545.0 	5.22 	0.009999999999999787
546.0 	5.22 	0.0
547.0 	5.23 	0.010000000000000675
548.0 	5.24 	0.009999999999999787
549.0 	5.25 	0.009999999999999787
550.0 	5.25 	0.0
551.0 	5.26 	0.009999999999999787
552.0 	5.27 	0.009999999999999787
553.0 	5.28 	0.010000000000000675
554.0 	5.28 	0.0
555.0 	5.29 	0.009999999999999787
556.0 	5.3 	0.009999999999999787
557.0 	5.31 	0.009999999999999787
558.0 	5.31 	0.0
559.0 	5.32 	0.010000000000000675
560.0 	5.33 	0.009999999999999787
561.0 	5.34 	0.009999999999999787
562.0 	5.34 	0.0
563.0 	5.35 	0.009999999999999787
564.0 	5.36 	0.010000000000000675
565.0 	5.37 	0.009999999999999787
566.0 	5.37 	0.0
567.0 	5.38 	0.009999999999999787
568.0 	5.39 	0.009999999999999787
569.0 	5.4 	0.010000000000000675
570.0 	5.4 	0.0
571.0 	5.41 	0.009999999999999787
572.0 	5.42 	0.009999999999999787
573.0 	5.42 	0.0
574.0 	5.43 	0.009999999999999787
575.0 	5.44 	0.010000000000000675
576.0 	5.45 	0.009999999999999787
577.0 	5.45 	0.0
578.0 	5.46 	0.009999999999999787
579.0 	5.47 	0.009999999999999787
580.0 	5.47 	0.0
581.0 	5.48 	0.010000000000000675
582.0 	5.49 	0.009999999999999787
583.0 	5.5 	0.009999999999999787
584.0 	5.5 	0.0
585.0 	5.51 	0.009999999999999787
586.0 	5.52 	0.009999999999999787
587.0 	5.53 	0.010000000000000675
588.0 	5.53 	0.0
589.0 	5.54 	0.009999999999999787
590.0 	5.55 	0.009999999999999787
591.0 	5.55 	0.0
592.0 	5.56 	0.009999999999999787
593.0 	5.57 	0.010000000000000675
594.0 	5.58 	0.009999999999999787
595.0 	5.58 	0.0
596.0 	5.59 	0.009999999999999787
597.0 	5.59 	0.0
598.0 	5.6 	0.009999999999999787
599.0 	5.61 	0.010000000000000675
600.0 	5.61 	0.0
601.0 	5.62 	0.009999999999999787
602.0 	5.63 	0.009999999999999787
