# time 	Initial 	Final 	Iterations
1.0 	3.09403e-06 	4.31994e-11 	3
2.0 	1.66952e-06 	4.73762e-11 	3
3.0 	8.59389e-07 	2.86223e-12 	4
4.0 	5.68423e-07 	9.64091e-11 	3
5.0 	6.30596e-07 	1.88834e-11 	3
6.0 	6.93261e-07 	9.66762e-11 	3
7.0 	6.68233e-07 	7.09062e-11 	3
8.0 	5.83789e-07 	6.50317e-11 	3
9.0 	5.14128e-07 	5.64836e-11 	3
10.0 	4.95684e-07 	4.26441e-11 	3
11.0 	5.12385e-07 	3.07837e-11 	3
12.0 	5.19425e-07 	9.91984e-11 	2
13.0 	5.13217e-07 	9.99802e-11 	2
14.0 	4.89649e-07 	2.15788e-11 	3
15.0 	4.57927e-07 	2.42161e-11 	3
16.0 	4.28446e-07 	2.6261e-11 	3
17.0 	4.11619e-07 	3.23393e-11 	3
18.0 	3.99687e-07 	4.35917e-11 	3
19.0 	3.85756e-07 	5.91684e-11 	3
20.0 	3.68441e-07 	7.48725e-11 	3
21.0 	3.53709e-07 	8.60078e-11 	3
22.0 	3.41301e-07 	8.79384e-11 	3
23.0 	3.32528e-07 	8.1791e-11 	3
24.0 	3.26838e-07 	7.18635e-11 	3
25.0 	3.22302e-07 	6.305e-11 	3
26.0 	3.18066e-07 	5.62379e-11 	3
27.0 	3.13268e-07 	5.20694e-11 	3
28.0 	3.07992e-07 	4.85855e-11 	3
29.0 	3.02709e-07 	4.77151e-11 	3
30.0 	2.97695e-07 	4.94615e-11 	3
31.0 	2.92982e-07 	5.12034e-11 	3
32.0 	2.89155e-07 	5.18527e-11 	3
33.0 	2.86727e-07 	5.11552e-11 	3
34.0 	2.85367e-07 	4.95022e-11 	3
35.0 	2.84486e-07 	4.76945e-11 	3
36.0 	2.8368e-07 	4.54321e-11 	3
37.0 	2.82885e-07 	4.29569e-11 	3
38.0 	2.81876e-07 	4.04462e-11 	3
39.0 	2.80806e-07 	3.80946e-11 	3
40.0 	2.79488e-07 	3.60386e-11 	3
41.0 	2.78196e-07 	3.45157e-11 	3
42.0 	2.76875e-07 	3.36407e-11 	3
43.0 	2.75568e-07 	3.33577e-11 	3
44.0 	2.73957e-07 	3.35934e-11 	3
45.0 	2.72111e-07 	3.44245e-11 	3
46.0 	2.69838e-07 	3.57761e-11 	3
47.0 	2.67139e-07 	3.7397e-11 	3
48.0 	2.63801e-07 	3.92351e-11 	3
49.0 	2.59692e-07 	4.1205e-11 	3
50.0 	2.55168e-07 	4.31445e-11 	3
51.0 	2.50417e-07 	4.48618e-11 	3
52.0 	2.45504e-07 	4.60338e-11 	3
53.0 	2.40339e-07 	4.66282e-11 	3
54.0 	2.34819e-07 	4.6542e-11 	3
55.0 	2.29252e-07 	4.58068e-11 	3
56.0 	2.23863e-07 	4.44086e-11 	3
57.0 	2.18411e-07 	4.24827e-11 	3
58.0 	2.13075e-07 	4.01565e-11 	3
59.0 	2.08077e-07 	3.77159e-11 	3
60.0 	2.03591e-07 	3.51415e-11 	3
61.0 	1.99608e-07 	3.25292e-11 	3
62.0 	1.96114e-07 	2.99181e-11 	3
63.0 	1.93076e-07 	2.73846e-11 	3
64.0 	1.90603e-07 	2.52028e-11 	3
65.0 	1.88704e-07 	2.34185e-11 	3
66.0 	1.87311e-07 	2.18857e-11 	3
67.0 	1.86397e-07 	2.07368e-11 	3
68.0 	1.8583e-07 	1.99845e-11 	3
69.0 	1.85586e-07 	1.94282e-11 	3
70.0 	1.8566e-07 	1.89375e-11 	3
71.0 	1.85991e-07 	1.86579e-11 	3
72.0 	1.86559e-07 	1.84829e-11 	3
73.0 	1.8755e-07 	1.84396e-11 	3
74.0 	1.88844e-07 	1.84227e-11 	3
75.0 	1.90438e-07 	1.84296e-11 	3
76.0 	1.92316e-07 	1.84929e-11 	3
77.0 	1.94388e-07 	1.86335e-11 	3
78.0 	1.96616e-07 	1.88611e-11 	3
79.0 	1.99035e-07 	1.91679e-11 	3
80.0 	2.0169e-07 	1.95564e-11 	3
81.0 	2.04566e-07 	2.00539e-11 	3
82.0 	2.07625e-07 	2.06014e-11 	3
83.0 	2.10798e-07 	2.1184e-11 	3
84.0 	2.14062e-07 	2.1793e-11 	3
85.0 	2.17461e-07 	2.24356e-11 	3
86.0 	2.20935e-07 	2.31104e-11 	3
87.0 	2.24515e-07 	2.38067e-11 	3
88.0 	2.28179e-07 	2.45333e-11 	3
89.0 	2.31906e-07 	2.5278e-11 	3
90.0 	2.35729e-07 	2.60558e-11 	3
91.0 	2.39622e-07 	2.68688e-11 	3
92.0 	2.43588e-07 	2.76864e-11 	3
93.0 	2.47675e-07 	2.85089e-11 	3
94.0 	2.5186e-07 	2.93212e-11 	3
95.0 	2.56162e-07 	3.0144e-11 	3
96.0 	2.60549e-07 	3.10137e-11 	3
97.0 	2.65047e-07 	3.18882e-11 	3
98.0 	2.69664e-07 	3.27999e-11 	3
99.0 	2.74401e-07 	3.37552e-11 	3
100.0 	2.79292e-07 	3.47719e-11 	3
101.0 	2.84267e-07 	3.57884e-11 	3
102.0 	2.89405e-07 	3.67999e-11 	3
103.0 	2.94665e-07 	3.78499e-11 	3
104.0 	3.00044e-07 	3.89254e-11 	3
105.0 	3.05518e-07 	4.00193e-11 	3
106.0 	3.11157e-07 	4.11642e-11 	3
107.0 	3.16919e-07 	4.23374e-11 	3
108.0 	3.22792e-07 	4.35582e-11 	3
109.0 	3.28788e-07 	4.48429e-11 	3
110.0 	3.34928e-07 	4.61271e-11 	3
111.0 	3.41117e-07 	4.73772e-11 	3
112.0 	3.47428e-07 	4.86494e-11 	3
113.0 	3.5382e-07 	4.98893e-11 	3
114.0 	3.60317e-07 	5.11373e-11 	3
115.0 	3.66867e-07 	5.23542e-11 	3
116.0 	3.73506e-07 	5.35698e-11 	3
117.0 	3.80168e-07 	5.46989e-11 	3
118.0 	3.8684e-07 	5.57118e-11 	3
119.0 	3.93647e-07 	5.67932e-11 	3
120.0 	4.00454e-07 	5.77811e-11 	3
121.0 	4.07336e-07 	5.86618e-11 	3
122.0 	4.14206e-07 	5.93567e-11 	3
123.0 	4.21133e-07 	6.00003e-11 	3
124.0 	4.28056e-07 	6.05478e-11 	3
125.0 	4.34986e-07 	6.10072e-11 	3
126.0 	4.41978e-07 	6.14635e-11 	3
127.0 	4.48953e-07 	6.18576e-11 	3
128.0 	4.55991e-07 	6.22034e-11 	3
129.0 	4.62994e-07 	6.24598e-11 	3
130.0 	4.69999e-07 	6.26281e-11 	3
131.0 	4.76937e-07 	6.2626e-11 	3
132.0 	4.8388e-07 	6.25573e-11 	3
133.0 	4.90798e-07 	6.24424e-11 	3
134.0 	4.97665e-07 	6.23363e-11 	3
135.0 	5.04484e-07 	6.22472e-11 	3
136.0 	5.11248e-07 	6.2244e-11 	3
137.0 	5.17918e-07 	6.21998e-11 	3
138.0 	5.24478e-07 	6.21946e-11 	3
139.0 	5.30915e-07 	6.2221e-11 	3
140.0 	5.37264e-07 	6.22196e-11 	3
141.0 	5.43468e-07 	6.22006e-11 	3
142.0 	5.49529e-07 	6.20999e-11 	3
143.0 	5.5544e-07 	6.19413e-11 	3
144.0 	5.61185e-07 	6.17355e-11 	3
145.0 	5.66779e-07 	6.15113e-11 	3
146.0 	5.72206e-07 	6.13779e-11 	3
147.0 	5.77486e-07 	6.12746e-11 	3
148.0 	5.82603e-07 	6.12552e-11 	3
149.0 	5.87552e-07 	6.12519e-11 	3
150.0 	5.92323e-07 	6.1275e-11 	3
151.0 	5.96887e-07 	6.13394e-11 	3
152.0 	6.01251e-07 	6.1459e-11 	3
153.0 	6.05484e-07 	6.19979e-11 	3
154.0 	6.09549e-07 	6.33105e-11 	3
155.0 	6.13379e-07 	6.48383e-11 	3
156.0 	6.17041e-07 	6.65879e-11 	3
157.0 	6.20592e-07 	6.8542e-11 	3
158.0 	6.23993e-07 	7.08211e-11 	3
159.0 	6.27283e-07 	7.35626e-11 	3
160.0 	6.30364e-07 	7.69692e-11 	3
161.0 	6.33178e-07 	8.14247e-11 	3
162.0 	6.358e-07 	8.68568e-11 	3
163.0 	6.38118e-07 	9.23171e-11 	3
164.0 	6.40338e-07 	9.91584e-11 	3
165.0 	6.42404e-07 	2.53976e-11 	3
166.0 	6.44362e-07 	2.63688e-11 	3
167.0 	6.46262e-07 	2.73369e-11 	3
168.0 	6.48109e-07 	2.85784e-11 	3
169.0 	6.49834e-07 	2.98592e-11 	3
170.0 	6.51443e-07 	3.13775e-11 	3
171.0 	6.52913e-07 	3.33973e-11 	3
172.0 	6.54422e-07 	3.66635e-11 	3
173.0 	6.55813e-07 	4.15626e-11 	3
174.0 	6.57065e-07 	4.80158e-11 	3
175.0 	6.5809e-07 	5.46774e-11 	3
176.0 	6.58823e-07 	5.86938e-11 	3
177.0 	6.59469e-07 	6.40031e-11 	3
178.0 	6.5986e-07 	7.28423e-11 	3
179.0 	6.6018e-07 	8.45264e-11 	3
180.0 	6.60386e-07 	9.85625e-11 	3
181.0 	6.6062e-07 	9.13536e-11 	3
182.0 	6.60717e-07 	4.79234e-11 	3
183.0 	6.60822e-07 	3.50675e-11 	3
184.0 	6.60928e-07 	2.94404e-11 	3
185.0 	6.60986e-07 	2.61608e-11 	3
186.0 	6.6116e-07 	2.35685e-11 	3
187.0 	6.61308e-07 	2.12212e-11 	3
188.0 	6.61498e-07 	9.69356e-11 	3
189.0 	6.6155e-07 	8.82986e-11 	3
190.0 	6.61469e-07 	8.14517e-11 	3
191.0 	6.61098e-07 	7.60565e-11 	3
192.0 	6.60486e-07 	7.17143e-11 	3
193.0 	6.59581e-07 	6.79766e-11 	3
194.0 	6.5853e-07 	6.46598e-11 	3
195.0 	6.57287e-07 	6.15228e-11 	3
196.0 	6.55959e-07 	5.84398e-11 	3
197.0 	6.54574e-07 	5.58353e-11 	3
198.0 	6.53212e-07 	5.35553e-11 	3
199.0 	6.51672e-07 	5.15551e-11 	3
200.0 	6.50242e-07 	4.98376e-11 	3
201.0 	6.48773e-07 	4.84376e-11 	3
202.0 	6.47333e-07 	4.72306e-11 	3
203.0 	6.45708e-07 	4.61188e-11 	3
204.0 	6.44071e-07 	4.50933e-11 	3
205.0 	6.42362e-07 	4.42415e-11 	3
206.0 	6.40677e-07 	4.34973e-11 	3
207.0 	6.38685e-07 	4.27063e-11 	3
208.0 	6.36705e-07 	4.20862e-11 	3
209.0 	6.3459e-07 	4.15241e-11 	3
210.0 	6.32458e-07 	4.11264e-11 	3
211.0 	6.30198e-07 	4.07386e-11 	3
212.0 	6.27901e-07 	4.03025e-11 	3
213.0 	6.25621e-07 	4.01828e-11 	3
214.0 	6.23286e-07 	4.00771e-11 	3
215.0 	6.20923e-07 	3.96201e-11 	3
216.0 	6.18454e-07 	3.92731e-11 	3
217.0 	6.15947e-07 	3.91474e-11 	3
218.0 	6.13427e-07 	3.89387e-11 	3
219.0 	6.10914e-07 	3.8426e-11 	3
220.0 	6.08287e-07 	3.77734e-11 	3
221.0 	6.0552e-07 	3.86816e-11 	3
222.0 	6.02736e-07 	3.95761e-11 	3
223.0 	6.00043e-07 	3.97447e-11 	3
224.0 	5.97112e-07 	3.92167e-11 	3
225.0 	5.94107e-07 	3.8498e-11 	3
226.0 	5.91178e-07 	3.786e-11 	3
227.0 	5.88225e-07 	3.71036e-11 	3
228.0 	5.85469e-07 	3.63239e-11 	3
229.0 	5.82299e-07 	3.54995e-11 	3
230.0 	5.79298e-07 	3.69986e-11 	3
231.0 	5.76405e-07 	3.97885e-11 	3
232.0 	5.73239e-07 	3.98516e-11 	3
233.0 	5.69935e-07 	3.88513e-11 	3
234.0 	5.66769e-07 	3.80984e-11 	3
235.0 	5.63656e-07 	3.77711e-11 	3
236.0 	5.60149e-07 	3.7469e-11 	3
237.0 	5.56737e-07 	3.71849e-11 	3
238.0 	5.5308e-07 	3.70221e-11 	3
239.0 	5.49639e-07 	3.68053e-11 	3
240.0 	5.46174e-07 	3.64517e-11 	3
241.0 	5.42531e-07 	3.60053e-11 	3
242.0 	5.39028e-07 	3.5339e-11 	3
243.0 	5.35309e-07 	3.43286e-11 	3
244.0 	5.31794e-07 	3.32733e-11 	3
245.0 	5.28062e-07 	3.25919e-11 	3
246.0 	5.24278e-07 	3.44257e-11 	3
247.0 	5.20329e-07 	3.67032e-11 	3
248.0 	5.16396e-07 	3.6695e-11 	3
249.0 	5.1208e-07 	3.59912e-11 	3
250.0 	5.08151e-07 	3.53471e-11 	3
251.0 	5.04113e-07 	3.51224e-11 	3
252.0 	5.00012e-07 	3.48867e-11 	3
253.0 	4.96068e-07 	3.4573e-11 	3
254.0 	4.92073e-07 	3.43629e-11 	3
255.0 	4.87948e-07 	3.42695e-11 	3
256.0 	4.84016e-07 	3.40035e-11 	3
257.0 	4.79776e-07 	3.36213e-11 	3
258.0 	4.75765e-07 	3.3114e-11 	3
259.0 	4.71674e-07 	3.24759e-11 	3
260.0 	4.67331e-07 	3.18532e-11 	3
261.0 	4.63195e-07 	3.11864e-11 	3
262.0 	4.58545e-07 	3.03851e-11 	3
263.0 	4.53874e-07 	2.93711e-11 	3
264.0 	4.49273e-07 	2.83906e-11 	3
265.0 	4.44765e-07 	2.75013e-11 	3
266.0 	4.40244e-07 	2.63197e-11 	3
267.0 	4.35875e-07 	2.50748e-11 	3
268.0 	4.31555e-07 	2.42668e-11 	3
269.0 	4.27115e-07 	2.96607e-11 	3
270.0 	4.22644e-07 	3.08483e-11 	3
271.0 	4.1829e-07 	3.15723e-11 	3
272.0 	4.1395e-07 	3.22186e-11 	3
273.0 	4.09755e-07 	3.26483e-11 	3
274.0 	4.05495e-07 	3.3357e-11 	3
275.0 	4.01168e-07 	3.41185e-11 	3
276.0 	3.9686e-07 	3.49864e-11 	3
277.0 	3.92645e-07 	3.61009e-11 	3
278.0 	3.8841e-07 	3.69921e-11 	3
279.0 	3.84229e-07 	9.78833e-11 	2
280.0 	3.80081e-07 	9.62707e-11 	2
281.0 	3.76039e-07 	9.49997e-11 	2
282.0 	3.72052e-07 	9.36334e-11 	2
283.0 	3.6809e-07 	9.16916e-11 	2
284.0 	3.64054e-07 	9.05319e-11 	2
285.0 	3.60178e-07 	9.01193e-11 	2
286.0 	3.55954e-07 	8.97149e-11 	2
287.0 	3.51655e-07 	8.93258e-11 	2
288.0 	3.476e-07 	8.90458e-11 	2
289.0 	3.43765e-07 	8.86783e-11 	2
290.0 	3.40081e-07 	8.83435e-11 	2
291.0 	3.36421e-07 	8.80641e-11 	2
292.0 	3.33052e-07 	8.78062e-11 	2
293.0 	3.29731e-07 	8.75628e-11 	2
294.0 	3.2652e-07 	8.66294e-11 	2
295.0 	3.23449e-07 	8.57018e-11 	2
296.0 	3.2039e-07 	8.52212e-11 	2
297.0 	3.1753e-07 	8.50165e-11 	2
298.0 	3.14872e-07 	8.47299e-11 	2
299.0 	3.12285e-07 	8.45485e-11 	2
300.0 	3.09675e-07 	8.4341e-11 	2
301.0 	3.07145e-07 	8.40516e-11 	2
302.0 	3.04685e-07 	8.36962e-11 	2
303.0 	3.0233e-07 	8.33483e-11 	2
304.0 	3.00065e-07 	8.31693e-11 	2
305.0 	2.97728e-07 	8.30657e-11 	2
306.0 	2.95401e-07 	8.28918e-11 	2
307.0 	2.92606e-07 	8.22451e-11 	2
308.0 	2.89714e-07 	8.14781e-11 	2
309.0 	2.87065e-07 	8.08947e-11 	2
310.0 	2.84596e-07 	8.04213e-11 	2
311.0 	2.8218e-07 	7.99984e-11 	2
312.0 	2.79865e-07 	7.95731e-11 	2
313.0 	2.77698e-07 	7.916e-11 	2
314.0 	2.75567e-07 	7.87475e-11 	2
315.0 	2.73525e-07 	7.81601e-11 	2
316.0 	2.71467e-07 	7.73898e-11 	2
317.0 	2.69133e-07 	7.77527e-11 	2
318.0 	2.65671e-07 	7.68221e-11 	2
319.0 	2.62696e-07 	7.68171e-11 	2
320.0 	2.60024e-07 	7.72622e-11 	2
321.0 	2.57533e-07 	7.79606e-11 	2
322.0 	2.55135e-07 	7.84919e-11 	2
323.0 	2.52741e-07 	7.91087e-11 	2
324.0 	2.50433e-07 	7.99863e-11 	2
325.0 	2.48247e-07 	8.08881e-11 	2
326.0 	2.46065e-07 	8.18678e-11 	2
327.0 	2.43948e-07 	8.28069e-11 	2
328.0 	2.41905e-07 	8.36998e-11 	2
329.0 	2.39963e-07 	8.44779e-11 	2
330.0 	2.37974e-07 	8.51094e-11 	2
331.0 	2.36092e-07 	8.54783e-11 	2
332.0 	2.34239e-07 	8.53403e-11 	2
333.0 	2.32485e-07 	8.49621e-11 	2
334.0 	2.30758e-07 	8.47639e-11 	2
335.0 	2.29052e-07 	8.47852e-11 	2
336.0 	2.27359e-07 	8.49252e-11 	2
337.0 	2.25674e-07 	8.49144e-11 	2
338.0 	2.24036e-07 	8.39609e-11 	2
339.0 	2.22482e-07 	8.26364e-11 	2
340.0 	2.20981e-07 	8.08225e-11 	2
341.0 	2.19593e-07 	7.84237e-11 	2
342.0 	2.18181e-07 	7.58703e-11 	2
343.0 	2.16773e-07 	7.34662e-11 	2
344.0 	2.15336e-07 	7.27825e-11 	2
345.0 	2.1404e-07 	7.33626e-11 	2
346.0 	2.12666e-07 	7.36161e-11 	2
347.0 	2.11326e-07 	7.36028e-11 	2
348.0 	2.10021e-07 	7.34485e-11 	2
349.0 	2.08787e-07 	7.31905e-11 	2
350.0 	2.07487e-07 	7.29931e-11 	2
351.0 	2.06207e-07 	7.28562e-11 	2
352.0 	2.04949e-07 	7.29188e-11 	2
353.0 	2.0366e-07 	7.31031e-11 	2
354.0 	2.02394e-07 	7.31774e-11 	2
355.0 	2.01054e-07 	7.30396e-11 	2
356.0 	1.99731e-07 	7.2576e-11 	2
357.0 	1.9843e-07 	7.18248e-11 	2
358.0 	1.9711e-07 	7.09007e-11 	2
359.0 	1.95825e-07 	6.97508e-11 	2
360.0 	1.94491e-07 	6.87125e-11 	2
361.0 	1.93115e-07 	6.77732e-11 	2
362.0 	1.91716e-07 	6.63105e-11 	2
363.0 	1.90302e-07 	6.58316e-11 	2
364.0 	1.88967e-07 	6.53834e-11 	2
365.0 	1.87584e-07 	6.49651e-11 	2
366.0 	1.86201e-07 	6.45143e-11 	2
367.0 	1.84812e-07 	6.40389e-11 	2
368.0 	1.8341e-07 	6.3582e-11 	2
369.0 	1.82004e-07 	6.33248e-11 	2
370.0 	1.80618e-07 	6.29962e-11 	2
371.0 	1.79203e-07 	6.26467e-11 	2
372.0 	1.7781e-07 	6.22404e-11 	2
373.0 	1.76378e-07 	6.1776e-11 	2
374.0 	1.7501e-07 	6.14787e-11 	2
375.0 	1.73648e-07 	6.12656e-11 	2
376.0 	1.72314e-07 	6.0634e-11 	2
377.0 	1.70968e-07 	5.99006e-11 	2
378.0 	1.6964e-07 	5.91138e-11 	2
379.0 	1.6834e-07 	5.83119e-11 	2
380.0 	1.66989e-07 	5.74792e-11 	2
381.0 	1.65643e-07 	5.61601e-11 	2
382.0 	1.64347e-07 	5.49113e-11 	2
383.0 	1.63119e-07 	5.37074e-11 	2
384.0 	1.61905e-07 	5.25959e-11 	2
385.0 	1.60704e-07 	5.15621e-11 	2
386.0 	1.59404e-07 	5.05997e-11 	2
387.0 	1.57911e-07 	4.96692e-11 	2
388.0 	1.56533e-07 	4.90089e-11 	2
389.0 	1.55199e-07 	4.83909e-11 	2
390.0 	1.53916e-07 	4.7759e-11 	2
391.0 	1.5265e-07 	4.71575e-11 	2
392.0 	1.51434e-07 	4.65616e-11 	2
393.0 	1.50242e-07 	4.60678e-11 	2
394.0 	1.49006e-07 	4.59244e-11 	2
395.0 	1.47687e-07 	4.53653e-11 	2
396.0 	1.46439e-07 	4.46695e-11 	2
397.0 	1.45288e-07 	4.38646e-11 	2
398.0 	1.44144e-07 	4.30669e-11 	2
399.0 	1.43038e-07 	4.23253e-11 	2
400.0 	1.41921e-07 	4.16172e-11 	2
401.0 	1.40818e-07 	4.09213e-11 	2
402.0 	1.39774e-07 	4.02288e-11 	2
403.0 	1.3876e-07 	3.95737e-11 	2
404.0 	1.37793e-07 	3.89316e-11 	2
405.0 	1.36749e-07 	3.83206e-11 	2
406.0 	1.35298e-07 	3.75271e-11 	2
407.0 	1.33957e-07 	3.68458e-11 	2
408.0 	1.32735e-07 	3.61922e-11 	2
409.0 	1.31595e-07 	3.56063e-11 	2
410.0 	1.30522e-07 	3.50548e-11 	2
411.0 	1.29523e-07 	3.44649e-11 	2
412.0 	1.28523e-07 	3.38981e-11 	2
413.0 	1.27548e-07 	3.33831e-11 	2
414.0 	1.26594e-07 	3.28948e-11 	2
415.0 	1.25667e-07 	3.24069e-11 	2
416.0 	1.24763e-07 	3.19465e-11 	2
417.0 	1.23916e-07 	3.15327e-11 	2
418.0 	1.2316e-07 	3.10676e-11 	2
419.0 	1.22368e-07 	3.0738e-11 	2
420.0 	1.2162e-07 	3.03636e-11 	2
421.0 	1.20909e-07 	3.00167e-11 	2
422.0 	1.202e-07 	2.96711e-11 	2
423.0 	1.19504e-07 	2.93341e-11 	2
424.0 	1.18832e-07 	2.89979e-11 	2
425.0 	1.1818e-07 	2.86783e-11 	2
426.0 	1.17587e-07 	2.83588e-11 	2
427.0 	1.16951e-07 	2.80269e-11 	2
428.0 	1.16396e-07 	2.76378e-11 	2
429.0 	1.1586e-07 	2.72203e-11 	2
430.0 	1.15355e-07 	2.68432e-11 	2
431.0 	1.14861e-07 	2.64691e-11 	2
432.0 	1.14391e-07 	2.60801e-11 	2
433.0 	1.13945e-07 	2.58759e-11 	2
434.0 	1.1353e-07 	2.58516e-11 	2
435.0 	1.13127e-07 	2.57727e-11 	2
436.0 	1.12744e-07 	2.5683e-11 	2
437.0 	1.12361e-07 	2.55961e-11 	2
438.0 	1.1199e-07 	2.56432e-11 	2
439.0 	1.11578e-07 	2.553e-11 	2
440.0 	1.10892e-07 	2.52436e-11 	2
441.0 	1.09804e-07 	2.47341e-11 	2
442.0 	1.08999e-07 	2.44623e-11 	2
443.0 	1.08231e-07 	2.44546e-11 	2
444.0 	1.07535e-07 	2.44946e-11 	2
445.0 	1.06878e-07 	2.45391e-11 	2
446.0 	1.06275e-07 	2.46087e-11 	2
447.0 	1.05703e-07 	2.46871e-11 	2
448.0 	1.05169e-07 	2.47914e-11 	2
449.0 	1.04677e-07 	2.48821e-11 	2
450.0 	1.04224e-07 	2.49766e-11 	2
451.0 	1.03859e-07 	2.50334e-11 	2
452.0 	1.03432e-07 	2.51037e-11 	2
453.0 	1.03003e-07 	2.5164e-11 	2
454.0 	1.02588e-07 	2.5225e-11 	2
455.0 	1.02196e-07 	2.53058e-11 	2
456.0 	1.01816e-07 	2.54071e-11 	2
457.0 	1.01448e-07 	2.54985e-11 	2
458.0 	1.01097e-07 	2.55838e-11 	2
459.0 	1.00761e-07 	2.56638e-11 	2
460.0 	1.00419e-07 	2.57186e-11 	2
461.0 	1.00189e-07 	2.57414e-11 	2
462.0 	9.9877e-08 	2.57593e-11 	2
463.0 	9.95625e-08 	2.57716e-11 	2
464.0 	9.92455e-08 	2.5802e-11 	2
465.0 	9.8943e-08 	2.58597e-11 	2
466.0 	9.86419e-08 	2.58922e-11 	2
467.0 	9.83459e-08 	2.59416e-11 	2
468.0 	9.80607e-08 	2.60048e-11 	2
469.0 	9.7762e-08 	2.60235e-11 	2
470.0 	9.74813e-08 	2.60324e-11 	2
471.0 	9.7211e-08 	2.60669e-11 	2
472.0 	9.70372e-08 	2.60134e-11 	2
473.0 	9.67817e-08 	2.59881e-11 	2
474.0 	9.65149e-08 	2.5953e-11 	2
475.0 	9.62523e-08 	2.59305e-11 	2
476.0 	9.59971e-08 	2.59783e-11 	2
477.0 	9.57452e-08 	2.60746e-11 	2
478.0 	9.55023e-08 	2.6174e-11 	2
479.0 	9.52637e-08 	2.62796e-11 	2
480.0 	9.50361e-08 	2.63825e-11 	2
481.0 	9.48239e-08 	2.64889e-11 	2
482.0 	9.45971e-08 	2.65941e-11 	2
483.0 	9.43637e-08 	2.66921e-11 	2
484.0 	9.4145e-08 	2.68219e-11 	2
485.0 	9.40188e-08 	2.69238e-11 	2
486.0 	9.37821e-08 	2.70543e-11 	2
487.0 	9.35417e-08 	2.71868e-11 	2
488.0 	9.33066e-08 	2.73147e-11 	2
489.0 	9.30799e-08 	2.74493e-11 	2
490.0 	9.28512e-08 	2.75877e-11 	2
491.0 	9.26333e-08 	2.77238e-11 	2
492.0 	9.24279e-08 	2.78651e-11 	2
493.0 	9.22321e-08 	2.80132e-11 	2
494.0 	9.2041e-08 	2.81433e-11 	2
495.0 	9.18485e-08 	2.82754e-11 	2
496.0 	9.1651e-08 	2.84319e-11 	2
497.0 	9.14634e-08 	2.8592e-11 	2
498.0 	9.12583e-08 	2.87393e-11 	2
499.0 	9.10635e-08 	2.88707e-11 	2
500.0 	9.09579e-08 	2.89065e-11 	2
501.0 	9.07405e-08 	2.89795e-11 	2
502.0 	9.05199e-08 	2.90502e-11 	2
503.0 	9.02992e-08 	2.91309e-11 	2
504.0 	9.00866e-08 	2.92226e-11 	2
505.0 	8.988e-08 	2.93205e-11 	2
506.0 	8.96739e-08 	2.94304e-11 	2
507.0 	8.94855e-08 	2.9544e-11 	2
508.0 	8.93042e-08 	2.96521e-11 	2
509.0 	8.91231e-08 	2.97476e-11 	2
510.0 	8.89549e-08 	2.98288e-11 	2
511.0 	8.87898e-08 	2.98958e-11 	2
512.0 	8.86279e-08 	2.99483e-11 	2
513.0 	8.84662e-08 	2.99874e-11 	2
514.0 	8.83009e-08 	3.0018e-11 	2
515.0 	8.81441e-08 	3.0048e-11 	2
516.0 	8.80788e-08 	2.99779e-11 	2
517.0 	8.79055e-08 	2.99428e-11 	2
518.0 	8.77253e-08 	2.99042e-11 	2
519.0 	8.75231e-08 	2.98695e-11 	2
520.0 	8.73341e-08 	2.98451e-11 	2
521.0 	8.71601e-08 	2.98319e-11 	2
522.0 	8.69933e-08 	2.98436e-11 	2
523.0 	8.68403e-08 	2.98583e-11 	2
524.0 	8.67045e-08 	2.98678e-11 	2
525.0 	8.65674e-08 	2.98677e-11 	2
526.0 	8.64315e-08 	2.9856e-11 	2
527.0 	8.62922e-08 	2.98326e-11 	2
528.0 	8.61509e-08 	2.97983e-11 	2
529.0 	8.60077e-08 	2.97539e-11 	2
530.0 	8.5856e-08 	2.97029e-11 	2
531.0 	8.56944e-08 	2.96318e-11 	2
532.0 	8.5638e-08 	2.94483e-11 	2
533.0 	8.54653e-08 	2.9314e-11 	2
534.0 	8.528e-08 	2.91795e-11 	2
535.0 	8.50939e-08 	2.90547e-11 	2
536.0 	8.4903e-08 	2.89454e-11 	2
537.0 	8.4712e-08 	2.88462e-11 	2
538.0 	8.45196e-08 	2.87523e-11 	2
539.0 	8.43316e-08 	2.86634e-11 	2
540.0 	8.41542e-08 	2.85659e-11 	2
541.0 	8.39757e-08 	2.84585e-11 	2
542.0 	8.37908e-08 	2.83398e-11 	2
543.0 	8.35979e-08 	2.8215e-11 	2
544.0 	8.33984e-08 	2.80746e-11 	2
545.0 	8.32038e-08 	2.79199e-11 	2
546.0 	8.30036e-08 	2.77567e-11 	2
547.0 	8.27947e-08 	2.75858e-11 	2
548.0 	8.2595e-08 	2.74083e-11 	2
549.0 	8.252e-08 	2.71044e-11 	2
550.0 	8.2295e-08 	2.6851e-11 	2
551.0 	8.20638e-08 	2.65935e-11 	2
552.0 	8.1836e-08 	2.63578e-11 	2
553.0 	8.16157e-08 	2.6141e-11 	2
554.0 	8.14046e-08 	2.59366e-11 	2
555.0 	8.11977e-08 	2.57385e-11 	2
556.0 	8.09925e-08 	2.55818e-11 	2
557.0 	8.07886e-08 	2.54417e-11 	2
558.0 	8.05862e-08 	2.53046e-11 	2
559.0 	8.03905e-08 	2.51571e-11 	2
560.0 	8.01904e-08 	2.4996e-11 	2
561.0 	7.99868e-08 	2.48264e-11 	2
562.0 	7.97827e-08 	2.46492e-11 	2
563.0 	7.95758e-08 	2.44597e-11 	2
564.0 	7.93726e-08 	2.42582e-11 	2
565.0 	7.91682e-08 	2.40492e-11 	2
566.0 	7.89605e-08 	2.38312e-11 	2
567.0 	7.87484e-08 	2.36146e-11 	2
568.0 	7.85316e-08 	2.34062e-11 	2
569.0 	7.84817e-08 	2.30851e-11 	2
570.0 	7.82308e-08 	2.28245e-11 	2
571.0 	7.79641e-08 	2.25738e-11 	2
572.0 	7.76927e-08 	2.2342e-11 	2
573.0 	7.74258e-08 	2.21317e-11 	2
574.0 	7.71616e-08 	2.19451e-11 	2
575.0 	7.69089e-08 	2.17661e-11 	2
576.0 	7.66704e-08 	2.16037e-11 	2
577.0 	7.64252e-08 	2.14321e-11 	2
578.0 	7.61836e-08 	2.12525e-11 	2
579.0 	7.59516e-08 	2.10658e-11 	2
580.0 	7.57306e-08 	2.08765e-11 	2
581.0 	7.55076e-08 	2.06816e-11 	2
582.0 	7.52817e-08 	2.04872e-11 	2
583.0 	7.50511e-08 	2.02987e-11 	2
584.0 	7.48249e-08 	2.01165e-11 	2
585.0 	7.46096e-08 	1.99321e-11 	2
586.0 	7.43892e-08 	1.9749e-11 	2
587.0 	7.41685e-08 	1.95658e-11 	2
588.0 	7.39599e-08 	1.93809e-11 	2
589.0 	7.37525e-08 	1.91746e-11 	2
590.0 	7.35453e-08 	1.89671e-11 	2
591.0 	7.33452e-08 	1.87616e-11 	2
592.0 	7.31415e-08 	1.85605e-11 	2
593.0 	7.2941e-08 	1.83665e-11 	2
594.0 	7.27472e-08 	1.81791e-11 	2
595.0 	7.25398e-08 	1.79907e-11 	2
596.0 	7.23372e-08 	1.78464e-11 	2
597.0 	7.23364e-08 	1.76278e-11 	2
598.0 	7.21083e-08 	1.7452e-11 	2
599.0 	7.18718e-08 	1.72787e-11 	2
600.0 	7.16361e-08 	1.71171e-11 	2
601.0 	7.14066e-08 	1.6973e-11 	2
602.0 	7.11968e-08 	1.68428e-11 	2
