# time 	Initial 	Final 	Iterations
1.0 	2.084e-06 	4.98726e-11 	3
2.0 	1.98644e-06 	4.06052e-11 	3
3.0 	1.91964e-06 	3.44634e-11 	3
4.0 	1.85799e-06 	2.95056e-11 	3
5.0 	1.79624e-06 	2.47975e-11 	3
6.0 	1.73406e-06 	2.03526e-11 	3
7.0 	1.672e-06 	1.76531e-11 	3
8.0 	1.61059e-06 	1.751e-11 	3
9.0 	1.55003e-06 	1.88464e-11 	3
10.0 	1.49028e-06 	2.17962e-11 	3
11.0 	1.4328e-06 	2.50022e-11 	3
12.0 	1.37694e-06 	2.78871e-11 	3
13.0 	1.3231e-06 	3.07713e-11 	3
14.0 	1.27091e-06 	3.38994e-11 	3
15.0 	1.22041e-06 	3.77005e-11 	3
16.0 	1.17137e-06 	4.17273e-11 	3
17.0 	1.12447e-06 	4.56513e-11 	3
18.0 	1.08027e-06 	4.93684e-11 	3
19.0 	1.03866e-06 	5.27973e-11 	3
20.0 	1.00045e-06 	5.57137e-11 	3
21.0 	9.64677e-07 	5.79373e-11 	3
22.0 	9.30509e-07 	5.92353e-11 	3
23.0 	8.9855e-07 	5.94092e-11 	3
24.0 	8.67877e-07 	5.86109e-11 	3
25.0 	8.38611e-07 	5.75903e-11 	3
26.0 	8.10044e-07 	5.61331e-11 	3
27.0 	7.82651e-07 	5.44809e-11 	3
28.0 	7.56906e-07 	5.28086e-11 	3
29.0 	7.32392e-07 	5.07138e-11 	3
30.0 	7.08727e-07 	4.8351e-11 	3
31.0 	6.86e-07 	4.60323e-11 	3
32.0 	6.6431e-07 	4.39875e-11 	3
33.0 	6.43259e-07 	4.23356e-11 	3
34.0 	6.2313e-07 	4.12244e-11 	3
35.0 	6.03902e-07 	4.08453e-11 	3
36.0 	5.85537e-07 	4.13021e-11 	3
37.0 	5.68165e-07 	4.25482e-11 	3
38.0 	5.51827e-07 	4.44721e-11 	3
39.0 	5.36093e-07 	4.66802e-11 	3
40.0 	5.20928e-07 	4.87205e-11 	3
41.0 	5.06376e-07 	5.02718e-11 	3
42.0 	4.92259e-07 	5.16415e-11 	3
43.0 	4.78553e-07 	5.25173e-11 	3
44.0 	4.65198e-07 	5.28146e-11 	3
45.0 	4.52213e-07 	5.25725e-11 	3
46.0 	4.39476e-07 	5.18204e-11 	3
47.0 	4.26957e-07 	5.07522e-11 	3
48.0 	4.14835e-07 	4.94002e-11 	3
49.0 	4.02917e-07 	4.77824e-11 	3
50.0 	3.91169e-07 	4.60127e-11 	3
51.0 	3.79663e-07 	4.41012e-11 	3
52.0 	3.68663e-07 	4.201e-11 	3
53.0 	3.57846e-07 	3.98428e-11 	3
54.0 	3.47466e-07 	3.76165e-11 	3
55.0 	3.37309e-07 	3.53999e-11 	3
56.0 	3.2742e-07 	3.33434e-11 	3
57.0 	3.17932e-07 	3.14041e-11 	3
58.0 	3.08764e-07 	2.94743e-11 	3
59.0 	2.99905e-07 	2.75619e-11 	3
60.0 	2.91291e-07 	2.57073e-11 	3
61.0 	2.83134e-07 	2.40289e-11 	3
62.0 	2.75391e-07 	2.26572e-11 	3
63.0 	2.68064e-07 	2.13538e-11 	3
64.0 	2.61212e-07 	2.00491e-11 	3
65.0 	2.54746e-07 	1.87519e-11 	3
66.0 	2.48726e-07 	1.74839e-11 	3
67.0 	2.43449e-07 	1.6278e-11 	3
68.0 	2.39525e-07 	1.51778e-11 	3
69.0 	2.36154e-07 	1.42101e-11 	3
70.0 	2.33196e-07 	9.22116e-11 	2
71.0 	2.30654e-07 	7.98134e-11 	2
72.0 	2.28687e-07 	6.86034e-11 	2
73.0 	2.26992e-07 	5.88861e-11 	2
74.0 	2.25703e-07 	5.06692e-11 	2
75.0 	2.24607e-07 	4.39357e-11 	2
76.0 	2.23725e-07 	3.8629e-11 	2
77.0 	2.22882e-07 	3.53983e-11 	2
78.0 	2.22083e-07 	3.45553e-11 	2
79.0 	2.21395e-07 	3.43329e-11 	2
80.0 	2.20776e-07 	3.464e-11 	2
81.0 	2.20244e-07 	3.49459e-11 	2
82.0 	2.1976e-07 	3.52267e-11 	2
83.0 	2.19432e-07 	3.55178e-11 	2
84.0 	2.19386e-07 	3.57873e-11 	2
85.0 	2.19478e-07 	3.60156e-11 	2
86.0 	2.19761e-07 	3.62043e-11 	2
87.0 	2.20254e-07 	3.63632e-11 	2
88.0 	2.20898e-07 	3.64841e-11 	2
89.0 	2.2169e-07 	3.65499e-11 	2
90.0 	2.22608e-07 	3.65633e-11 	2
91.0 	2.23617e-07 	3.66499e-11 	2
92.0 	2.24758e-07 	3.69413e-11 	2
93.0 	2.25992e-07 	3.81629e-11 	2
94.0 	2.2728e-07 	3.99914e-11 	2
95.0 	2.28574e-07 	4.20061e-11 	2
96.0 	2.29883e-07 	4.40096e-11 	2
97.0 	2.31182e-07 	4.60066e-11 	2
98.0 	2.32461e-07 	4.80156e-11 	2
99.0 	2.33692e-07 	4.99633e-11 	2
100.0 	2.35021e-07 	5.24084e-11 	2
101.0 	2.36274e-07 	5.52124e-11 	2
102.0 	2.3742e-07 	5.80124e-11 	2
103.0 	2.38468e-07 	6.07401e-11 	2
104.0 	2.39461e-07 	6.33959e-11 	2
105.0 	2.40376e-07 	6.59131e-11 	2
106.0 	2.41218e-07 	6.82544e-11 	2
107.0 	2.41993e-07 	7.03776e-11 	2
108.0 	2.42676e-07 	7.22911e-11 	2
109.0 	2.43276e-07 	7.40219e-11 	2
110.0 	2.43742e-07 	7.54737e-11 	2
111.0 	2.44074e-07 	7.66415e-11 	2
112.0 	2.44259e-07 	7.75284e-11 	2
113.0 	2.44319e-07 	7.81375e-11 	2
114.0 	2.44388e-07 	7.86254e-11 	2
115.0 	2.44331e-07 	7.8967e-11 	2
116.0 	2.44138e-07 	7.91076e-11 	2
117.0 	2.43832e-07 	7.90584e-11 	2
118.0 	2.4343e-07 	7.88459e-11 	2
119.0 	2.42944e-07 	7.84881e-11 	2
120.0 	2.42392e-07 	7.79895e-11 	2
121.0 	2.41786e-07 	7.73548e-11 	2
122.0 	2.41089e-07 	7.65827e-11 	2
123.0 	2.40296e-07 	7.56691e-11 	2
124.0 	2.39429e-07 	7.46224e-11 	2
125.0 	2.38492e-07 	7.34462e-11 	2
126.0 	2.37488e-07 	7.21535e-11 	2
127.0 	2.36444e-07 	7.07762e-11 	2
128.0 	2.35372e-07 	6.93477e-11 	2
129.0 	2.34279e-07 	6.78867e-11 	2
130.0 	2.33161e-07 	6.64102e-11 	2
131.0 	2.32043e-07 	6.49311e-11 	2
132.0 	2.30908e-07 	6.34618e-11 	2
133.0 	2.29746e-07 	6.20133e-11 	2
134.0 	2.28553e-07 	6.06887e-11 	2
135.0 	2.27365e-07 	5.95475e-11 	2
136.0 	2.26163e-07 	5.84648e-11 	2
137.0 	2.24935e-07 	5.74167e-11 	2
138.0 	2.23701e-07 	5.63984e-11 	2
139.0 	2.22449e-07 	5.54024e-11 	2
140.0 	2.21195e-07 	5.44227e-11 	2
141.0 	2.19936e-07 	5.34573e-11 	2
142.0 	2.18659e-07 	5.25e-11 	2
143.0 	2.17364e-07 	5.15542e-11 	2
144.0 	2.16058e-07 	5.06416e-11 	2
145.0 	2.14742e-07 	4.97291e-11 	2
146.0 	2.1343e-07 	4.88147e-11 	2
147.0 	2.12106e-07 	4.79052e-11 	2
148.0 	2.10801e-07 	4.69975e-11 	2
149.0 	2.09484e-07 	4.60901e-11 	2
150.0 	2.08155e-07 	4.51821e-11 	2
151.0 	2.06819e-07 	4.42772e-11 	2
152.0 	2.05479e-07 	4.33758e-11 	2
153.0 	2.04126e-07 	4.24727e-11 	2
154.0 	2.02769e-07 	4.15706e-11 	2
155.0 	2.01417e-07 	4.06737e-11 	2
156.0 	2.00061e-07 	3.97783e-11 	2
157.0 	1.98689e-07 	3.88846e-11 	2
158.0 	1.97317e-07 	3.7994e-11 	2
159.0 	1.95956e-07 	3.71067e-11 	2
160.0 	1.98101e-07 	3.75938e-11 	2
161.0 	1.95895e-07 	3.712e-11 	2
162.0 	1.97492e-07 	3.74584e-11 	2
163.0 	1.94633e-07 	3.68104e-11 	2
164.0 	1.918e-07 	3.54931e-11 	2
165.0 	1.8949e-07 	3.42588e-11 	2
166.0 	1.87503e-07 	3.30757e-11 	2
167.0 	1.85678e-07 	3.19244e-11 	2
168.0 	1.83973e-07 	3.08068e-11 	2
169.0 	1.82331e-07 	2.97092e-11 	2
170.0 	1.80745e-07 	2.8627e-11 	2
171.0 	1.792e-07 	2.75943e-11 	2
172.0 	1.77696e-07 	2.65917e-11 	2
173.0 	1.76239e-07 	2.56581e-11 	2
174.0 	1.7481e-07 	2.47959e-11 	2
175.0 	1.73397e-07 	2.40162e-11 	2
176.0 	1.72002e-07 	2.33075e-11 	2
177.0 	1.70626e-07 	2.26763e-11 	2
178.0 	1.69275e-07 	2.21245e-11 	2
179.0 	1.6794e-07 	2.18014e-11 	2
180.0 	1.66619e-07 	2.15145e-11 	2
181.0 	1.653e-07 	2.12349e-11 	2
182.0 	1.63994e-07 	2.09565e-11 	2
183.0 	1.62692e-07 	2.06783e-11 	2
184.0 	1.63877e-07 	2.08367e-11 	2
185.0 	1.61785e-07 	2.04973e-11 	2
186.0 	1.6257e-07 	2.05624e-11 	2
187.0 	1.60052e-07 	2.01148e-11 	2
188.0 	1.6051e-07 	2.01107e-11 	2
189.0 	1.57798e-07 	1.95931e-11 	2
190.0 	1.58046e-07 	1.95323e-11 	2
191.0 	1.55288e-07 	1.89656e-11 	2
192.0 	1.55405e-07 	1.8863e-11 	2
193.0 	1.52648e-07 	1.82625e-11 	2
194.0 	1.5267e-07 	1.81312e-11 	2
195.0 	1.49954e-07 	1.75137e-11 	2
196.0 	1.49938e-07 	1.73702e-11 	2
197.0 	1.47282e-07 	1.67479e-11 	2
198.0 	1.47262e-07 	1.66022e-11 	2
199.0 	1.44687e-07 	1.59799e-11 	2
200.0 	1.44657e-07 	1.58288e-11 	2
201.0 	1.42172e-07 	1.52065e-11 	2
202.0 	1.42125e-07 	1.50623e-11 	2
203.0 	1.3971e-07 	1.44345e-11 	2
204.0 	1.39673e-07 	1.42962e-11 	2
205.0 	1.37339e-07 	1.36756e-11 	2
206.0 	1.37317e-07 	1.35303e-11 	2
207.0 	1.3505e-07 	1.29065e-11 	2
208.0 	1.35052e-07 	1.27489e-11 	2
209.0 	1.32873e-07 	1.21233e-11 	2
210.0 	1.32919e-07 	1.19594e-11 	2
211.0 	1.30886e-07 	1.13678e-11 	2
212.0 	1.29037e-07 	1.07672e-11 	2
213.0 	1.27669e-07 	1.02021e-11 	2
214.0 	1.26777e-07 	9.65343e-12 	2
215.0 	1.26198e-07 	9.32025e-12 	2
216.0 	1.25857e-07 	9.17944e-12 	2
217.0 	1.25668e-07 	9.13136e-12 	2
218.0 	1.26791e-07 	9.13673e-12 	2
219.0 	1.25749e-07 	9.01531e-12 	2
220.0 	1.26629e-07 	8.99889e-12 	2
221.0 	1.25371e-07 	8.76394e-12 	2
222.0 	1.26109e-07 	8.67449e-12 	2
223.0 	1.24761e-07 	8.39645e-12 	2
224.0 	1.25455e-07 	8.30381e-12 	2
225.0 	1.24168e-07 	8.04507e-12 	2
226.0 	1.24847e-07 	7.97957e-12 	2
227.0 	1.23616e-07 	7.74821e-12 	2
228.0 	1.24351e-07 	7.73001e-12 	2
229.0 	1.23201e-07 	7.55335e-12 	2
230.0 	1.23955e-07 	7.59087e-12 	2
231.0 	1.229e-07 	7.58329e-12 	2
232.0 	1.23698e-07 	7.8269e-12 	2
233.0 	1.22724e-07 	7.88681e-12 	2
234.0 	1.23585e-07 	8.15753e-12 	2
235.0 	1.22655e-07 	8.23462e-12 	2
236.0 	1.23541e-07 	8.50802e-12 	2
237.0 	1.2265e-07 	8.57044e-12 	2
238.0 	1.23557e-07 	8.81017e-12 	2
239.0 	1.22707e-07 	8.83514e-12 	2
240.0 	1.23619e-07 	9.03649e-12 	2
241.0 	1.22766e-07 	9.03322e-12 	2
242.0 	1.23645e-07 	9.19808e-12 	2
243.0 	1.22751e-07 	9.1751e-12 	2
244.0 	1.23592e-07 	9.31577e-12 	2
245.0 	1.22681e-07 	9.27164e-12 	2
246.0 	1.2348e-07 	9.3914e-12 	2
247.0 	1.22553e-07 	9.3355e-12 	2
248.0 	1.23308e-07 	9.44125e-12 	2
249.0 	1.22363e-07 	9.37711e-12 	2
250.0 	1.23075e-07 	9.47485e-12 	2
251.0 	1.22121e-07 	9.41475e-12 	2
252.0 	1.22796e-07 	9.51839e-12 	2
253.0 	1.21833e-07 	9.46384e-12 	2
254.0 	1.22487e-07 	9.56422e-12 	2
255.0 	1.21523e-07 	9.50938e-12 	2
256.0 	1.22155e-07 	9.60653e-12 	2
257.0 	1.23235e-07 	9.75226e-12 	2
258.0 	1.21282e-07 	9.56118e-12 	2
259.0 	1.21621e-07 	9.58693e-12 	2
260.0 	1.22658e-07 	9.69947e-12 	2
261.0 	1.20559e-07 	9.4633e-12 	2
262.0 	1.20777e-07 	9.47687e-12 	2
263.0 	1.21803e-07 	9.60285e-12 	2
264.0 	1.19712e-07 	9.37182e-12 	2
265.0 	1.199e-07 	9.40427e-12 	2
266.0 	1.20939e-07 	9.54955e-12 	2
267.0 	1.18904e-07 	9.33662e-12 	2
268.0 	1.19072e-07 	9.38065e-12 	2
269.0 	1.2016e-07 	9.53118e-12 	2
270.0 	1.18185e-07 	9.32221e-12 	2
271.0 	1.18351e-07 	9.36027e-12 	2
272.0 	1.19444e-07 	9.49697e-12 	2
273.0 	1.17521e-07 	9.27666e-12 	2
274.0 	1.17673e-07 	9.29907e-12 	2
275.0 	1.18784e-07 	9.41462e-12 	2
276.0 	1.16897e-07 	9.17925e-12 	2
277.0 	1.17037e-07 	9.18489e-12 	2
278.0 	1.18165e-07 	9.27602e-12 	2
279.0 	1.16324e-07 	9.04882e-12 	2
280.0 	1.16441e-07 	9.079e-12 	2
281.0 	1.1757e-07 	9.1364e-12 	2
282.0 	1.15745e-07 	8.9563e-12 	2
283.0 	1.15822e-07 	8.98114e-12 	2
284.0 	1.16972e-07 	9.02976e-12 	2
285.0 	1.1515e-07 	8.83596e-12 	2
286.0 	1.15201e-07 	8.87069e-12 	2
287.0 	1.16371e-07 	8.88998e-12 	2
288.0 	1.14506e-07 	8.68773e-12 	2
289.0 	1.14556e-07 	8.73396e-12 	2
290.0 	1.15712e-07 	8.73332e-12 	2
291.0 	1.13841e-07 	8.53611e-12 	2
292.0 	1.13877e-07 	8.58154e-12 	2
293.0 	1.14993e-07 	8.56518e-12 	2
294.0 	1.13135e-07 	8.36717e-12 	2
295.0 	1.1315e-07 	8.42012e-12 	2
296.0 	1.14262e-07 	8.4175e-12 	2
297.0 	1.12414e-07 	8.24402e-12 	2
298.0 	1.12381e-07 	8.31038e-12 	2
299.0 	1.13492e-07 	8.3026e-12 	2
300.0 	1.11646e-07 	8.11571e-12 	2
301.0 	1.11588e-07 	8.18094e-12 	2
302.0 	1.12677e-07 	8.1559e-12 	2
303.0 	1.10837e-07 	7.96422e-12 	2
304.0 	1.10736e-07 	8.02753e-12 	2
305.0 	1.11799e-07 	7.99237e-12 	2
306.0 	1.09973e-07 	7.79212e-12 	2
307.0 	1.09825e-07 	7.85081e-12 	2
308.0 	1.10897e-07 	7.89723e-12 	2
309.0 	1.09072e-07 	7.60762e-12 	2
310.0 	1.08909e-07 	7.69417e-12 	2
311.0 	1.09959e-07 	7.87869e-12 	2
312.0 	1.08133e-07 	7.57108e-12 	2
313.0 	1.07961e-07 	7.6479e-12 	2
314.0 	1.08985e-07 	7.87893e-12 	2
315.0 	1.07181e-07 	7.51731e-12 	2
316.0 	1.0698e-07 	7.64712e-12 	2
317.0 	1.08026e-07 	7.90306e-12 	2
318.0 	1.06262e-07 	7.52797e-12 	2
319.0 	1.06033e-07 	7.65683e-12 	2
320.0 	1.07115e-07 	7.91264e-12 	2
321.0 	1.05374e-07 	7.52598e-12 	2
322.0 	1.05101e-07 	7.65837e-12 	2
323.0 	1.06179e-07 	7.91092e-12 	2
324.0 	1.04467e-07 	7.50825e-12 	2
325.0 	1.04176e-07 	7.6408e-12 	2
326.0 	1.05232e-07 	7.88608e-12 	2
327.0 	1.06126e-07 	8.15483e-12 	2
328.0 	1.03878e-07 	7.70674e-12 	2
329.0 	1.03347e-07 	7.84219e-12 	2
330.0 	1.04305e-07 	8.09372e-12 	2
331.0 	1.0512e-07 	8.38002e-12 	2
332.0 	1.02808e-07 	7.94279e-12 	2
333.0 	1.02158e-07 	8.05537e-12 	2
334.0 	1.03088e-07 	8.28699e-12 	2
335.0 	1.03882e-07 	8.53971e-12 	2
336.0 	1.01646e-07 	8.05865e-12 	2
337.0 	1.00956e-07 	8.13415e-12 	2
338.0 	1.01842e-07 	8.33656e-12 	2
339.0 	1.02645e-07 	8.56649e-12 	2
340.0 	1.00501e-07 	8.05841e-12 	2
341.0 	9.97785e-08 	8.11027e-12 	2
342.0 	1.00623e-07 	8.29556e-12 	2
343.0 	1.01377e-07 	8.51435e-12 	2
344.0 	9.92706e-08 	7.99137e-12 	2
345.0 	9.85126e-08 	8.02183e-12 	2
346.0 	9.9301e-08 	8.19589e-12 	2
347.0 	1.00026e-07 	8.40539e-12 	2
348.0 	9.79363e-08 	7.86987e-12 	2
349.0 	9.71512e-08 	7.87636e-12 	2
350.0 	9.78605e-08 	8.03521e-12 	2
351.0 	9.85357e-08 	8.2317e-12 	2
352.0 	9.90985e-08 	8.44914e-12 	2
353.0 	9.66041e-08 	7.85915e-12 	2
354.0 	9.56153e-08 	7.8236e-12 	2
355.0 	9.62109e-08 	7.9485e-12 	2
356.0 	9.67725e-08 	8.10777e-12 	2
357.0 	9.72597e-08 	8.2813e-12 	2
358.0 	9.47288e-08 	7.62881e-12 	2
359.0 	9.3664e-08 	7.53335e-12 	2
360.0 	9.41616e-08 	7.61285e-12 	2
361.0 	9.46517e-08 	7.72951e-12 	2
362.0 	9.50793e-08 	7.86797e-12 	2
363.0 	9.26201e-08 	7.18269e-12 	2
364.0 	9.15947e-08 	7.05071e-12 	2
365.0 	9.20047e-08 	7.09844e-12 	2
366.0 	9.24255e-08 	7.19682e-12 	2
367.0 	9.27954e-08 	7.32522e-12 	2
368.0 	9.30942e-08 	7.46845e-12 	2
369.0 	9.03389e-08 	6.75113e-12 	2
370.0 	8.91962e-08 	9.76236e-11 	2
371.0 	8.95379e-08 	9.73499e-11 	2
372.0 	8.9902e-08 	9.83072e-11 	2
373.0 	9.02035e-08 	9.98644e-11 	2
374.0 	9.0459e-08 	6.84451e-12 	2
375.0 	8.7724e-08 	9.32736e-11 	2
376.0 	8.66898e-08 	8.8093e-11 	2
377.0 	8.6945e-08 	8.80655e-11 	2
378.0 	8.72905e-08 	8.89973e-11 	2
379.0 	8.75848e-08 	9.05246e-11 	2
380.0 	8.78222e-08 	9.24125e-11 	2
381.0 	8.80079e-08 	9.44841e-11 	2
382.0 	8.50181e-08 	8.49368e-11 	2
383.0 	8.40066e-08 	7.99319e-11 	2
384.0 	8.42309e-08 	7.97607e-11 	2
385.0 	8.46151e-08 	8.05571e-11 	2
386.0 	8.49323e-08 	8.19689e-11 	2
387.0 	8.5199e-08 	8.38083e-11 	2
388.0 	8.54136e-08 	8.58974e-11 	2
389.0 	8.2491e-08 	7.59163e-11 	2
390.0 	8.17362e-08 	7.43038e-11 	2
391.0 	8.2061e-08 	7.30908e-11 	2
392.0 	8.25117e-08 	7.15677e-11 	2
393.0 	8.28755e-08 	7.28081e-11 	2
394.0 	8.3226e-08 	7.49973e-11 	2
395.0 	8.34999e-08 	7.75286e-11 	2
396.0 	8.06696e-08 	6.92141e-11 	2
397.0 	8.0025e-08 	7.30784e-11 	2
398.0 	8.04864e-08 	7.18239e-11 	2
399.0 	8.10415e-08 	7.00809e-11 	2
400.0 	8.14712e-08 	6.79976e-11 	2
401.0 	8.18806e-08 	6.84223e-11 	2
402.0 	8.21839e-08 	7.14929e-11 	2
403.0 	7.94215e-08 	6.77021e-11 	2
404.0 	7.87043e-08 	7.16396e-11 	2
405.0 	7.92932e-08 	7.05353e-11 	2
406.0 	7.98959e-08 	6.90132e-11 	2
407.0 	8.03965e-08 	6.71716e-11 	2
408.0 	8.08239e-08 	6.60136e-11 	2
409.0 	8.11423e-08 	6.99622e-11 	2
410.0 	7.83973e-08 	6.81742e-11 	2
411.0 	7.74937e-08 	7.2467e-11 	2
412.0 	7.82076e-08 	7.15352e-11 	2
413.0 	7.88388e-08 	6.98675e-11 	2
414.0 	7.9361e-08 	6.78747e-11 	2
415.0 	7.97794e-08 	6.72227e-11 	2
416.0 	8.00854e-08 	7.15687e-11 	2
417.0 	7.73223e-08 	6.872e-11 	2
418.0 	7.62119e-08 	7.26937e-11 	2
419.0 	7.69666e-08 	7.16078e-11 	2
420.0 	7.75962e-08 	6.97125e-11 	2
421.0 	7.81025e-08 	6.75806e-11 	2
422.0 	7.84929e-08 	6.94008e-11 	2
423.0 	7.87542e-08 	7.40282e-11 	2
424.0 	7.89563e-08 	7.85286e-11 	2
425.0 	7.57905e-08 	6.73767e-11 	2
426.0 	7.42396e-08 	7.09258e-11 	2
427.0 	7.49878e-08 	6.99907e-11 	2
428.0 	7.55904e-08 	6.81454e-11 	2
429.0 	7.60619e-08 	6.90678e-11 	2
430.0 	7.63976e-08 	7.3118e-11 	2
431.0 	7.66707e-08 	7.73293e-11 	2
432.0 	7.68418e-08 	8.14151e-11 	2
433.0 	7.3599e-08 	6.89494e-11 	2
434.0 	7.19084e-08 	6.86061e-11 	2
435.0 	7.25962e-08 	6.73376e-11 	2
436.0 	7.31739e-08 	6.63506e-11 	2
437.0 	7.36224e-08 	6.9712e-11 	2
438.0 	7.39851e-08 	7.36061e-11 	2
439.0 	7.42505e-08 	7.7607e-11 	2
440.0 	7.44155e-08 	8.14388e-11 	2
441.0 	7.12018e-08 	6.82297e-11 	2
442.0 	6.95134e-08 	6.47103e-11 	2
443.0 	7.01382e-08 	6.32583e-11 	2
444.0 	7.0683e-08 	6.51341e-11 	2
445.0 	7.11404e-08 	6.85672e-11 	2
446.0 	7.15141e-08 	7.23832e-11 	2
447.0 	7.17847e-08 	7.62448e-11 	2
448.0 	7.19809e-08 	7.99186e-11 	2
449.0 	7.2093e-08 	8.322e-11 	2
450.0 	6.86452e-08 	6.88966e-11 	2
451.0 	6.69304e-08 	6.09533e-11 	2
452.0 	6.73301e-08 	6.16843e-11 	2
453.0 	6.77587e-08 	6.38512e-11 	2
454.0 	6.81689e-08 	6.68331e-11 	2
455.0 	6.85072e-08 	7.02212e-11 	2
456.0 	6.87998e-08 	7.36871e-11 	2
457.0 	6.899e-08 	7.6968e-11 	2
458.0 	6.90955e-08 	7.98823e-11 	2
459.0 	6.91451e-08 	8.23782e-11 	2
460.0 	6.56457e-08 	6.67831e-11 	2
461.0 	6.42255e-08 	5.79108e-11 	2
462.0 	6.41945e-08 	5.78735e-11 	2
463.0 	6.4437e-08 	5.93876e-11 	2
464.0 	6.47035e-08 	6.18236e-11 	2
465.0 	6.50182e-08 	6.47322e-11 	2
466.0 	6.52944e-08 	6.77837e-11 	2
467.0 	6.54917e-08 	7.07083e-11 	2
468.0 	6.56281e-08 	7.33364e-11 	2
469.0 	6.5713e-08 	7.555e-11 	2
470.0 	6.5744e-08 	7.73247e-11 	2
471.0 	6.22936e-08 	6.06515e-11 	2
472.0 	6.17456e-08 	5.23256e-11 	2
473.0 	6.11483e-08 	5.06205e-11 	2
474.0 	6.11173e-08 	5.12742e-11 	2
475.0 	6.12344e-08 	5.34135e-11 	2
476.0 	6.14289e-08 	5.60929e-11 	2
477.0 	6.16431e-08 	5.89091e-11 	2
478.0 	6.18498e-08 	6.17665e-11 	2
479.0 	6.19922e-08 	6.44231e-11 	2
480.0 	6.20973e-08 	6.67493e-11 	2
481.0 	6.21564e-08 	6.87024e-11 	2
482.0 	6.21692e-08 	7.02781e-11 	2
483.0 	6.21529e-08 	7.14841e-11 	2
484.0 	5.8667e-08 	5.40678e-11 	2
485.0 	5.93853e-08 	5.12874e-11 	2
486.0 	5.8329e-08 	4.97705e-11 	2
487.0 	5.78928e-08 	4.87704e-11 	2
488.0 	5.77696e-08 	4.70515e-11 	2
489.0 	5.78983e-08 	4.89292e-11 	2
490.0 	5.81155e-08 	5.14501e-11 	2
491.0 	5.82754e-08 	5.36699e-11 	2
492.0 	5.84043e-08 	5.5458e-11 	2
493.0 	5.84969e-08 	5.7329e-11 	2
494.0 	5.85414e-08 	5.90664e-11 	2
495.0 	5.85558e-08 	6.07847e-11 	2
496.0 	5.85389e-08 	6.23106e-11 	2
497.0 	5.84899e-08 	6.34641e-11 	2
498.0 	5.84175e-08 	6.42574e-11 	2
499.0 	5.49114e-08 	4.5543e-11 	2
500.0 	5.69176e-08 	5.26096e-11 	2
501.0 	5.57828e-08 	5.30782e-11 	2
502.0 	5.49196e-08 	5.25125e-11 	2
503.0 	5.47334e-08 	5.12555e-11 	2
504.0 	5.47514e-08 	4.93127e-11 	2
505.0 	5.49724e-08 	4.68884e-11 	2
506.0 	5.51627e-08 	4.84538e-11 	2
507.0 	5.52869e-08 	5.0639e-11 	2
508.0 	5.53432e-08 	5.23214e-11 	2
509.0 	5.53927e-08 	5.35383e-11 	2
510.0 	5.53976e-08 	5.4737e-11 	2
511.0 	5.53657e-08 	5.60646e-11 	2
512.0 	5.5294e-08 	5.72903e-11 	2
513.0 	5.52008e-08 	5.85713e-11 	2
514.0 	5.50872e-08 	5.96001e-11 	2
515.0 	5.14655e-08 	4.41289e-11 	2
516.0 	5.42152e-08 	5.61122e-11 	2
517.0 	5.31543e-08 	5.71432e-11 	2
518.0 	5.2246e-08 	5.67839e-11 	2
519.0 	5.20709e-08 	5.52971e-11 	2
520.0 	5.21653e-08 	5.29946e-11 	2
521.0 	5.23691e-08 	5.00383e-11 	2
522.0 	5.25247e-08 	4.71024e-11 	2
523.0 	5.261e-08 	4.90771e-11 	2
524.0 	5.26605e-08 	5.09536e-11 	2
525.0 	5.2657e-08 	5.2333e-11 	2
526.0 	5.26139e-08 	5.33209e-11 	2
527.0 	5.25338e-08 	5.48386e-11 	2
528.0 	5.24196e-08 	5.61198e-11 	2
529.0 	5.22747e-08 	5.76344e-11 	2
530.0 	5.21168e-08 	5.88796e-11 	2
531.0 	4.84849e-08 	4.44121e-11 	2
532.0 	5.12272e-08 	5.75687e-11 	2
533.0 	5.0237e-08 	5.83334e-11 	2
534.0 	4.93125e-08 	5.76091e-11 	2
535.0 	4.91539e-08 	5.55802e-11 	2
536.0 	4.92539e-08 	5.27114e-11 	2
537.0 	4.94008e-08 	4.91403e-11 	2
538.0 	4.95209e-08 	4.70454e-11 	2
539.0 	4.95765e-08 	4.94868e-11 	2
540.0 	4.95793e-08 	5.13777e-11 	2
541.0 	4.95404e-08 	5.27256e-11 	2
542.0 	4.94621e-08 	5.39116e-11 	2
543.0 	4.93406e-08 	5.5367e-11 	2
544.0 	4.91943e-08 	5.66066e-11 	2
545.0 	4.90324e-08 	5.79111e-11 	2
546.0 	4.88636e-08 	5.89898e-11 	2
547.0 	4.86841e-08 	5.98437e-11 	2
548.0 	4.51326e-08 	4.24446e-11 	2
549.0 	4.78626e-08 	5.65367e-11 	2
550.0 	4.67905e-08 	5.69973e-11 	2
551.0 	4.58103e-08 	5.578e-11 	2
552.0 	4.54479e-08 	5.32095e-11 	2
553.0 	4.54778e-08 	4.9731e-11 	2
554.0 	4.55615e-08 	4.56971e-11 	2
555.0 	4.56225e-08 	4.59284e-11 	2
556.0 	4.56745e-08 	4.8177e-11 	2
557.0 	4.56689e-08 	4.97771e-11 	2
558.0 	4.56221e-08 	5.08778e-11 	2
559.0 	4.55292e-08 	5.16678e-11 	2
560.0 	4.54092e-08 	5.27973e-11 	2
561.0 	4.52796e-08 	5.36606e-11 	2
562.0 	4.51354e-08 	5.44968e-11 	2
563.0 	4.49755e-08 	5.51806e-11 	2
564.0 	4.48053e-08 	5.57861e-11 	2
565.0 	4.46236e-08 	5.62573e-11 	2
566.0 	4.4438e-08 	5.66205e-11 	2
567.0 	4.42461e-08 	5.68643e-11 	2
568.0 	4.12644e-08 	3.93721e-11 	2
569.0 	4.46901e-08 	5.56864e-11 	2
570.0 	4.35056e-08 	5.62106e-11 	2
571.0 	4.24044e-08 	5.46385e-11 	2
572.0 	4.15089e-08 	5.15974e-11 	2
573.0 	4.11e-08 	4.76011e-11 	2
574.0 	4.09461e-08 	4.31234e-11 	2
575.0 	4.08683e-08 	4.02503e-11 	2
576.0 	4.08165e-08 	4.19975e-11 	2
577.0 	4.07349e-08 	4.32837e-11 	2
578.0 	4.06698e-08 	4.4261e-11 	2
579.0 	4.05844e-08 	4.48832e-11 	2
580.0 	4.04748e-08 	4.52555e-11 	2
581.0 	4.03663e-08 	4.5836e-11 	2
582.0 	4.02452e-08 	4.64738e-11 	2
583.0 	4.01123e-08 	4.70021e-11 	2
584.0 	3.9963e-08 	4.7565e-11 	2
585.0 	3.98061e-08 	4.80588e-11 	2
586.0 	3.96403e-08 	4.84667e-11 	2
587.0 	3.94689e-08 	4.87774e-11 	2
588.0 	3.92931e-08 	4.89931e-11 	2
589.0 	3.91136e-08 	4.9078e-11 	2
590.0 	3.89312e-08 	4.90136e-11 	2
591.0 	3.87449e-08 	4.87933e-11 	2
592.0 	3.85557e-08 	4.84344e-11 	2
593.0 	3.83635e-08 	4.79676e-11 	2
594.0 	3.81687e-08 	4.74162e-11 	2
595.0 	3.79711e-08 	4.6788e-11 	2
596.0 	3.67576e-08 	4.00491e-11 	2
597.0 	4.12858e-08 	5.89631e-11 	2
598.0 	4.01054e-08 	5.88531e-11 	2
599.0 	3.89407e-08 	5.67052e-11 	2
600.0 	3.78058e-08 	5.30595e-11 	2
601.0 	3.67851e-08 	4.87592e-11 	2
602.0 	3.6256e-08 	4.42807e-11 	2
