# time 	Initial 	Final 	Iterations
1.0 	1.14813e-08 	4.88792e-11 	1
2.0 	1.01251e-08 	5.73691e-11 	1
3.0 	1.03145e-08 	6.24082e-11 	1
4.0 	9.62988e-09 	6.70841e-11 	1
5.0 	9.29452e-09 	6.76461e-11 	1
6.0 	9.17625e-09 	6.48953e-11 	1
7.0 	9.0367e-09 	6.19021e-11 	1
8.0 	8.1881e-09 	6.42324e-11 	1
9.0 	7.82969e-09 	6.21383e-11 	1
10.0 	7.48934e-09 	5.98735e-11 	1
11.0 	7.17502e-09 	5.76362e-11 	1
12.0 	1.07046e-08 	5.1125e-11 	1
13.0 	7.28584e-09 	5.03538e-11 	1
14.0 	6.42033e-09 	5.0719e-11 	1
15.0 	6.0566e-09 	4.88226e-11 	1
16.0 	5.76441e-09 	4.67953e-11 	1
17.0 	5.55339e-09 	4.49096e-11 	1
18.0 	5.40836e-09 	4.27961e-11 	1
19.0 	5.13211e-09 	4.13746e-11 	1
20.0 	4.87571e-09 	3.98322e-11 	1
21.0 	4.66223e-09 	3.82793e-11 	1
22.0 	4.45845e-09 	3.67743e-11 	1
23.0 	4.2673e-09 	3.53194e-11 	1
24.0 	4.08289e-09 	3.38873e-11 	1
25.0 	3.90953e-09 	3.2486e-11 	1
26.0 	3.86083e-09 	3.06683e-11 	1
27.0 	4.58845e-09 	2.88457e-11 	1
28.0 	3.57699e-09 	2.79725e-11 	1
29.0 	3.33491e-09 	2.71182e-11 	1
30.0 	3.12989e-09 	2.60806e-11 	1
31.0 	2.9788e-09 	2.49329e-11 	1
32.0 	2.83454e-09 	2.38573e-11 	1
33.0 	2.70188e-09 	2.28529e-11 	1
34.0 	2.56313e-09 	2.19227e-11 	1
35.0 	2.44391e-09 	2.10371e-11 	1
36.0 	2.32814e-09 	2.01967e-11 	1
37.0 	2.21113e-09 	1.93959e-11 	1
38.0 	2.10126e-09 	1.86507e-11 	1
39.0 	1.99554e-09 	1.79751e-11 	1
40.0 	1.89552e-09 	1.73347e-11 	1
41.0 	1.82774e-09 	1.6743e-11 	1
42.0 	1.74305e-09 	1.6119e-11 	1
43.0 	1.6694e-09 	1.54909e-11 	1
44.0 	1.92453e-09 	1.46112e-11 	1
45.0 	1.94945e-09 	1.41306e-11 	1
46.0 	1.43275e-09 	1.41996e-11 	1
47.0 	1.37986e-09 	1.36205e-11 	1
48.0 	1.27774e-09 	1.35328e-11 	1
49.0 	1.21159e-09 	1.32197e-11 	1
50.0 	1.14693e-09 	1.29423e-11 	1
51.0 	1.08935e-09 	1.26762e-11 	1
52.0 	1.03758e-09 	1.24302e-11 	1
53.0 	9.84816e-10 	1.2205e-11 	1
54.0 	9.42122e-10 	1.2015e-11 	1
55.0 	8.95406e-10 	1.1846e-11 	1
56.0 	8.57033e-10 	1.17354e-11 	1
57.0 	8.16164e-10 	1.16334e-11 	1
58.0 	7.80341e-10 	1.15445e-11 	1
59.0 	7.45892e-10 	1.14622e-11 	1
60.0 	7.13568e-10 	1.13888e-11 	1
61.0 	6.83011e-10 	1.13313e-11 	1
62.0 	6.54386e-10 	1.12902e-11 	1
63.0 	6.28292e-10 	1.12589e-11 	1
64.0 	6.01731e-10 	1.12288e-11 	1
65.0 	5.78092e-10 	1.12084e-11 	1
66.0 	5.55493e-10 	1.11958e-11 	1
67.0 	5.34544e-10 	1.11968e-11 	1
68.0 	6.89485e-10 	8.11372e-12 	1
69.0 	8.51873e-10 	8.03952e-12 	1
70.0 	5.73322e-10 	7.97885e-12 	1
71.0 	5.18259e-10 	8.05844e-12 	1
72.0 	4.798e-10 	8.53479e-12 	1
73.0 	4.51551e-10 	9.29179e-12 	1
74.0 	4.28432e-10 	1.01974e-11 	1
75.0 	4.09584e-10 	1.08444e-11 	1
76.0 	3.93127e-10 	1.12192e-11 	1
77.0 	3.78733e-10 	1.13998e-11 	1
78.0 	3.65688e-10 	1.14866e-11 	1
79.0 	3.53601e-10 	1.15239e-11 	1
80.0 	3.42268e-10 	1.1532e-11 	1
81.0 	3.31568e-10 	1.15237e-11 	1
82.0 	3.21381e-10 	1.15043e-11 	1
83.0 	3.12369e-10 	1.14824e-11 	1
84.0 	3.0237e-10 	1.14394e-11 	1
85.0 	2.93324e-10 	1.13961e-11 	1
86.0 	2.85603e-10 	1.13527e-11 	1
87.0 	2.76656e-10 	1.12881e-11 	1
88.0 	2.69593e-10 	1.12278e-11 	1
89.0 	2.61233e-10 	1.11437e-11 	1
90.0 	2.53788e-10 	1.10613e-11 	1
91.0 	2.47473e-10 	1.09851e-11 	1
92.0 	2.39858e-10 	1.08838e-11 	1
93.0 	2.3406e-10 	1.07971e-11 	1
94.0 	2.2701e-10 	1.06833e-11 	1
95.0 	2.2079e-10 	1.05766e-11 	1
96.0 	2.15414e-10 	1.0474e-11 	1
97.0 	2.09228e-10 	1.03527e-11 	1
98.0 	2.0389e-10 	1.02376e-11 	1
99.0 	1.98678e-10 	1.01104e-11 	1
100.0 	2.24467e-10 	5.57209e-12 	1
101.0 	3.673e-10 	5.46953e-12 	1
102.0 	3.47497e-10 	5.40012e-12 	1
103.0 	2.61709e-10 	5.32156e-12 	1
104.0 	2.28917e-10 	5.25099e-12 	1
105.0 	2.12637e-10 	5.19145e-12 	1
106.0 	1.99317e-10 	5.1535e-12 	1
107.0 	1.88963e-10 	5.15692e-12 	1
108.0 	1.79922e-10 	5.23001e-12 	1
109.0 	1.72275e-10 	5.40291e-12 	1
110.0 	1.65618e-10 	5.68295e-12 	1
111.0 	1.60005e-10 	6.06092e-12 	1
112.0 	1.54817e-10 	6.4863e-12 	1
113.0 	1.50303e-10 	6.89546e-12 	1
114.0 	1.63698e-10 	4.62007e-12 	1
115.0 	6.14121e-10 	4.47474e-12 	1
116.0 	2.73132e-10 	4.39919e-12 	1
117.0 	2.37622e-10 	4.33857e-12 	1
118.0 	2.04081e-10 	4.28112e-12 	1
119.0 	1.78087e-10 	4.2259e-12 	1
120.0 	1.61481e-10 	4.18738e-12 	1
121.0 	1.49996e-10 	4.20606e-12 	1
122.0 	1.42206e-10 	4.36525e-12 	1
123.0 	1.36691e-10 	4.75316e-12 	1
124.0 	1.32597e-10 	5.34408e-12 	1
125.0 	1.29533e-10 	5.98262e-12 	1
126.0 	1.25984e-10 	6.47555e-12 	1
127.0 	1.23512e-10 	6.78148e-12 	1
128.0 	1.21626e-10 	6.93306e-12 	1
129.0 	1.19953e-10 	6.98485e-12 	1
130.0 	1.1896e-10 	6.97652e-12 	1
131.0 	1.18107e-10 	6.9316e-12 	1
132.0 	1.16336e-10 	6.88755e-12 	1
133.0 	1.15292e-10 	6.82443e-12 	1
134.0 	1.14337e-10 	6.75817e-12 	1
135.0 	1.13453e-10 	6.68991e-12 	1
136.0 	1.12643e-10 	6.62211e-12 	1
137.0 	1.11852e-10 	6.55337e-12 	1
138.0 	1.11089e-10 	6.48475e-12 	1
139.0 	1.10349e-10 	6.41646e-12 	1
140.0 	1.09655e-10 	6.3507e-12 	1
141.0 	1.08987e-10 	6.28685e-12 	1
142.0 	1.08333e-10 	6.22307e-12 	1
143.0 	1.07709e-10 	6.16073e-12 	1
144.0 	1.07084e-10 	6.09986e-12 	1
145.0 	1.06491e-10 	6.04011e-12 	1
146.0 	1.05956e-10 	5.96326e-12 	1
147.0 	1.05743e-10 	5.90284e-12 	1
148.0 	1.05038e-10 	5.84201e-12 	1
149.0 	1.04957e-10 	5.78618e-12 	1
150.0 	1.03935e-10 	5.77148e-12 	1
151.0 	1.03385e-10 	5.72394e-12 	1
152.0 	1.02953e-10 	5.67984e-12 	1
153.0 	1.02501e-10 	5.63549e-12 	1
154.0 	1.02059e-10 	5.59285e-12 	1
155.0 	1.01619e-10 	5.55158e-12 	1
156.0 	1.01188e-10 	5.51155e-12 	1
157.0 	1.00759e-10 	5.47299e-12 	1
158.0 	1.00327e-10 	5.43531e-12 	1
159.0 	1.0002e-10 	5.37263e-12 	1
160.0 	9.99855e-11 	9.99855e-11 	0
161.0 	1.82221e-10 	4.45952e-12 	1
162.0 	9.3604e-11 	9.3604e-11 	0
163.0 	1.78771e-10 	4.28461e-12 	1
164.0 	1.04606e-10 	3.40453e-12 	1
165.0 	1.19037e-10 	3.12498e-12 	1
166.0 	1.20521e-10 	3.01834e-12 	1
167.0 	1.23843e-10 	2.96723e-12 	1
168.0 	1.23291e-10 	2.92875e-12 	1
169.0 	1.21411e-10 	2.90087e-12 	1
170.0 	1.19027e-10 	2.87964e-12 	1
171.0 	1.1681e-10 	2.86194e-12 	1
172.0 	1.15103e-10 	2.84793e-12 	1
173.0 	1.13361e-10 	2.83523e-12 	1
174.0 	1.11948e-10 	2.82434e-12 	1
175.0 	1.10136e-10 	2.81336e-12 	1
176.0 	1.09716e-10 	2.80358e-12 	1
177.0 	1.07518e-10 	2.79206e-12 	1
178.0 	1.06053e-10 	2.78342e-12 	1
179.0 	1.04708e-10 	2.77553e-12 	1
180.0 	1.03439e-10 	2.76824e-12 	1
181.0 	1.02177e-10 	2.76168e-12 	1
182.0 	1.00927e-10 	2.75605e-12 	1
183.0 	1.01279e-10 	2.75675e-12 	1
184.0 	9.8571e-11 	9.8571e-11 	0
185.0 	1.83076e-10 	3.16035e-12 	1
186.0 	8.64205e-11 	8.64205e-11 	0
187.0 	1.66997e-10 	3.24962e-12 	1
188.0 	8.90786e-11 	8.90786e-11 	0
189.0 	1.67697e-10 	3.30487e-12 	1
190.0 	8.73771e-11 	8.73771e-11 	0
191.0 	1.6313e-10 	3.32001e-12 	1
192.0 	8.55553e-11 	8.55553e-11 	0
193.0 	1.5964e-10 	3.32671e-12 	1
194.0 	8.34772e-11 	8.34772e-11 	0
195.0 	1.55485e-10 	3.32541e-12 	1
196.0 	8.16791e-11 	8.16791e-11 	0
197.0 	1.51543e-10 	3.32167e-12 	1
198.0 	8.05459e-11 	8.05459e-11 	0
199.0 	1.47511e-10 	3.31837e-12 	1
200.0 	8.01896e-11 	8.01896e-11 	0
201.0 	1.4399e-10 	3.31785e-12 	1
202.0 	7.62668e-11 	7.62668e-11 	0
203.0 	1.39698e-10 	3.31459e-12 	1
204.0 	7.50045e-11 	7.50045e-11 	0
205.0 	1.35875e-10 	3.31961e-12 	1
206.0 	7.2949e-11 	7.2949e-11 	0
207.0 	1.33049e-10 	3.32639e-12 	1
208.0 	7.18011e-11 	7.18011e-11 	0
209.0 	1.28308e-10 	3.33525e-12 	1
210.0 	6.93516e-11 	6.93516e-11 	0
211.0 	1.43116e-10 	2.98817e-12 	1
212.0 	1.47184e-10 	2.56568e-12 	1
213.0 	1.43149e-10 	2.49595e-12 	1
214.0 	1.24298e-10 	2.42768e-12 	1
215.0 	1.16814e-10 	2.38954e-12 	1
216.0 	1.10026e-10 	2.3559e-12 	1
217.0 	1.00982e-10 	2.32798e-12 	1
218.0 	9.43404e-11 	9.43404e-11 	0
219.0 	1.76305e-10 	2.66172e-12 	1
220.0 	7.06241e-11 	7.06241e-11 	0
221.0 	1.37121e-10 	2.67993e-12 	1
222.0 	6.9769e-11 	6.9769e-11 	0
223.0 	1.2942e-10 	2.70387e-12 	1
224.0 	6.52341e-11 	6.52341e-11 	0
225.0 	1.18495e-10 	2.75535e-12 	1
226.0 	6.23519e-11 	6.23519e-11 	0
227.0 	1.12021e-10 	2.86843e-12 	1
228.0 	6.09297e-11 	6.09297e-11 	0
229.0 	1.07677e-10 	3.0678e-12 	1
230.0 	5.9373e-11 	5.9373e-11 	0
231.0 	1.05093e-10 	3.29279e-12 	1
232.0 	5.86085e-11 	5.86085e-11 	0
233.0 	1.03526e-10 	3.49267e-12 	1
234.0 	5.81561e-11 	5.81561e-11 	0
235.0 	1.0266e-10 	3.64812e-12 	1
236.0 	5.67609e-11 	5.67609e-11 	0
237.0 	1.02359e-10 	3.76101e-12 	1
238.0 	5.62651e-11 	5.62651e-11 	0
239.0 	1.01702e-10 	3.85305e-12 	1
240.0 	5.61384e-11 	5.61384e-11 	0
241.0 	1.01415e-10 	3.91795e-12 	1
242.0 	5.60246e-11 	5.60246e-11 	0
243.0 	1.01136e-10 	3.97215e-12 	1
244.0 	5.59427e-11 	5.59427e-11 	0
245.0 	1.00925e-10 	4.01767e-12 	1
246.0 	5.58756e-11 	5.58756e-11 	0
247.0 	1.00688e-10 	4.05059e-12 	1
248.0 	5.58536e-11 	5.58536e-11 	0
249.0 	1.00535e-10 	4.08132e-12 	1
250.0 	5.5751e-11 	5.5751e-11 	0
251.0 	1.00271e-10 	4.10982e-12 	1
252.0 	5.64048e-11 	5.64048e-11 	0
253.0 	1.0156e-10 	4.08171e-12 	1
254.0 	5.80537e-11 	5.80537e-11 	0
255.0 	1.0017e-10 	4.11982e-12 	1
256.0 	5.68745e-11 	5.68745e-11 	0
257.0 	9.94695e-11 	9.94695e-11 	0
258.0 	1.43859e-10 	3.58814e-12 	1
259.0 	5.24601e-11 	5.24601e-11 	0
260.0 	9.3682e-11 	9.3682e-11 	0
261.0 	1.37472e-10 	3.70318e-12 	1
262.0 	5.44236e-11 	5.44236e-11 	0
263.0 	9.62919e-11 	9.62919e-11 	0
264.0 	1.40024e-10 	3.6992e-12 	1
265.0 	5.43283e-11 	5.43283e-11 	0
266.0 	9.56118e-11 	9.56118e-11 	0
267.0 	1.397e-10 	3.68353e-12 	1
268.0 	5.57731e-11 	5.57731e-11 	0
269.0 	9.68455e-11 	9.68455e-11 	0
270.0 	1.39414e-10 	3.70846e-12 	1
271.0 	5.40872e-11 	5.40872e-11 	0
272.0 	9.54154e-11 	9.54154e-11 	0
273.0 	1.37405e-10 	3.74808e-12 	1
274.0 	5.38924e-11 	5.38924e-11 	0
275.0 	9.51009e-11 	9.51009e-11 	0
276.0 	1.36491e-10 	3.78102e-12 	1
277.0 	5.42e-11 	5.42e-11 	0
278.0 	9.45361e-11 	9.45361e-11 	0
279.0 	1.35184e-10 	3.83302e-12 	1
280.0 	5.446e-11 	5.446e-11 	0
281.0 	9.37949e-11 	9.37949e-11 	0
282.0 	1.33759e-10 	3.8915e-12 	1
283.0 	5.46296e-11 	5.46296e-11 	0
284.0 	9.30935e-11 	9.30935e-11 	0
285.0 	1.32045e-10 	3.9638e-12 	1
286.0 	5.43126e-11 	5.43126e-11 	0
287.0 	9.21935e-11 	9.21935e-11 	0
288.0 	1.30395e-10 	4.04431e-12 	1
289.0 	5.36296e-11 	5.36296e-11 	0
290.0 	9.09704e-11 	9.09704e-11 	0
291.0 	1.2848e-10 	4.13748e-12 	1
292.0 	5.38801e-11 	5.38801e-11 	0
293.0 	8.97941e-11 	8.97941e-11 	0
294.0 	1.26441e-10 	4.24195e-12 	1
295.0 	5.33984e-11 	5.33984e-11 	0
296.0 	8.86724e-11 	8.86724e-11 	0
297.0 	1.24085e-10 	4.35794e-12 	1
298.0 	5.60802e-11 	5.60802e-11 	0
299.0 	8.72668e-11 	8.72668e-11 	0
300.0 	1.22356e-10 	4.49876e-12 	1
301.0 	5.42538e-11 	5.42538e-11 	0
302.0 	8.64443e-11 	8.64443e-11 	0
303.0 	1.19704e-10 	4.63718e-12 	1
304.0 	5.24212e-11 	5.24212e-11 	0
305.0 	8.56879e-11 	8.56879e-11 	0
306.0 	1.17174e-10 	4.81626e-12 	1
307.0 	5.26572e-11 	5.26572e-11 	0
308.0 	8.333e-11 	8.333e-11 	0
309.0 	1.14516e-10 	4.98064e-12 	1
310.0 	5.15327e-11 	5.15327e-11 	0
311.0 	8.1699e-11 	8.1699e-11 	0
312.0 	1.11975e-10 	5.1857e-12 	1
313.0 	5.07899e-11 	5.07899e-11 	0
314.0 	8.00121e-11 	8.00121e-11 	0
315.0 	1.09224e-10 	5.39018e-12 	1
316.0 	5.01591e-11 	5.01591e-11 	0
317.0 	7.83879e-11 	7.83879e-11 	0
318.0 	1.06529e-10 	5.61437e-12 	1
319.0 	4.95823e-11 	4.95823e-11 	0
320.0 	7.67972e-11 	7.67972e-11 	0
321.0 	1.03917e-10 	5.85887e-12 	1
322.0 	4.92219e-11 	4.92219e-11 	0
323.0 	7.52117e-11 	7.52117e-11 	0
324.0 	1.01274e-10 	6.12349e-12 	1
325.0 	4.83652e-11 	4.83652e-11 	0
326.0 	7.33657e-11 	7.33657e-11 	0
327.0 	9.85051e-11 	9.85051e-11 	0
328.0 	1.23302e-10 	5.61752e-12 	1
329.0 	4.87838e-11 	4.87838e-11 	0
330.0 	7.02091e-11 	7.02091e-11 	0
331.0 	9.38772e-11 	9.38772e-11 	0
332.0 	1.17429e-10 	5.98279e-12 	1
333.0 	4.82897e-11 	4.82897e-11 	0
334.0 	6.94939e-11 	6.94939e-11 	0
335.0 	9.20951e-11 	9.20951e-11 	0
336.0 	1.14357e-10 	6.33538e-12 	1
337.0 	4.76963e-11 	4.76963e-11 	0
338.0 	6.74539e-11 	6.74539e-11 	0
339.0 	8.83761e-11 	8.83761e-11 	0
340.0 	1.09327e-10 	6.73375e-12 	1
341.0 	4.68897e-11 	4.68897e-11 	0
342.0 	6.55673e-11 	6.55673e-11 	0
343.0 	8.60939e-11 	8.60939e-11 	0
344.0 	1.05184e-10 	7.16503e-12 	1
345.0 	4.73854e-11 	4.73854e-11 	0
346.0 	6.35242e-11 	6.35242e-11 	0
347.0 	8.20902e-11 	8.20902e-11 	0
348.0 	1.00332e-10 	7.58497e-12 	1
349.0 	4.54867e-11 	4.54867e-11 	0
350.0 	6.15372e-11 	6.15372e-11 	0
351.0 	7.98977e-11 	7.98977e-11 	0
352.0 	9.57668e-11 	9.57668e-11 	0
353.0 	1.13107e-10 	7.29681e-12 	1
354.0 	4.72406e-11 	4.72406e-11 	0
355.0 	5.81711e-11 	5.81711e-11 	0
356.0 	7.42036e-11 	7.42036e-11 	0
357.0 	9.01942e-11 	9.01942e-11 	0
358.0 	1.06111e-10 	7.8554e-12 	1
359.0 	4.62101e-11 	4.62101e-11 	0
360.0 	5.69385e-11 	5.69385e-11 	0
361.0 	7.18263e-11 	7.18263e-11 	0
362.0 	8.66239e-11 	8.66239e-11 	0
363.0 	1.01368e-10 	8.264e-12 	1
364.0 	4.59807e-11 	4.59807e-11 	0
365.0 	5.50079e-11 	5.50079e-11 	0
366.0 	6.8765e-11 	6.8765e-11 	0
367.0 	8.24964e-11 	8.24964e-11 	0
368.0 	9.61902e-11 	9.61902e-11 	0
369.0 	1.09891e-10 	8.0562e-12 	1
370.0 	4.79956e-11 	4.79956e-11 	0
371.0 	5.31004e-11 	5.31004e-11 	0
372.0 	6.55589e-11 	6.55589e-11 	0
373.0 	7.82357e-11 	7.82357e-11 	0
374.0 	9.09123e-11 	9.09123e-11 	0
375.0 	1.03612e-10 	8.58563e-12 	1
376.0 	4.72059e-11 	4.72059e-11 	0
377.0 	5.22466e-11 	5.22466e-11 	0
378.0 	6.39704e-11 	6.39704e-11 	0
379.0 	7.57805e-11 	7.57805e-11 	0
380.0 	8.76385e-11 	8.76385e-11 	0
381.0 	9.95649e-11 	9.95649e-11 	0
382.0 	1.12162e-10 	8.32719e-12 	1
383.0 	4.97184e-11 	4.97184e-11 	0
384.0 	5.50156e-11 	5.50156e-11 	0
385.0 	6.35984e-11 	6.35984e-11 	0
386.0 	7.42327e-11 	7.42327e-11 	0
387.0 	8.38488e-11 	8.38488e-11 	0
388.0 	9.59814e-11 	9.59814e-11 	0
389.0 	1.07251e-10 	8.76012e-12 	1
390.0 	5.19144e-11 	5.19144e-11 	0
391.0 	5.25865e-11 	5.25865e-11 	0
392.0 	6.19573e-11 	6.19573e-11 	0
393.0 	7.24758e-11 	7.24758e-11 	0
394.0 	8.31313e-11 	8.31313e-11 	0
395.0 	9.36789e-11 	9.36789e-11 	0
396.0 	1.04571e-10 	9.03056e-12 	1
397.0 	4.97718e-11 	4.97718e-11 	0
398.0 	5.23146e-11 	5.23146e-11 	0
399.0 	6.10921e-11 	6.10921e-11 	0
400.0 	7.1222e-11 	7.1222e-11 	0
401.0 	8.15082e-11 	8.15082e-11 	0
402.0 	9.18817e-11 	9.18817e-11 	0
403.0 	1.02364e-10 	9.24373e-12 	1
404.0 	4.98162e-11 	4.98162e-11 	0
405.0 	5.22734e-11 	5.22734e-11 	0
406.0 	6.11117e-11 	6.11117e-11 	0
407.0 	7.10468e-11 	7.10468e-11 	0
408.0 	8.10537e-11 	8.10537e-11 	0
409.0 	9.11401e-11 	9.11401e-11 	0
410.0 	1.01333e-10 	9.41133e-12 	1
411.0 	5.01803e-11 	5.01803e-11 	0
412.0 	5.27624e-11 	5.27624e-11 	0
413.0 	6.12915e-11 	6.12915e-11 	0
414.0 	7.0942e-11 	7.0942e-11 	0
415.0 	8.06499e-11 	8.06499e-11 	0
416.0 	9.05195e-11 	9.05195e-11 	0
417.0 	1.00357e-10 	9.5907e-12 	1
418.0 	5.05208e-11 	5.05208e-11 	0
419.0 	5.35794e-11 	5.35794e-11 	0
420.0 	6.14717e-11 	6.14717e-11 	0
421.0 	7.08968e-11 	7.08968e-11 	0
422.0 	8.02071e-11 	8.02071e-11 	0
423.0 	8.95556e-11 	8.95556e-11 	0
424.0 	9.91067e-11 	9.91067e-11 	0
425.0 	1.08687e-10 	9.43406e-12 	1
426.0 	5.26629e-11 	5.26629e-11 	0
427.0 	5.48606e-11 	5.48606e-11 	0
428.0 	6.12577e-11 	6.12577e-11 	0
429.0 	6.98298e-11 	6.98298e-11 	0
430.0 	7.8825e-11 	7.8825e-11 	0
431.0 	8.79314e-11 	8.79314e-11 	0
432.0 	9.67283e-11 	9.67283e-11 	0
433.0 	1.057e-10 	9.76782e-12 	1
434.0 	5.25194e-11 	5.25194e-11 	0
435.0 	5.46192e-11 	5.46192e-11 	0
436.0 	6.10983e-11 	6.10983e-11 	0
437.0 	6.93366e-11 	6.93366e-11 	0
438.0 	7.76448e-11 	7.76448e-11 	0
439.0 	8.59543e-11 	8.59543e-11 	0
440.0 	9.42668e-11 	9.42668e-11 	0
441.0 	1.02601e-10 	1.01503e-11 	1
442.0 	5.28317e-11 	5.28317e-11 	0
443.0 	5.4612e-11 	5.4612e-11 	0
444.0 	6.0048e-11 	6.0048e-11 	0
445.0 	6.76698e-11 	6.76698e-11 	0
446.0 	7.52098e-11 	7.52098e-11 	0
447.0 	8.27854e-11 	8.27854e-11 	0
448.0 	9.02859e-11 	9.02859e-11 	0
449.0 	9.78102e-11 	9.78102e-11 	0
450.0 	1.0535e-10 	1.04083e-11 	1
451.0 	5.43987e-11 	5.43987e-11 	0
452.0 	5.53509e-11 	5.53509e-11 	0
453.0 	5.89346e-11 	5.89346e-11 	0
454.0 	6.52179e-11 	6.52179e-11 	0
455.0 	7.20435e-11 	7.20435e-11 	0
456.0 	7.85251e-11 	7.85251e-11 	0
457.0 	8.53072e-11 	8.53072e-11 	0
458.0 	9.1896e-11 	9.1896e-11 	0
459.0 	9.85679e-11 	9.85679e-11 	0
460.0 	1.05078e-10 	1.07387e-11 	1
461.0 	5.58161e-11 	5.58161e-11 	0
462.0 	5.63377e-11 	5.63377e-11 	0
463.0 	5.86225e-11 	5.86225e-11 	0
464.0 	6.2948e-11 	6.2948e-11 	0
465.0 	6.87608e-11 	6.87608e-11 	0
466.0 	7.43452e-11 	7.43452e-11 	0
467.0 	7.97793e-11 	7.97793e-11 	0
468.0 	8.55362e-11 	8.55362e-11 	0
469.0 	9.11157e-11 	9.11157e-11 	0
470.0 	9.65507e-11 	9.65507e-11 	0
471.0 	1.02238e-10 	1.10791e-11 	1
472.0 	5.76061e-11 	5.76061e-11 	0
473.0 	5.71992e-11 	5.71992e-11 	0
474.0 	5.82672e-11 	5.82672e-11 	0
475.0 	6.15466e-11 	6.15466e-11 	0
476.0 	6.58677e-11 	6.58677e-11 	0
477.0 	7.04332e-11 	7.04332e-11 	0
478.0 	7.50509e-11 	7.50509e-11 	0
479.0 	7.96539e-11 	7.96539e-11 	0
480.0 	8.43071e-11 	8.43071e-11 	0
481.0 	8.89664e-11 	8.89664e-11 	0
482.0 	9.35336e-11 	9.35336e-11 	0
483.0 	9.8202e-11 	9.8202e-11 	0
484.0 	1.03184e-10 	1.12203e-11 	1
485.0 	5.99834e-11 	5.99834e-11 	0
486.0 	5.87785e-11 	5.87785e-11 	0
487.0 	5.99609e-11 	5.99609e-11 	0
488.0 	6.07485e-11 	6.07485e-11 	0
489.0 	6.32759e-11 	6.32759e-11 	0
490.0 	6.73838e-11 	6.73838e-11 	0
491.0 	7.12119e-11 	7.12119e-11 	0
492.0 	7.46468e-11 	7.46468e-11 	0
493.0 	7.89758e-11 	7.89758e-11 	0
494.0 	8.25521e-11 	8.25521e-11 	0
495.0 	8.68451e-11 	8.68451e-11 	0
496.0 	9.05964e-11 	9.05964e-11 	0
497.0 	9.46676e-11 	9.46676e-11 	0
498.0 	9.88229e-11 	9.88229e-11 	0
499.0 	1.0298e-10 	1.1279e-11 	1
500.0 	6.17634e-11 	6.17634e-11 	0
501.0 	6.0898e-11 	6.0898e-11 	0
502.0 	6.13172e-11 	6.13172e-11 	0
503.0 	6.24527e-11 	6.24527e-11 	0
504.0 	6.41337e-11 	6.41337e-11 	0
505.0 	6.66521e-11 	6.66521e-11 	0
506.0 	6.98325e-11 	6.98325e-11 	0
507.0 	7.32569e-11 	7.32569e-11 	0
508.0 	7.67667e-11 	7.67667e-11 	0
509.0 	8.03626e-11 	8.03626e-11 	0
510.0 	8.40085e-11 	8.40085e-11 	0
511.0 	8.77049e-11 	8.77049e-11 	0
512.0 	9.14519e-11 	9.14519e-11 	0
513.0 	9.52491e-11 	9.52491e-11 	0
514.0 	9.90944e-11 	9.90944e-11 	0
515.0 	1.02984e-10 	1.12913e-11 	1
516.0 	6.32976e-11 	6.32976e-11 	0
517.0 	6.26012e-11 	6.26012e-11 	0
518.0 	6.30969e-11 	6.30969e-11 	0
519.0 	6.42789e-11 	6.42789e-11 	0
520.0 	6.6096e-11 	6.6096e-11 	0
521.0 	6.85091e-11 	6.85091e-11 	0
522.0 	7.14738e-11 	7.14738e-11 	0
523.0 	7.4691e-11 	7.4691e-11 	0
524.0 	7.80391e-11 	7.80391e-11 	0
525.0 	8.14336e-11 	8.14336e-11 	0
526.0 	8.4861e-11 	8.4861e-11 	0
527.0 	8.83233e-11 	8.83233e-11 	0
528.0 	9.18253e-11 	9.18253e-11 	0
529.0 	9.53659e-11 	9.53659e-11 	0
530.0 	9.90518e-11 	9.90518e-11 	0
531.0 	1.02646e-10 	1.12568e-11 	1
532.0 	6.43429e-11 	6.43429e-11 	0
533.0 	6.38394e-11 	6.38394e-11 	0
534.0 	6.43994e-11 	6.43994e-11 	0
535.0 	6.56452e-11 	6.56452e-11 	0
536.0 	6.74227e-11 	6.74227e-11 	0
537.0 	6.9823e-11 	6.9823e-11 	0
538.0 	7.25916e-11 	7.25916e-11 	0
539.0 	7.55268e-11 	7.55268e-11 	0
540.0 	7.85214e-11 	7.85214e-11 	0
541.0 	8.15479e-11 	8.15479e-11 	0
542.0 	8.45893e-11 	8.45893e-11 	0
543.0 	8.76446e-11 	8.76446e-11 	0
544.0 	9.07126e-11 	9.07126e-11 	0
545.0 	9.37927e-11 	9.37927e-11 	0
546.0 	9.68868e-11 	9.68868e-11 	0
547.0 	9.99863e-11 	9.99863e-11 	0
548.0 	1.03087e-10 	1.134e-11 	1
549.0 	6.5867e-11 	6.5867e-11 	0
550.0 	6.53697e-11 	6.53697e-11 	0
551.0 	6.58138e-11 	6.58138e-11 	0
552.0 	6.66879e-11 	6.66879e-11 	0
553.0 	6.79634e-11 	6.79634e-11 	0
554.0 	6.97476e-11 	6.97476e-11 	0
555.0 	7.18666e-11 	7.18666e-11 	0
556.0 	7.41118e-11 	7.41118e-11 	0
557.0 	7.64124e-11 	7.64124e-11 	0
558.0 	7.87196e-11 	7.87196e-11 	0
559.0 	8.10353e-11 	8.10353e-11 	0
560.0 	8.34235e-11 	8.34235e-11 	0
561.0 	8.57332e-11 	8.57332e-11 	0
562.0 	8.80438e-11 	8.80438e-11 	0
563.0 	9.03605e-11 	9.03605e-11 	0
564.0 	9.26771e-11 	9.26771e-11 	0
565.0 	9.49863e-11 	9.49863e-11 	0
566.0 	9.7258e-11 	9.7258e-11 	0
567.0 	9.95217e-11 	9.95217e-11 	0
568.0 	1.01751e-10 	1.13583e-11 	1
569.0 	6.82486e-11 	6.82486e-11 	0
570.0 	6.78095e-11 	6.78095e-11 	0
571.0 	6.78686e-11 	6.78686e-11 	0
572.0 	6.82583e-11 	6.82583e-11 	0
573.0 	6.89594e-11 	6.89594e-11 	0
574.0 	6.96487e-11 	6.96487e-11 	0
575.0 	7.06577e-11 	7.06577e-11 	0
576.0 	7.18421e-11 	7.18421e-11 	0
577.0 	7.30166e-11 	7.30166e-11 	0
578.0 	7.43566e-11 	7.43566e-11 	0
579.0 	7.57414e-11 	7.57414e-11 	0
580.0 	7.71585e-11 	7.71585e-11 	0
581.0 	7.85965e-11 	7.85965e-11 	0
582.0 	8.00462e-11 	8.00462e-11 	0
583.0 	8.15267e-11 	8.15267e-11 	0
584.0 	8.30197e-11 	8.30197e-11 	0
585.0 	8.45168e-11 	8.45168e-11 	0
586.0 	8.60153e-11 	8.60153e-11 	0
587.0 	8.75135e-11 	8.75135e-11 	0
588.0 	8.90089e-11 	8.90089e-11 	0
589.0 	9.04971e-11 	9.04971e-11 	0
590.0 	9.198e-11 	9.198e-11 	0
591.0 	9.34555e-11 	9.34555e-11 	0
592.0 	9.49193e-11 	9.49193e-11 	0
593.0 	9.63717e-11 	9.63717e-11 	0
594.0 	9.78127e-11 	9.78127e-11 	0
595.0 	9.92432e-11 	9.92432e-11 	0
596.0 	1.00661e-10 	1.09283e-11 	1
597.0 	7.22667e-11 	7.22667e-11 	0
598.0 	7.21273e-11 	7.21273e-11 	0
599.0 	7.21707e-11 	7.21707e-11 	0
600.0 	7.24795e-11 	7.24795e-11 	0
601.0 	7.29521e-11 	7.29521e-11 	0
602.0 	7.35894e-11 	7.35894e-11 	0
