# time 	Initial 	Final 	Iterations
1.0 	1.18392e-06 	5.29189e-11 	3
2.0 	5.15029e-06 	4.37446e-11 	4
3.0 	2.63743e-06 	2.06699e-11 	4
4.0 	1.37452e-06 	1.18897e-11 	4
5.0 	1.71038e-06 	1.93962e-11 	3
6.0 	2.42989e-06 	7.81564e-11 	3
7.0 	2.71392e-06 	1.15269e-11 	4
8.0 	2.65323e-06 	9.99758e-12 	4
9.0 	2.43393e-06 	6.61797e-11 	3
10.0 	2.18375e-06 	3.20705e-11 	3
11.0 	2.00109e-06 	1.50126e-11 	3
12.0 	1.89021e-06 	3.32886e-11 	3
13.0 	1.84638e-06 	2.42126e-11 	3
14.0 	1.83034e-06 	1.99995e-11 	3
15.0 	1.83044e-06 	2.05663e-11 	3
16.0 	1.83069e-06 	2.11542e-11 	3
17.0 	1.82321e-06 	1.84556e-11 	3
18.0 	1.8068e-06 	1.90108e-11 	3
19.0 	1.78378e-06 	3.75194e-11 	3
20.0 	1.75931e-06 	5.19713e-11 	3
21.0 	1.7393e-06 	6.83728e-11 	3
22.0 	1.72568e-06 	9.19626e-11 	3
23.0 	1.71434e-06 	9.44148e-12 	4
24.0 	1.70338e-06 	9.69312e-12 	4
25.0 	1.69197e-06 	9.82841e-12 	4
26.0 	1.67964e-06 	9.81052e-12 	4
27.0 	1.66689e-06 	9.63304e-12 	4
28.0 	1.65441e-06 	9.41547e-12 	4
29.0 	1.642e-06 	8.99032e-11 	3
30.0 	1.62987e-06 	7.39171e-11 	3
31.0 	1.61685e-06 	6.29724e-11 	3
32.0 	1.60325e-06 	3.06963e-11 	3
33.0 	1.58909e-06 	1.69304e-11 	3
34.0 	1.57485e-06 	9.7937e-12 	3
35.0 	1.56134e-06 	9.65432e-11 	3
36.0 	1.54855e-06 	7.17074e-11 	3
37.0 	1.53595e-06 	8.43331e-11 	3
38.0 	1.52276e-06 	7.98067e-11 	3
39.0 	1.50826e-06 	7.91042e-11 	3
40.0 	1.49323e-06 	8.26772e-11 	3
41.0 	1.4779e-06 	8.83633e-11 	3
42.0 	1.46236e-06 	9.37527e-11 	3
43.0 	1.44716e-06 	9.88035e-11 	3
44.0 	1.43282e-06 	1.6806e-11 	3
45.0 	1.41879e-06 	1.79441e-11 	3
46.0 	1.40428e-06 	1.92291e-11 	3
47.0 	1.38905e-06 	2.0754e-11 	3
48.0 	1.37331e-06 	2.27623e-11 	3
49.0 	1.35717e-06 	2.56395e-11 	3
50.0 	1.34013e-06 	3.07386e-11 	3
51.0 	1.32247e-06 	4.56158e-11 	3
52.0 	1.30402e-06 	8.45565e-11 	3
53.0 	1.28486e-06 	2.04723e-11 	3
54.0 	1.26503e-06 	2.95179e-11 	3
55.0 	1.24499e-06 	4.1773e-11 	3
56.0 	1.22482e-06 	8.55699e-12 	4
57.0 	1.20532e-06 	7.27049e-11 	3
58.0 	1.18632e-06 	5.75903e-11 	3
59.0 	1.16766e-06 	6.20613e-11 	3
60.0 	1.14963e-06 	6.36732e-11 	3
61.0 	1.13251e-06 	6.37264e-11 	3
62.0 	1.11628e-06 	6.38278e-11 	3
63.0 	1.10115e-06 	6.3829e-11 	3
64.0 	1.08774e-06 	6.38829e-11 	3
65.0 	1.07588e-06 	6.4024e-11 	3
66.0 	1.0658e-06 	6.40607e-11 	3
67.0 	1.05705e-06 	6.40619e-11 	3
68.0 	1.0491e-06 	6.39914e-11 	3
69.0 	1.04186e-06 	6.36689e-11 	3
70.0 	1.03533e-06 	6.31439e-11 	3
71.0 	1.02977e-06 	6.25852e-11 	3
72.0 	1.0254e-06 	6.18606e-11 	3
73.0 	1.02189e-06 	6.10688e-11 	3
74.0 	1.01921e-06 	6.01947e-11 	3
75.0 	1.01756e-06 	5.92889e-11 	3
76.0 	1.01661e-06 	5.8408e-11 	3
77.0 	1.01649e-06 	5.75848e-11 	3
78.0 	1.01748e-06 	5.68277e-11 	3
79.0 	1.01967e-06 	5.62598e-11 	3
80.0 	1.02265e-06 	5.57714e-11 	3
81.0 	1.0263e-06 	5.53968e-11 	3
82.0 	1.03065e-06 	5.52543e-11 	3
83.0 	1.03531e-06 	5.52347e-11 	3
84.0 	1.0408e-06 	5.5257e-11 	3
85.0 	1.04655e-06 	5.53213e-11 	3
86.0 	1.05242e-06 	5.54272e-11 	3
87.0 	1.05893e-06 	5.56032e-11 	3
88.0 	1.06554e-06 	5.57113e-11 	3
89.0 	1.07242e-06 	5.58159e-11 	3
90.0 	1.07985e-06 	5.59465e-11 	3
91.0 	1.08753e-06 	5.61477e-11 	3
92.0 	1.09547e-06 	5.63808e-11 	3
93.0 	1.10352e-06 	5.66556e-11 	3
94.0 	1.11186e-06 	5.70291e-11 	3
95.0 	1.12092e-06 	5.73873e-11 	3
96.0 	1.1301e-06 	5.77708e-11 	3
97.0 	1.1395e-06 	5.8056e-11 	3
98.0 	1.14903e-06 	5.85013e-11 	3
99.0 	1.15889e-06 	5.908e-11 	3
100.0 	1.16907e-06 	5.97369e-11 	3
101.0 	1.17999e-06 	6.04807e-11 	3
102.0 	1.1911e-06 	6.13566e-11 	3
103.0 	1.20235e-06 	6.23159e-11 	3
104.0 	1.21378e-06 	6.33479e-11 	3
105.0 	1.22523e-06 	6.44772e-11 	3
106.0 	1.23705e-06 	6.56681e-11 	3
107.0 	1.25002e-06 	6.69541e-11 	3
108.0 	1.26317e-06 	6.82629e-11 	3
109.0 	1.27645e-06 	6.97048e-11 	3
110.0 	1.28978e-06 	7.12228e-11 	3
111.0 	1.30323e-06 	7.27851e-11 	3
112.0 	1.31787e-06 	7.44012e-11 	3
113.0 	1.33268e-06 	7.60618e-11 	3
114.0 	1.34757e-06 	7.77677e-11 	3
115.0 	1.36317e-06 	7.95013e-11 	3
116.0 	1.37987e-06 	8.12843e-11 	3
117.0 	1.39686e-06 	8.30832e-11 	3
118.0 	1.41407e-06 	8.48576e-11 	3
119.0 	1.43169e-06 	8.67506e-11 	3
120.0 	1.44944e-06 	8.86708e-11 	3
121.0 	1.46746e-06 	9.0676e-11 	3
122.0 	1.48554e-06 	9.26724e-11 	3
123.0 	1.50381e-06 	9.47538e-11 	3
124.0 	1.5222e-06 	9.69894e-11 	3
125.0 	1.54067e-06 	9.93851e-11 	3
126.0 	1.55929e-06 	1.13027e-11 	3
127.0 	1.57788e-06 	1.17318e-11 	3
128.0 	1.59659e-06 	1.2182e-11 	3
129.0 	1.61522e-06 	1.25875e-11 	3
130.0 	1.63391e-06 	1.28241e-11 	3
131.0 	1.65242e-06 	1.28002e-11 	3
132.0 	1.67093e-06 	1.25798e-11 	3
133.0 	1.68932e-06 	1.22918e-11 	3
134.0 	1.70756e-06 	1.20282e-11 	3
135.0 	1.7258e-06 	1.1899e-11 	3
136.0 	1.74397e-06 	1.19825e-11 	3
137.0 	1.76231e-06 	1.23012e-11 	3
138.0 	1.78046e-06 	1.26491e-11 	3
139.0 	1.79833e-06 	1.29258e-11 	3
140.0 	1.81591e-06 	1.31368e-11 	3
141.0 	1.83329e-06 	1.32099e-11 	3
142.0 	1.85033e-06 	1.31144e-11 	3
143.0 	1.86705e-06 	1.28896e-11 	3
144.0 	1.88349e-06 	1.26667e-11 	3
145.0 	1.89963e-06 	1.24495e-11 	3
146.0 	1.9154e-06 	1.22683e-11 	3
147.0 	1.93076e-06 	1.21363e-11 	3
148.0 	1.94591e-06 	9.99509e-11 	3
149.0 	1.96067e-06 	1.23791e-11 	3
150.0 	1.97512e-06 	1.26543e-11 	3
151.0 	1.98928e-06 	1.30618e-11 	3
152.0 	2.00302e-06 	1.36472e-11 	3
153.0 	2.01691e-06 	1.42297e-11 	3
154.0 	2.03083e-06 	1.46454e-11 	3
155.0 	2.04445e-06 	1.48794e-11 	3
156.0 	2.05779e-06 	1.49406e-11 	3
157.0 	2.07076e-06 	1.48631e-11 	3
158.0 	2.0834e-06 	1.47581e-11 	3
159.0 	2.09588e-06 	1.46478e-11 	3
160.0 	2.10837e-06 	1.46167e-11 	3
161.0 	2.12115e-06 	1.4604e-11 	3
162.0 	2.1338e-06 	1.45812e-11 	3
163.0 	2.14634e-06 	1.46879e-11 	3
164.0 	2.15852e-06 	1.48951e-11 	3
165.0 	2.17038e-06 	1.52671e-11 	3
166.0 	2.18192e-06 	1.58385e-11 	3
167.0 	2.19299e-06 	1.66453e-11 	3
168.0 	2.20383e-06 	1.7647e-11 	3
169.0 	2.21434e-06 	1.87151e-11 	3
170.0 	2.2248e-06 	1.96755e-11 	3
171.0 	2.23536e-06 	2.0364e-11 	3
172.0 	2.24628e-06 	2.06216e-11 	3
173.0 	2.25696e-06 	2.05229e-11 	3
174.0 	2.26729e-06 	2.01038e-11 	3
175.0 	2.2773e-06 	1.94556e-11 	3
176.0 	2.28686e-06 	1.90327e-11 	3
177.0 	2.29604e-06 	1.87093e-11 	3
178.0 	2.30478e-06 	1.85717e-11 	3
179.0 	2.31309e-06 	1.85374e-11 	3
180.0 	2.32091e-06 	1.84832e-11 	3
181.0 	2.3282e-06 	1.83995e-11 	3
182.0 	2.33537e-06 	1.85443e-11 	3
183.0 	2.34413e-06 	1.88747e-11 	3
184.0 	2.35366e-06 	1.93806e-11 	3
185.0 	2.36255e-06 	2.00615e-11 	3
186.0 	2.37066e-06 	2.07536e-11 	3
187.0 	2.3784e-06 	2.15584e-11 	3
188.0 	2.38566e-06 	2.25629e-11 	3
189.0 	2.39284e-06 	2.35723e-11 	3
190.0 	2.39953e-06 	2.44216e-11 	3
191.0 	2.40668e-06 	2.50507e-11 	3
192.0 	2.41892e-06 	2.54598e-11 	3
193.0 	2.42992e-06 	2.57047e-11 	3
194.0 	2.44016e-06 	2.58381e-11 	3
195.0 	2.44967e-06 	2.58698e-11 	3
196.0 	2.45832e-06 	2.5595e-11 	3
197.0 	2.466e-06 	2.51614e-11 	3
198.0 	2.47253e-06 	2.46426e-11 	3
199.0 	2.478e-06 	2.40025e-11 	3
200.0 	2.48248e-06 	2.32858e-11 	3
201.0 	2.48613e-06 	2.25865e-11 	3
202.0 	2.48877e-06 	2.23466e-11 	3
203.0 	2.49086e-06 	2.20424e-11 	3
204.0 	2.49266e-06 	2.19139e-11 	3
205.0 	2.49835e-06 	2.20696e-11 	3
206.0 	2.50966e-06 	2.21674e-11 	3
207.0 	2.51935e-06 	2.22164e-11 	3
208.0 	2.52781e-06 	2.22995e-11 	3
209.0 	2.53526e-06 	2.23771e-11 	3
210.0 	2.54201e-06 	2.24464e-11 	3
211.0 	2.54816e-06 	2.2387e-11 	3
212.0 	2.55341e-06 	2.25129e-11 	3
213.0 	2.55758e-06 	2.29098e-11 	3
214.0 	2.56115e-06 	2.31692e-11 	3
215.0 	2.56404e-06 	2.32505e-11 	3
216.0 	2.56599e-06 	2.34814e-11 	3
217.0 	2.56721e-06 	2.37666e-11 	3
218.0 	2.56775e-06 	2.40055e-11 	3
219.0 	2.56787e-06 	2.4262e-11 	3
220.0 	2.56737e-06 	2.45799e-11 	3
221.0 	2.56648e-06 	2.49313e-11 	3
222.0 	2.5651e-06 	2.5234e-11 	3
223.0 	2.56319e-06 	2.54847e-11 	3
224.0 	2.5617e-06 	2.57093e-11 	3
225.0 	2.56767e-06 	2.58824e-11 	3
226.0 	2.57876e-06 	2.61111e-11 	3
227.0 	2.58917e-06 	2.63548e-11 	3
228.0 	2.59834e-06 	2.66725e-11 	3
229.0 	2.6059e-06 	2.70549e-11 	3
230.0 	2.61245e-06 	2.73075e-11 	3
231.0 	2.61814e-06 	2.72858e-11 	3
232.0 	2.62316e-06 	2.70734e-11 	3
233.0 	2.62783e-06 	2.70186e-11 	3
234.0 	2.63161e-06 	2.71469e-11 	3
235.0 	2.63386e-06 	2.727e-11 	3
236.0 	2.63554e-06 	2.7441e-11 	3
237.0 	2.63738e-06 	2.75829e-11 	3
238.0 	2.63807e-06 	2.76976e-11 	3
239.0 	2.63793e-06 	2.781e-11 	3
240.0 	2.63719e-06 	2.79266e-11 	3
241.0 	2.63568e-06 	2.80348e-11 	3
242.0 	2.63358e-06 	2.81197e-11 	3
243.0 	2.631e-06 	2.82493e-11 	3
244.0 	2.62749e-06 	2.84655e-11 	3
245.0 	2.62298e-06 	2.89938e-11 	3
246.0 	2.61755e-06 	2.97618e-11 	3
247.0 	2.61266e-06 	2.98234e-11 	3
248.0 	2.60679e-06 	2.9304e-11 	3
249.0 	2.59962e-06 	2.91614e-11 	3
250.0 	2.59206e-06 	2.92508e-11 	3
251.0 	2.58341e-06 	2.93768e-11 	3
252.0 	2.57398e-06 	2.95326e-11 	3
253.0 	2.56393e-06 	2.96371e-11 	3
254.0 	2.562e-06 	2.96764e-11 	3
255.0 	2.56673e-06 	2.96715e-11 	3
256.0 	2.56984e-06 	2.96446e-11 	3
257.0 	2.57179e-06 	2.95986e-11 	3
258.0 	2.57289e-06 	2.95386e-11 	3
259.0 	2.57275e-06 	2.94457e-11 	3
260.0 	2.57137e-06 	2.93521e-11 	3
261.0 	2.5687e-06 	2.92425e-11 	3
262.0 	2.56582e-06 	2.91367e-11 	3
263.0 	2.56377e-06 	2.90292e-11 	3
264.0 	2.56127e-06 	2.89436e-11 	3
265.0 	2.5578e-06 	2.89311e-11 	3
266.0 	2.55345e-06 	2.8978e-11 	3
267.0 	2.54816e-06 	2.90099e-11 	3
268.0 	2.54231e-06 	2.90267e-11 	3
269.0 	2.53643e-06 	2.88857e-11 	3
270.0 	2.52992e-06 	2.87311e-11 	3
271.0 	2.52255e-06 	2.85818e-11 	3
272.0 	2.51432e-06 	2.84316e-11 	3
273.0 	2.50586e-06 	2.82698e-11 	3
274.0 	2.49713e-06 	2.81001e-11 	3
275.0 	2.48859e-06 	2.79394e-11 	3
276.0 	2.47952e-06 	2.78212e-11 	3
277.0 	2.46997e-06 	2.7834e-11 	3
278.0 	2.46002e-06 	2.78314e-11 	3
279.0 	2.4495e-06 	2.75311e-11 	3
280.0 	2.43832e-06 	2.70871e-11 	3
281.0 	2.42683e-06 	2.68362e-11 	3
282.0 	2.416e-06 	2.65068e-11 	3
283.0 	2.40455e-06 	2.61189e-11 	3
284.0 	2.39262e-06 	2.57221e-11 	3
285.0 	2.38031e-06 	2.53858e-11 	3
286.0 	2.36743e-06 	9.85769e-11 	3
287.0 	2.35406e-06 	9.66021e-11 	3
288.0 	2.34008e-06 	9.48058e-11 	3
289.0 	2.32588e-06 	9.37158e-11 	3
290.0 	2.31173e-06 	9.37068e-11 	3
291.0 	2.29812e-06 	9.46207e-11 	3
292.0 	2.28397e-06 	9.57165e-11 	3
293.0 	2.2694e-06 	9.68254e-11 	3
294.0 	2.25464e-06 	9.54837e-11 	3
295.0 	2.24212e-06 	9.24645e-11 	3
296.0 	2.2414e-06 	8.92521e-11 	3
297.0 	2.24013e-06 	8.60411e-11 	3
298.0 	2.23807e-06 	8.32329e-11 	3
299.0 	2.23576e-06 	8.16151e-11 	3
300.0 	2.23369e-06 	7.9964e-11 	3
301.0 	2.23197e-06 	7.79974e-11 	3
302.0 	2.22958e-06 	7.57574e-11 	3
303.0 	2.22648e-06 	7.33027e-11 	3
304.0 	2.22294e-06 	7.18647e-11 	3
305.0 	2.21893e-06 	7.05042e-11 	3
306.0 	2.21441e-06 	6.91739e-11 	3
307.0 	2.20962e-06 	6.80379e-11 	3
308.0 	2.20693e-06 	6.69226e-11 	3
309.0 	2.20512e-06 	6.57733e-11 	3
310.0 	2.20271e-06 	6.46065e-11 	3
311.0 	2.19966e-06 	6.34513e-11 	3
312.0 	2.19603e-06 	6.23216e-11 	3
313.0 	2.19181e-06 	6.12402e-11 	3
314.0 	2.18702e-06 	6.02317e-11 	3
315.0 	2.1818e-06 	5.95027e-11 	3
316.0 	2.176e-06 	5.86966e-11 	3
317.0 	2.16978e-06 	5.76267e-11 	3
318.0 	2.16332e-06 	5.6826e-11 	3
319.0 	2.15662e-06 	5.60651e-11 	3
320.0 	2.14949e-06 	5.60598e-11 	3
321.0 	2.14187e-06 	5.65656e-11 	3
322.0 	2.13375e-06 	5.73733e-11 	3
323.0 	2.12513e-06 	5.83653e-11 	3
324.0 	2.11607e-06 	5.9483e-11 	3
325.0 	2.10662e-06 	6.06828e-11 	3
326.0 	2.09673e-06 	6.20703e-11 	3
327.0 	2.08632e-06 	6.36743e-11 	3
328.0 	2.07538e-06 	6.54814e-11 	3
329.0 	2.06396e-06 	6.73481e-11 	3
330.0 	2.05205e-06 	6.92384e-11 	3
331.0 	2.03975e-06 	6.61541e-11 	3
332.0 	2.02706e-06 	6.07425e-11 	3
333.0 	2.01402e-06 	5.41578e-11 	3
334.0 	2.00165e-06 	4.74135e-11 	3
335.0 	1.99274e-06 	4.1492e-11 	3
336.0 	1.98358e-06 	4.26414e-11 	3
337.0 	1.97768e-06 	4.36149e-11 	3
338.0 	1.97787e-06 	4.48418e-11 	3
339.0 	1.97755e-06 	4.57696e-11 	3
340.0 	1.97677e-06 	4.65063e-11 	3
341.0 	1.97562e-06 	4.71114e-11 	3
342.0 	1.974e-06 	4.75413e-11 	3
343.0 	1.97181e-06 	4.7872e-11 	3
344.0 	1.96921e-06 	4.81867e-11 	3
345.0 	1.96628e-06 	4.86263e-11 	3
346.0 	1.96295e-06 	4.91726e-11 	3
347.0 	1.95926e-06 	4.99206e-11 	3
348.0 	1.95504e-06 	5.07886e-11 	3
349.0 	1.9504e-06 	5.1689e-11 	3
350.0 	1.94532e-06 	5.25292e-11 	3
351.0 	1.93969e-06 	5.32217e-11 	3
352.0 	1.93356e-06 	5.38068e-11 	3
353.0 	1.92702e-06 	5.43715e-11 	3
354.0 	1.91999e-06 	5.49671e-11 	3
355.0 	1.91239e-06 	5.55289e-11 	3
356.0 	1.90417e-06 	5.60634e-11 	3
357.0 	1.89537e-06 	5.65026e-11 	3
358.0 	1.88599e-06 	5.68967e-11 	3
359.0 	1.87625e-06 	5.72263e-11 	3
360.0 	1.86599e-06 	5.75565e-11 	3
361.0 	1.8552e-06 	5.79063e-11 	3
362.0 	1.844e-06 	5.82638e-11 	3
363.0 	1.83226e-06 	5.85969e-11 	3
364.0 	1.82007e-06 	5.88805e-11 	3
365.0 	1.80753e-06 	5.91156e-11 	3
366.0 	1.79458e-06 	5.92938e-11 	3
367.0 	1.78119e-06 	5.94473e-11 	3
368.0 	1.76741e-06 	5.95864e-11 	3
369.0 	1.75335e-06 	5.97928e-11 	3
370.0 	1.73911e-06 	6.02293e-11 	3
371.0 	1.72558e-06 	6.07128e-11 	3
372.0 	1.71738e-06 	6.11788e-11 	3
373.0 	1.70885e-06 	6.16844e-11 	3
374.0 	1.7e-06 	6.20194e-11 	3
375.0 	1.69095e-06 	6.20191e-11 	3
376.0 	1.68167e-06 	6.19315e-11 	3
377.0 	1.67206e-06 	6.18282e-11 	3
378.0 	1.66243e-06 	6.17048e-11 	3
379.0 	1.65262e-06 	6.16054e-11 	3
380.0 	1.64275e-06 	6.16026e-11 	3
381.0 	1.63318e-06 	6.16056e-11 	3
382.0 	1.62984e-06 	6.16313e-11 	3
383.0 	1.62611e-06 	6.16195e-11 	3
384.0 	1.62174e-06 	6.15952e-11 	3
385.0 	1.61695e-06 	6.16566e-11 	3
386.0 	1.61164e-06 	6.16582e-11 	3
387.0 	1.60618e-06 	6.16425e-11 	3
388.0 	1.60051e-06 	6.16569e-11 	3
389.0 	1.59442e-06 	6.20308e-11 	3
390.0 	1.58796e-06 	6.23692e-11 	3
391.0 	1.58103e-06 	6.26914e-11 	3
392.0 	1.57384e-06 	6.30146e-11 	3
393.0 	1.56625e-06 	6.31241e-11 	3
394.0 	1.55842e-06 	6.27367e-11 	3
395.0 	1.55025e-06 	6.23068e-11 	3
396.0 	1.54171e-06 	6.18646e-11 	3
397.0 	1.53283e-06 	6.14067e-11 	3
398.0 	1.52405e-06 	6.09845e-11 	3
399.0 	1.5151e-06 	6.06519e-11 	3
400.0 	1.50891e-06 	6.03197e-11 	3
401.0 	1.50354e-06 	5.99652e-11 	3
402.0 	1.49784e-06 	5.95634e-11 	3
403.0 	1.49179e-06 	5.91671e-11 	3
404.0 	1.4855e-06 	5.89398e-11 	3
405.0 	1.47888e-06 	5.8713e-11 	3
406.0 	1.47209e-06 	5.84513e-11 	3
407.0 	1.46508e-06 	5.81595e-11 	3
408.0 	1.45787e-06 	5.78213e-11 	3
409.0 	1.45109e-06 	5.74561e-11 	3
410.0 	1.44436e-06 	5.70477e-11 	3
411.0 	1.43745e-06 	5.66019e-11 	3
412.0 	1.43024e-06 	5.62081e-11 	3
413.0 	1.42274e-06 	5.58308e-11 	3
414.0 	1.41506e-06 	5.54403e-11 	3
415.0 	1.40727e-06 	5.50237e-11 	3
416.0 	1.39924e-06 	5.45937e-11 	3
417.0 	1.39094e-06 	5.41493e-11 	3
418.0 	1.38242e-06 	5.37223e-11 	3
419.0 	1.37418e-06 	5.33254e-11 	3
420.0 	1.36771e-06 	5.29771e-11 	3
421.0 	1.36194e-06 	5.26607e-11 	3
422.0 	1.35637e-06 	5.23288e-11 	3
423.0 	1.35058e-06 	5.19808e-11 	3
424.0 	1.3445e-06 	5.1623e-11 	3
425.0 	1.3382e-06 	5.134e-11 	3
426.0 	1.3317e-06 	5.11233e-11 	3
427.0 	1.32536e-06 	5.09133e-11 	3
428.0 	1.32018e-06 	5.07927e-11 	3
429.0 	1.31546e-06 	5.0642e-11 	3
430.0 	1.3108e-06 	5.04363e-11 	3
431.0 	1.30639e-06 	5.02361e-11 	3
432.0 	1.30171e-06 	4.98519e-11 	3
433.0 	1.29685e-06 	4.91517e-11 	3
434.0 	1.2917e-06 	4.84018e-11 	3
435.0 	1.28719e-06 	4.76892e-11 	3
436.0 	1.2834e-06 	4.69887e-11 	3
437.0 	1.27934e-06 	4.63142e-11 	3
438.0 	1.27512e-06 	4.57027e-11 	3
439.0 	1.27102e-06 	4.51581e-11 	3
440.0 	1.26755e-06 	4.47982e-11 	3
441.0 	1.2643e-06 	4.44315e-11 	3
442.0 	1.26072e-06 	4.40125e-11 	3
443.0 	1.25678e-06 	4.3537e-11 	3
444.0 	1.25254e-06 	4.30605e-11 	3
445.0 	1.24797e-06 	4.25958e-11 	3
446.0 	1.24315e-06 	4.21706e-11 	3
447.0 	1.2381e-06 	4.19104e-11 	3
448.0 	1.23277e-06 	4.16499e-11 	3
449.0 	1.23158e-06 	4.14101e-11 	3
450.0 	1.23263e-06 	4.11701e-11 	3
451.0 	1.23514e-06 	4.09312e-11 	3
452.0 	1.23733e-06 	4.06885e-11 	3
453.0 	1.23913e-06 	4.04239e-11 	3
454.0 	1.24056e-06 	4.01896e-11 	3
455.0 	1.24181e-06 	4.00154e-11 	3
456.0 	1.24332e-06 	3.98245e-11 	3
457.0 	1.24455e-06 	3.96025e-11 	3
458.0 	1.24541e-06 	3.93527e-11 	3
459.0 	1.24592e-06 	3.90828e-11 	3
460.0 	1.24605e-06 	3.88108e-11 	3
461.0 	1.24584e-06 	3.85388e-11 	3
462.0 	1.24545e-06 	3.82486e-11 	3
463.0 	1.24524e-06 	3.79209e-11 	3
464.0 	1.2447e-06 	3.75834e-11 	3
465.0 	1.24391e-06 	3.72777e-11 	3
466.0 	1.24275e-06 	3.69421e-11 	3
467.0 	1.24128e-06 	3.65957e-11 	3
468.0 	1.23956e-06 	3.62561e-11 	3
469.0 	1.23802e-06 	3.58695e-11 	3
470.0 	1.23765e-06 	3.54627e-11 	3
471.0 	1.23703e-06 	3.5051e-11 	3
472.0 	1.23607e-06 	3.46091e-11 	3
473.0 	1.23476e-06 	3.41843e-11 	3
474.0 	1.23309e-06 	3.37404e-11 	3
475.0 	1.23117e-06 	3.32532e-11 	3
476.0 	1.22927e-06 	3.27757e-11 	3
477.0 	1.22753e-06 	3.22902e-11 	3
478.0 	1.22558e-06 	3.1803e-11 	3
479.0 	1.22344e-06 	3.13212e-11 	3
480.0 	1.22103e-06 	3.08374e-11 	3
481.0 	1.21837e-06 	3.03436e-11 	3
482.0 	1.21579e-06 	2.98429e-11 	3
483.0 	1.2131e-06 	2.9322e-11 	3
484.0 	1.2101e-06 	2.87952e-11 	3
485.0 	1.207e-06 	2.82443e-11 	3
486.0 	1.20345e-06 	2.77053e-11 	3
487.0 	1.19961e-06 	2.71948e-11 	3
488.0 	1.19542e-06 	2.66811e-11 	3
489.0 	1.19106e-06 	2.61561e-11 	3
490.0 	1.18646e-06 	2.55889e-11 	3
491.0 	1.18222e-06 	2.50063e-11 	3
492.0 	1.17911e-06 	2.44252e-11 	3
493.0 	1.17585e-06 	2.38497e-11 	3
494.0 	1.17227e-06 	2.32623e-11 	3
495.0 	1.16847e-06 	2.26803e-11 	3
496.0 	1.1648e-06 	2.20924e-11 	3
497.0 	1.16091e-06 	2.15157e-11 	3
498.0 	1.15673e-06 	2.09429e-11 	3
499.0 	1.1531e-06 	2.04841e-11 	3
500.0 	1.1549e-06 	2.07745e-11 	3
501.0 	1.15651e-06 	2.10817e-11 	3
502.0 	1.15785e-06 	2.13865e-11 	3
503.0 	1.15891e-06 	2.16862e-11 	3
504.0 	1.15971e-06 	2.2035e-11 	3
505.0 	1.16025e-06 	2.24158e-11 	3
506.0 	1.16052e-06 	2.27994e-11 	3
507.0 	1.1605e-06 	2.32003e-11 	3
508.0 	1.16021e-06 	2.36028e-11 	3
509.0 	1.15962e-06 	2.39968e-11 	3
510.0 	1.15873e-06 	2.43819e-11 	3
511.0 	1.15776e-06 	2.47577e-11 	3
512.0 	1.15653e-06 	2.51161e-11 	3
513.0 	1.15499e-06 	2.54599e-11 	3
514.0 	1.15318e-06 	2.57974e-11 	3
515.0 	1.1511e-06 	2.6129e-11 	3
516.0 	1.14914e-06 	2.64315e-11 	3
517.0 	1.14826e-06 	2.67534e-11 	3
518.0 	1.14734e-06 	2.70822e-11 	3
519.0 	1.14636e-06 	2.7415e-11 	3
520.0 	1.14515e-06 	2.77393e-11 	3
521.0 	1.14372e-06 	2.81065e-11 	3
522.0 	1.14228e-06 	2.85457e-11 	3
523.0 	1.14065e-06 	2.89834e-11 	3
524.0 	1.13878e-06 	2.94183e-11 	3
525.0 	1.13665e-06 	2.98447e-11 	3
526.0 	1.13427e-06 	3.02667e-11 	3
527.0 	1.13165e-06 	3.06818e-11 	3
528.0 	1.12889e-06 	3.10833e-11 	3
529.0 	1.12596e-06 	3.14805e-11 	3
530.0 	1.12275e-06 	3.18735e-11 	3
531.0 	1.11935e-06 	3.22565e-11 	3
532.0 	1.11575e-06 	3.26192e-11 	3
533.0 	1.11184e-06 	3.29748e-11 	3
534.0 	1.10788e-06 	3.33205e-11 	3
535.0 	1.10368e-06 	3.36565e-11 	3
536.0 	1.09954e-06 	3.39873e-11 	3
537.0 	1.09539e-06 	3.43188e-11 	3
538.0 	1.09108e-06 	3.46451e-11 	3
539.0 	1.08662e-06 	3.49616e-11 	3
540.0 	1.08191e-06 	3.52664e-11 	3
541.0 	1.07749e-06 	3.55462e-11 	3
542.0 	1.07394e-06 	3.58044e-11 	3
543.0 	1.07518e-06 	3.60546e-11 	3
544.0 	1.07622e-06 	3.62957e-11 	3
545.0 	1.07712e-06 	3.65292e-11 	3
546.0 	1.07774e-06 	3.67627e-11 	3
547.0 	1.07811e-06 	3.69824e-11 	3
548.0 	1.07823e-06 	3.71907e-11 	3
549.0 	1.07831e-06 	3.73724e-11 	3
550.0 	1.07804e-06 	3.7548e-11 	3
551.0 	1.07758e-06 	3.77085e-11 	3
552.0 	1.07689e-06 	3.78631e-11 	3
553.0 	1.07595e-06 	3.8017e-11 	3
554.0 	1.07522e-06 	3.81695e-11 	3
555.0 	1.07544e-06 	3.83165e-11 	3
556.0 	1.0754e-06 	3.84797e-11 	3
557.0 	1.07509e-06 	3.86441e-11 	3
558.0 	1.0745e-06 	3.87875e-11 	3
559.0 	1.07363e-06 	3.89073e-11 	3
560.0 	1.07246e-06 	3.89973e-11 	3
561.0 	1.07111e-06 	3.90618e-11 	3
562.0 	1.06982e-06 	3.9113e-11 	3
563.0 	1.06828e-06 	3.91529e-11 	3
564.0 	1.06647e-06 	3.91803e-11 	3
565.0 	1.06439e-06 	3.92104e-11 	3
566.0 	1.06229e-06 	3.92339e-11 	3
567.0 	1.06109e-06 	3.92515e-11 	3
568.0 	1.05973e-06 	3.92676e-11 	3
569.0 	1.05819e-06 	3.92542e-11 	3
570.0 	1.05628e-06 	3.92495e-11 	3
571.0 	1.05408e-06 	3.92459e-11 	3
572.0 	1.05167e-06 	3.924e-11 	3
573.0 	1.04905e-06 	3.92275e-11 	3
574.0 	1.04627e-06 	3.92126e-11 	3
575.0 	1.0433e-06 	3.91817e-11 	3
576.0 	1.04036e-06 	3.91447e-11 	3
577.0 	1.03732e-06 	3.91005e-11 	3
578.0 	1.03404e-06 	3.90294e-11 	3
579.0 	1.0305e-06 	3.89469e-11 	3
580.0 	1.02671e-06 	3.88561e-11 	3
581.0 	1.02487e-06 	3.87659e-11 	3
582.0 	1.02573e-06 	3.86757e-11 	3
583.0 	1.02634e-06 	3.85819e-11 	3
584.0 	1.02671e-06 	3.84995e-11 	3
585.0 	1.02684e-06 	3.84202e-11 	3
586.0 	1.02683e-06 	3.83362e-11 	3
587.0 	1.02659e-06 	3.82442e-11 	3
588.0 	1.02613e-06 	3.81428e-11 	3
589.0 	1.02543e-06 	3.80153e-11 	3
590.0 	1.0245e-06 	3.78718e-11 	3
591.0 	1.02331e-06 	3.77189e-11 	3
592.0 	1.0219e-06 	3.75558e-11 	3
593.0 	1.0205e-06 	3.73795e-11 	3
594.0 	1.01887e-06 	3.72127e-11 	3
595.0 	1.01699e-06 	3.70467e-11 	3
596.0 	1.01485e-06 	3.68781e-11 	3
597.0 	1.01271e-06 	3.6679e-11 	3
598.0 	1.01015e-06 	3.64922e-11 	3
599.0 	1.00729e-06 	3.63027e-11 	3
600.0 	1.00418e-06 	3.61289e-11 	3
601.0 	1.00086e-06 	3.59803e-11 	3
602.0 	9.97347e-07 	3.58367e-11 	3
