# time 	Initial 	Final 	Iterations
1.0 	0.000130677 	1.03599e-05 	4
2.0 	6.42217e-05 	5.57647e-06 	4
3.0 	5.36914e-05 	5.06783e-06 	4
4.0 	4.69271e-05 	4.18908e-06 	4
5.0 	4.08237e-05 	3.28434e-06 	4
6.0 	3.5707e-05 	3.32756e-06 	3
7.0 	3.19438e-05 	2.50581e-06 	4
8.0 	2.90933e-05 	2.694e-06 	4
9.0 	2.66005e-05 	2.49785e-06 	4
10.0 	2.42134e-05 	1.95993e-06 	4
11.0 	2.20176e-05 	1.47619e-06 	4
12.0 	2.01856e-05 	1.8555e-06 	3
13.0 	1.86749e-05 	1.81815e-06 	3
14.0 	1.7437e-05 	1.44078e-06 	4
15.0 	1.63139e-05 	1.3379e-06 	4
16.0 	1.52417e-05 	1.10312e-06 	4
17.0 	1.43452e-05 	1.33573e-06 	3
18.0 	1.35195e-05 	1.16563e-06 	3
19.0 	1.27423e-05 	1.04606e-06 	3
20.0 	1.20113e-05 	9.39814e-07 	3
21.0 	1.13124e-05 	8.49669e-07 	3
22.0 	1.06657e-05 	7.60248e-07 	3
23.0 	1.00836e-05 	6.90512e-07 	3
24.0 	9.55281e-06 	6.37731e-07 	3
25.0 	9.05925e-06 	6.00577e-07 	3
26.0 	8.58712e-06 	5.7924e-07 	3
27.0 	8.1414e-06 	5.55654e-07 	3
28.0 	7.71884e-06 	5.35058e-07 	3
29.0 	7.35447e-06 	5.10866e-07 	3
30.0 	7.03371e-06 	4.9047e-07 	3
31.0 	6.71595e-06 	4.73317e-07 	3
32.0 	6.4086e-06 	4.59691e-07 	3
33.0 	6.12617e-06 	4.46399e-07 	3
34.0 	5.8646e-06 	4.35382e-07 	3
35.0 	5.64334e-06 	4.35976e-07 	3
36.0 	5.43967e-06 	4.40029e-07 	3
37.0 	5.24558e-06 	4.46623e-07 	3
38.0 	5.07691e-06 	4.55235e-07 	3
39.0 	4.91309e-06 	4.63958e-07 	3
40.0 	4.76272e-06 	4.7128e-07 	3
41.0 	4.61789e-06 	3.39865e-07 	4
42.0 	4.48628e-06 	3.38082e-07 	4
43.0 	4.35779e-06 	3.32015e-07 	4
44.0 	4.22605e-06 	3.26357e-07 	4
45.0 	4.09527e-06 	3.21442e-07 	4
46.0 	3.98674e-06 	3.15486e-07 	4
47.0 	3.88018e-06 	3.08124e-07 	4
48.0 	3.78362e-06 	2.99204e-07 	4
49.0 	3.69022e-06 	2.86635e-07 	4
50.0 	3.59956e-06 	2.71234e-07 	4
51.0 	3.50878e-06 	2.57272e-07 	4
52.0 	3.4122e-06 	2.3617e-07 	4
53.0 	3.3173e-06 	3.27496e-07 	3
54.0 	3.22785e-06 	3.17108e-07 	3
55.0 	3.14063e-06 	3.0791e-07 	3
56.0 	3.05393e-06 	2.16933e-07 	4
57.0 	2.97254e-06 	2.22824e-07 	4
58.0 	2.88796e-06 	2.28282e-07 	4
59.0 	2.80446e-06 	2.33963e-07 	4
60.0 	2.72636e-06 	2.38115e-07 	4
61.0 	2.65341e-06 	2.4022e-07 	4
62.0 	2.58469e-06 	2.40328e-07 	4
63.0 	2.51321e-06 	2.38849e-07 	4
64.0 	2.4438e-06 	2.27677e-07 	4
65.0 	2.38169e-06 	2.17183e-07 	4
66.0 	2.32309e-06 	2.10383e-07 	4
67.0 	2.26719e-06 	2.06133e-07 	4
68.0 	2.21498e-06 	2.03637e-07 	4
69.0 	2.166e-06 	2.02306e-07 	4
70.0 	2.11779e-06 	2.01867e-07 	4
71.0 	2.07293e-06 	2.0251e-07 	4
72.0 	2.0323e-06 	1.3352e-07 	5
73.0 	1.99292e-06 	1.34812e-07 	5
74.0 	1.95571e-06 	1.39231e-07 	5
75.0 	1.92154e-06 	1.4378e-07 	5
76.0 	1.88906e-06 	1.47675e-07 	5
77.0 	1.85838e-06 	1.50926e-07 	5
78.0 	1.82875e-06 	1.54546e-07 	5
79.0 	1.80264e-06 	1.59263e-07 	5
80.0 	1.78197e-06 	1.64293e-07 	5
81.0 	1.76127e-06 	1.68718e-07 	5
82.0 	1.74171e-06 	1.72537e-07 	5
83.0 	1.72387e-06 	1.50137e-07 	6
84.0 	1.70833e-06 	1.43525e-07 	6
85.0 	1.69512e-06 	1.66195e-07 	5
86.0 	1.68307e-06 	1.4108e-07 	6
87.0 	1.67223e-06 	1.66009e-07 	5
88.0 	1.66406e-06 	1.40262e-07 	6
89.0 	1.6552e-06 	1.34379e-07 	6
90.0 	1.64774e-06 	1.62079e-07 	5
91.0 	1.64324e-06 	1.34495e-07 	6
92.0 	1.6407e-06 	1.63836e-07 	5
93.0 	1.64107e-06 	1.35708e-07 	6
94.0 	1.64384e-06 	1.31301e-07 	6
95.0 	1.65002e-06 	1.64307e-07 	5
96.0 	1.65876e-06 	1.34697e-07 	6
97.0 	1.67085e-06 	1.33033e-07 	6
98.0 	1.68601e-06 	1.32502e-07 	6
99.0 	1.70504e-06 	1.35568e-07 	6
100.0 	1.72556e-06 	1.38449e-07 	6
101.0 	1.74888e-06 	1.42145e-07 	6
102.0 	1.77502e-06 	1.49715e-07 	6
103.0 	1.80286e-06 	1.51392e-07 	6
104.0 	1.83204e-06 	1.58927e-07 	6
105.0 	1.86253e-06 	1.60768e-07 	6
106.0 	1.8917e-06 	1.67369e-07 	6
107.0 	1.92272e-06 	1.70083e-07 	6
108.0 	1.95374e-06 	1.76427e-07 	6
109.0 	1.9865e-06 	1.80563e-07 	6
110.0 	2.01674e-06 	1.82486e-07 	6
111.0 	2.04799e-06 	1.86993e-07 	6
112.0 	2.07916e-06 	1.89539e-07 	6
113.0 	2.11035e-06 	1.9459e-07 	6
114.0 	2.14281e-06 	1.97644e-07 	6
115.0 	2.17546e-06 	2.01669e-07 	6
116.0 	2.20609e-06 	2.05784e-07 	6
117.0 	2.23934e-06 	2.10214e-07 	6
118.0 	2.27205e-06 	2.22332e-07 	6
119.0 	2.30452e-06 	2.24658e-07 	6
120.0 	2.33901e-06 	2.29987e-07 	6
121.0 	2.37134e-06 	2.32675e-07 	6
122.0 	2.40698e-06 	2.37606e-07 	6
123.0 	2.43988e-06 	2.41756e-07 	6
124.0 	2.47433e-06 	2.11366e-07 	7
125.0 	2.50577e-06 	2.2578e-07 	7
126.0 	2.54032e-06 	2.30662e-07 	7
127.0 	2.57354e-06 	2.33714e-07 	7
128.0 	2.60686e-06 	2.33694e-07 	7
129.0 	2.63968e-06 	2.41776e-07 	7
130.0 	2.67087e-06 	2.45592e-07 	7
131.0 	2.70132e-06 	2.58503e-07 	11
132.0 	2.73063e-06 	2.42277e-07 	12
133.0 	2.76018e-06 	2.51739e-07 	12
134.0 	2.78812e-06 	2.58355e-07 	12
135.0 	2.81521e-06 	2.629e-07 	12
136.0 	2.84381e-06 	2.66162e-07 	12
137.0 	2.87195e-06 	2.65856e-07 	12
138.0 	2.89631e-06 	2.66081e-07 	12
139.0 	2.92305e-06 	2.67308e-07 	12
140.0 	2.94458e-06 	2.68245e-07 	12
141.0 	2.96737e-06 	2.69089e-07 	12
142.0 	2.98771e-06 	2.70717e-07 	12
143.0 	3.009e-06 	2.71559e-07 	12
144.0 	3.02715e-06 	2.72331e-07 	12
145.0 	3.04561e-06 	2.72874e-07 	12
146.0 	3.06369e-06 	2.73352e-07 	12
147.0 	3.08007e-06 	2.69715e-07 	12
148.0 	3.09846e-06 	2.70439e-07 	12
149.0 	3.11945e-06 	3.08379e-07 	11
150.0 	3.139e-06 	3.10851e-07 	11
151.0 	3.15894e-06 	3.13019e-07 	11
152.0 	3.178e-06 	3.14218e-07 	11
153.0 	3.19557e-06 	3.14605e-07 	11
154.0 	3.2066e-06 	3.14451e-07 	11
155.0 	3.21966e-06 	3.13895e-07 	11
156.0 	3.2284e-06 	3.12982e-07 	11
157.0 	3.2432e-06 	3.1175e-07 	11
158.0 	3.25168e-06 	3.10211e-07 	11
159.0 	3.26984e-06 	2.92881e-07 	11
160.0 	3.273e-06 	2.97388e-07 	11
161.0 	3.28135e-06 	3.18837e-07 	9
162.0 	3.28126e-06 	3.18833e-07 	9
163.0 	3.27511e-06 	3.17717e-07 	9
164.0 	3.27659e-06 	3.14987e-07 	9
165.0 	3.26576e-06 	3.11377e-07 	9
166.0 	3.27275e-06 	3.07203e-07 	9
167.0 	3.28694e-06 	3.01518e-07 	8
168.0 	3.30173e-06 	2.99362e-07 	7
169.0 	3.31903e-06 	2.75922e-07 	7
170.0 	3.32895e-06 	3.2957e-07 	6
171.0 	3.32688e-06 	2.71425e-07 	7
172.0 	3.32671e-06 	3.25564e-07 	6
173.0 	3.31178e-06 	2.65171e-07 	7
174.0 	3.29139e-06 	3.18956e-07 	6
175.0 	3.27219e-06 	3.25332e-07 	6
176.0 	3.24184e-06 	2.6416e-07 	7
177.0 	3.21089e-06 	2.65367e-07 	7
178.0 	3.19049e-06 	2.66175e-07 	7
179.0 	3.17374e-06 	2.66047e-07 	7
180.0 	3.1744e-06 	2.65275e-07 	7
181.0 	3.19116e-06 	2.64043e-07 	7
182.0 	3.20741e-06 	2.62741e-07 	7
183.0 	3.21858e-06 	3.21001e-07 	6
184.0 	3.23789e-06 	3.20154e-07 	6
185.0 	3.24922e-06 	3.18619e-07 	6
186.0 	3.25915e-06 	3.16107e-07 	6
187.0 	3.25743e-06 	3.12921e-07 	6
188.0 	3.25511e-06 	2.8822e-07 	6
189.0 	3.24011e-06 	2.66863e-07 	6
190.0 	3.21385e-06 	2.4807e-07 	6
191.0 	3.18265e-06 	2.50648e-07 	6
192.0 	3.15195e-06 	2.52567e-07 	6
193.0 	3.11647e-06 	2.53426e-07 	6
194.0 	3.08516e-06 	2.53863e-07 	6
195.0 	3.05873e-06 	2.54241e-07 	6
196.0 	3.04403e-06 	2.54708e-07 	6
197.0 	3.05709e-06 	2.55141e-07 	6
198.0 	3.08449e-06 	2.55496e-07 	6
199.0 	3.11168e-06 	2.39645e-07 	6
200.0 	3.14164e-06 	3.13999e-07 	5
201.0 	3.17639e-06 	2.50415e-07 	6
202.0 	3.20812e-06 	3.05637e-07 	5
203.0 	3.23214e-06 	3.09412e-07 	5
204.0 	3.25201e-06 	3.1331e-07 	5
205.0 	3.267e-06 	3.00835e-07 	5
206.0 	3.28606e-06 	2.90852e-07 	5
207.0 	3.29631e-06 	2.83881e-07 	5
208.0 	3.30122e-06 	2.89378e-07 	5
209.0 	3.29622e-06 	2.82638e-07 	5
210.0 	3.28354e-06 	2.86958e-07 	5
211.0 	3.27237e-06 	2.79884e-07 	5
212.0 	3.25209e-06 	2.85627e-07 	5
213.0 	3.22543e-06 	2.79967e-07 	5
214.0 	3.19409e-06 	2.86901e-07 	5
215.0 	3.16313e-06 	2.8092e-07 	5
216.0 	3.13515e-06 	2.87214e-07 	5
217.0 	3.10551e-06 	2.97406e-07 	5
218.0 	3.07589e-06 	3.05644e-07 	5
219.0 	3.04691e-06 	2.479e-07 	6
220.0 	3.04338e-06 	2.51977e-07 	6
221.0 	3.0489e-06 	3.01023e-07 	5
222.0 	3.06599e-06 	3.06355e-07 	5
223.0 	3.07844e-06 	2.46765e-07 	6
224.0 	3.0847e-06 	2.97514e-07 	5
225.0 	3.09082e-06 	3.01582e-07 	5
226.0 	3.09492e-06 	3.05061e-07 	5
227.0 	3.09647e-06 	2.91267e-07 	5
228.0 	3.10584e-06 	2.93572e-07 	5
229.0 	3.10808e-06 	2.79828e-07 	5
230.0 	3.1031e-06 	2.81091e-07 	5
231.0 	3.10222e-06 	2.67407e-07 	5
232.0 	3.09301e-06 	2.67799e-07 	5
233.0 	3.08084e-06 	2.55707e-07 	5
234.0 	3.069e-06 	2.55181e-07 	5
235.0 	3.05757e-06 	2.43256e-07 	5
236.0 	3.04325e-06 	2.41684e-07 	5
237.0 	3.02488e-06 	2.39969e-07 	5
238.0 	3.00051e-06 	2.37709e-07 	5
239.0 	2.98091e-06 	2.33451e-07 	5
240.0 	2.95328e-06 	2.28535e-07 	5
241.0 	2.91785e-06 	2.23375e-07 	5
242.0 	2.8935e-06 	2.18409e-07 	5
243.0 	2.85896e-06 	2.1417e-07 	5
244.0 	2.81792e-06 	2.0916e-07 	5
245.0 	2.78216e-06 	2.03443e-07 	5
246.0 	2.73704e-06 	1.97349e-07 	5
247.0 	2.69536e-06 	1.90743e-07 	5
248.0 	2.65688e-06 	1.78601e-07 	5
249.0 	2.61255e-06 	1.69744e-07 	5
250.0 	2.57593e-06 	1.63368e-07 	5
251.0 	2.53792e-06 	1.59529e-07 	5
252.0 	2.5014e-06 	2.48216e-07 	4
253.0 	2.47625e-06 	2.44464e-07 	4
254.0 	2.45381e-06 	2.38852e-07 	4
255.0 	2.43113e-06 	2.35916e-07 	4
256.0 	2.42185e-06 	2.36357e-07 	4
257.0 	2.40803e-06 	2.33482e-07 	4
258.0 	2.39162e-06 	2.34945e-07 	4
259.0 	2.3834e-06 	2.31421e-07 	4
260.0 	2.37102e-06 	2.3173e-07 	4
261.0 	2.35396e-06 	2.29202e-07 	4
262.0 	2.34186e-06 	2.28774e-07 	4
263.0 	2.32441e-06 	2.2834e-07 	4
264.0 	2.30381e-06 	2.29381e-07 	4
265.0 	2.28998e-06 	2.25997e-07 	4
266.0 	2.27322e-06 	2.27242e-07 	4
267.0 	2.25379e-06 	1.35188e-07 	5
268.0 	2.24073e-06 	1.35352e-07 	5
269.0 	2.22854e-06 	1.33339e-07 	5
270.0 	2.21702e-06 	1.32884e-07 	5
271.0 	2.20826e-06 	1.33847e-07 	5
272.0 	2.19886e-06 	1.35424e-07 	5
273.0 	2.18712e-06 	1.36844e-07 	5
274.0 	2.17506e-06 	1.37699e-07 	5
275.0 	2.16041e-06 	1.38638e-07 	5
276.0 	2.14223e-06 	1.39356e-07 	5
277.0 	2.1251e-06 	1.39676e-07 	5
278.0 	2.10636e-06 	1.35325e-07 	5
279.0 	2.08205e-06 	1.3186e-07 	5
280.0 	2.06124e-06 	1.2971e-07 	5
281.0 	2.04144e-06 	1.31757e-07 	5
282.0 	2.01704e-06 	1.30845e-07 	5
283.0 	1.99627e-06 	1.34457e-07 	5
284.0 	1.9819e-06 	1.34838e-07 	5
285.0 	1.96704e-06 	1.35379e-07 	5
286.0 	1.95325e-06 	1.3756e-07 	5
287.0 	1.94352e-06 	1.38711e-07 	5
288.0 	1.93233e-06 	1.38207e-07 	5
289.0 	1.91821e-06 	1.38721e-07 	5
290.0 	1.90492e-06 	1.38553e-07 	5
291.0 	1.90014e-06 	1.3953e-07 	5
292.0 	1.89771e-06 	1.42698e-07 	5
293.0 	1.89604e-06 	1.40528e-07 	5
294.0 	1.89127e-06 	1.43225e-07 	5
295.0 	1.8947e-06 	1.3942e-07 	5
296.0 	1.89766e-06 	1.36724e-07 	5
297.0 	1.89927e-06 	1.3736e-07 	5
298.0 	1.90711e-06 	1.34963e-07 	5
299.0 	1.91144e-06 	1.35545e-07 	5
300.0 	1.91502e-06 	1.32979e-07 	5
301.0 	1.91761e-06 	1.32527e-07 	5
302.0 	1.92205e-06 	1.31588e-07 	5
303.0 	1.92315e-06 	1.33548e-07 	5
304.0 	1.92058e-06 	1.29217e-07 	5
305.0 	1.91316e-06 	1.26962e-07 	5
306.0 	1.91087e-06 	1.26536e-07 	5
307.0 	1.90179e-06 	1.25843e-07 	5
308.0 	1.88706e-06 	1.24324e-07 	5
309.0 	1.86839e-06 	1.22659e-07 	5
310.0 	1.85166e-06 	1.21117e-07 	5
311.0 	1.82927e-06 	1.19943e-07 	5
312.0 	1.80315e-06 	1.19061e-07 	5
313.0 	1.7763e-06 	1.18235e-07 	5
314.0 	1.7508e-06 	1.16771e-07 	5
315.0 	1.7237e-06 	1.1628e-07 	5
316.0 	1.6966e-06 	1.15808e-07 	5
317.0 	1.67018e-06 	1.1528e-07 	5
318.0 	1.64483e-06 	1.14444e-07 	5
319.0 	1.61773e-06 	1.09632e-07 	5
320.0 	1.59119e-06 	1.06961e-07 	5
321.0 	1.56511e-06 	1.05842e-07 	5
322.0 	1.53842e-06 	1.07008e-07 	5
323.0 	1.51273e-06 	1.08757e-07 	5
324.0 	1.48909e-06 	1.1081e-07 	5
325.0 	1.47111e-06 	1.12974e-07 	5
326.0 	1.46147e-06 	1.15036e-07 	5
327.0 	1.45689e-06 	1.16954e-07 	5
328.0 	1.45792e-06 	1.1529e-07 	5
329.0 	1.46037e-06 	1.1737e-07 	5
330.0 	1.46281e-06 	1.16226e-07 	5
331.0 	1.46814e-06 	1.15238e-07 	5
332.0 	1.47494e-06 	1.14641e-07 	5
333.0 	1.48097e-06 	1.14882e-07 	5
334.0 	1.48826e-06 	1.14036e-07 	5
335.0 	1.49535e-06 	1.13822e-07 	5
336.0 	1.503e-06 	1.14933e-07 	5
337.0 	1.51228e-06 	1.15962e-07 	5
338.0 	1.52235e-06 	1.16929e-07 	5
339.0 	1.53429e-06 	1.16333e-07 	5
340.0 	1.54739e-06 	1.15687e-07 	5
341.0 	1.55853e-06 	1.17025e-07 	5
342.0 	1.5698e-06 	1.16655e-07 	5
343.0 	1.58395e-06 	1.16629e-07 	5
344.0 	1.59733e-06 	1.17166e-07 	5
345.0 	1.6088e-06 	1.18936e-07 	5
346.0 	1.61873e-06 	1.21692e-07 	5
347.0 	1.62778e-06 	1.20056e-07 	5
348.0 	1.6357e-06 	1.19981e-07 	5
349.0 	1.64125e-06 	1.22155e-07 	5
350.0 	1.64747e-06 	1.21188e-07 	5
351.0 	1.65139e-06 	1.21761e-07 	5
352.0 	1.65244e-06 	1.22399e-07 	5
353.0 	1.64978e-06 	1.24853e-07 	5
354.0 	1.64331e-06 	1.2754e-07 	5
355.0 	1.63451e-06 	1.29741e-07 	5
356.0 	1.6248e-06 	1.31466e-07 	5
357.0 	1.61392e-06 	1.33462e-07 	5
358.0 	1.60027e-06 	1.33909e-07 	5
359.0 	1.58391e-06 	1.33673e-07 	5
360.0 	1.56607e-06 	1.32862e-07 	5
361.0 	1.54613e-06 	1.31587e-07 	5
362.0 	1.52578e-06 	1.30047e-07 	5
363.0 	1.5042e-06 	1.28285e-07 	5
364.0 	1.48009e-06 	1.26174e-07 	5
365.0 	1.45469e-06 	1.23862e-07 	5
366.0 	1.42844e-06 	1.21292e-07 	5
367.0 	1.4011e-06 	1.18436e-07 	5
368.0 	1.37362e-06 	1.15361e-07 	5
369.0 	1.34656e-06 	1.12216e-07 	5
370.0 	1.31828e-06 	1.08834e-07 	5
371.0 	1.28976e-06 	1.05668e-07 	5
372.0 	1.26062e-06 	1.02507e-07 	5
373.0 	1.23327e-06 	9.5951e-08 	5
374.0 	1.20879e-06 	8.9962e-08 	5
375.0 	1.18906e-06 	8.49365e-08 	5
376.0 	1.17257e-06 	8.06926e-08 	5
377.0 	1.15843e-06 	7.72534e-08 	5
378.0 	1.14628e-06 	7.47708e-08 	5
379.0 	1.13449e-06 	7.39406e-08 	5
380.0 	1.12352e-06 	7.1432e-08 	5
381.0 	1.11238e-06 	7.13397e-08 	5
382.0 	1.10209e-06 	6.90748e-08 	5
383.0 	1.09262e-06 	6.84106e-08 	5
384.0 	1.0844e-06 	6.84927e-08 	5
385.0 	1.07744e-06 	6.77886e-08 	5
386.0 	1.07133e-06 	6.72759e-08 	5
387.0 	1.06526e-06 	6.60739e-08 	5
388.0 	1.06108e-06 	6.59596e-08 	5
389.0 	1.05667e-06 	6.59385e-08 	5
390.0 	1.0521e-06 	6.52383e-08 	5
391.0 	1.04836e-06 	6.5643e-08 	5
392.0 	1.04476e-06 	6.6196e-08 	5
393.0 	1.04133e-06 	6.46657e-08 	5
394.0 	1.03853e-06 	6.50533e-08 	5
395.0 	1.03578e-06 	6.57062e-08 	5
396.0 	1.03398e-06 	6.43971e-08 	5
397.0 	1.03185e-06 	6.54848e-08 	5
398.0 	1.03019e-06 	6.64604e-08 	5
399.0 	1.0289e-06 	6.72487e-08 	5
400.0 	1.02695e-06 	6.78336e-08 	5
401.0 	1.02484e-06 	6.82766e-08 	5
402.0 	1.02363e-06 	6.86797e-08 	5
403.0 	1.02273e-06 	6.91084e-08 	5
404.0 	1.02157e-06 	6.97748e-08 	5
405.0 	1.02088e-06 	7.04081e-08 	5
406.0 	1.01937e-06 	7.09301e-08 	5
407.0 	1.01734e-06 	7.14318e-08 	5
408.0 	1.01459e-06 	7.19899e-08 	5
409.0 	1.01138e-06 	7.27247e-08 	5
410.0 	1.00801e-06 	7.36028e-08 	5
411.0 	1.00431e-06 	7.45462e-08 	5
412.0 	1.00034e-06 	7.53965e-08 	5
413.0 	9.9587e-07 	7.60722e-08 	5
414.0 	9.92264e-07 	7.64117e-08 	5
415.0 	9.88437e-07 	7.69071e-08 	5
416.0 	9.84335e-07 	7.74722e-08 	5
417.0 	9.7904e-07 	7.46785e-08 	5
418.0 	9.72352e-07 	7.22896e-08 	5
419.0 	9.66028e-07 	7.04373e-08 	5
420.0 	9.59273e-07 	7.16789e-08 	5
421.0 	9.51639e-07 	6.98722e-08 	5
422.0 	9.43901e-07 	7.07087e-08 	5
423.0 	9.3645e-07 	7.15873e-08 	5
424.0 	9.29603e-07 	6.94721e-08 	5
425.0 	9.24347e-07 	6.79186e-08 	5
426.0 	9.18784e-07 	6.72452e-08 	5
427.0 	9.14659e-07 	6.71512e-08 	5
428.0 	9.11064e-07 	6.70387e-08 	5
429.0 	9.06979e-07 	6.69902e-08 	5
430.0 	9.02144e-07 	6.61842e-08 	5
431.0 	8.97804e-07 	6.57431e-08 	5
432.0 	8.93654e-07 	6.50005e-08 	5
433.0 	8.88796e-07 	6.47311e-08 	5
434.0 	8.82762e-07 	6.3958e-08 	5
435.0 	8.78827e-07 	6.34284e-08 	5
436.0 	8.75268e-07 	6.30231e-08 	5
437.0 	8.71356e-07 	6.26751e-08 	5
438.0 	8.6715e-07 	6.23924e-08 	5
439.0 	8.62445e-07 	6.22355e-08 	5
440.0 	8.57671e-07 	6.21506e-08 	5
441.0 	8.5234e-07 	6.20816e-08 	5
442.0 	8.45475e-07 	6.23193e-08 	5
443.0 	8.39328e-07 	6.25678e-08 	5
444.0 	8.33451e-07 	6.27773e-08 	5
445.0 	8.27684e-07 	6.3225e-08 	5
446.0 	8.22565e-07 	6.37278e-08 	5
447.0 	8.18294e-07 	6.43939e-08 	5
448.0 	8.14413e-07 	6.39659e-08 	5
449.0 	8.11172e-07 	6.45623e-08 	5
450.0 	8.08262e-07 	6.53254e-08 	5
451.0 	8.03726e-07 	6.63181e-08 	5
452.0 	7.99956e-07 	6.71577e-08 	5
453.0 	7.96509e-07 	6.78119e-08 	5
454.0 	7.93135e-07 	6.83083e-08 	5
455.0 	7.89668e-07 	6.86812e-08 	5
456.0 	7.86204e-07 	6.76581e-08 	5
457.0 	7.83984e-07 	6.79686e-08 	5
458.0 	7.81811e-07 	6.71564e-08 	5
459.0 	7.79917e-07 	6.65811e-08 	5
460.0 	7.78155e-07 	6.71138e-08 	5
461.0 	7.746e-07 	6.7166e-08 	5
462.0 	7.7187e-07 	6.75615e-08 	5
463.0 	7.69493e-07 	6.81699e-08 	5
464.0 	7.668e-07 	6.8608e-08 	5
465.0 	7.63744e-07 	6.8563e-08 	5
466.0 	7.61036e-07 	6.8819e-08 	5
467.0 	7.58686e-07 	6.90508e-08 	5
468.0 	7.563e-07 	6.88902e-08 	5
469.0 	7.54445e-07 	6.92588e-08 	5
470.0 	7.52377e-07 	6.96113e-08 	5
471.0 	7.50005e-07 	6.93752e-08 	5
472.0 	7.46432e-07 	7.00655e-08 	5
473.0 	7.44397e-07 	7.08409e-08 	5
474.0 	7.4301e-07 	7.07758e-08 	5
475.0 	7.41884e-07 	7.12538e-08 	5
476.0 	7.40521e-07 	7.14511e-08 	5
477.0 	7.40146e-07 	7.13235e-08 	5
478.0 	7.40103e-07 	7.15409e-08 	5
479.0 	7.40278e-07 	7.14826e-08 	5
480.0 	7.40242e-07 	7.1701e-08 	5
481.0 	7.39784e-07 	7.1626e-08 	5
482.0 	7.39035e-07 	7.18303e-08 	5
483.0 	7.38163e-07 	7.27164e-08 	5
484.0 	7.37112e-07 	4.36028e-08 	6
485.0 	7.33836e-07 	7.29727e-08 	5
486.0 	7.32936e-07 	4.36895e-08 	6
487.0 	7.3175e-07 	7.3142e-08 	5
488.0 	7.29861e-07 	4.34775e-08 	6
489.0 	7.27304e-07 	4.23306e-08 	6
490.0 	7.24824e-07 	7.21243e-08 	5
491.0 	7.23293e-07 	7.21672e-08 	5
492.0 	7.21953e-07 	4.2448e-08 	6
493.0 	7.2018e-07 	7.1813e-08 	5
494.0 	7.18444e-07 	4.19344e-08 	6
495.0 	7.16359e-07 	7.15426e-08 	5
496.0 	7.14456e-07 	4.17742e-08 	6
497.0 	7.12204e-07 	4.13823e-08 	6
498.0 	7.09864e-07 	4.10561e-08 	6
499.0 	7.07808e-07 	4.14534e-08 	6
500.0 	7.04993e-07 	4.20734e-08 	6
501.0 	7.05236e-07 	4.25159e-08 	6
502.0 	7.04928e-07 	4.27336e-08 	6
503.0 	7.03284e-07 	4.2797e-08 	6
504.0 	7.00791e-07 	4.27858e-08 	6
505.0 	6.98103e-07 	4.2756e-08 	6
506.0 	6.96322e-07 	4.27317e-08 	6
507.0 	6.9482e-07 	4.27253e-08 	6
508.0 	6.93422e-07 	4.2757e-08 	6
509.0 	6.91907e-07 	4.28229e-08 	6
510.0 	6.9029e-07 	4.29383e-08 	6
511.0 	6.88758e-07 	4.30832e-08 	6
512.0 	6.87151e-07 	4.32502e-08 	6
513.0 	6.85487e-07 	4.34231e-08 	6
514.0 	6.83742e-07 	4.35886e-08 	6
515.0 	6.82176e-07 	4.37332e-08 	6
516.0 	6.80343e-07 	4.38673e-08 	6
517.0 	6.80801e-07 	4.3814e-08 	6
518.0 	6.80439e-07 	4.37277e-08 	6
519.0 	6.78759e-07 	4.35863e-08 	6
520.0 	6.76513e-07 	4.35378e-08 	6
521.0 	6.74309e-07 	4.345e-08 	6
522.0 	6.73101e-07 	4.34818e-08 	6
523.0 	6.72818e-07 	4.34958e-08 	6
524.0 	6.73267e-07 	4.35045e-08 	6
525.0 	6.73911e-07 	4.34775e-08 	6
526.0 	6.74443e-07 	4.33924e-08 	6
527.0 	6.74781e-07 	4.32291e-08 	6
528.0 	6.74994e-07 	4.29855e-08 	6
529.0 	6.75105e-07 	4.26737e-08 	6
530.0 	6.75123e-07 	6.72991e-08 	5
531.0 	6.7503e-07 	6.71228e-08 	5
532.0 	6.74042e-07 	6.68129e-08 	5
533.0 	6.74843e-07 	6.66226e-08 	5
534.0 	6.74939e-07 	6.63568e-08 	5
535.0 	6.73999e-07 	6.59936e-08 	5
536.0 	6.72308e-07 	6.56191e-08 	5
537.0 	6.70747e-07 	6.52141e-08 	5
538.0 	6.69979e-07 	6.46953e-08 	5
539.0 	6.70037e-07 	6.41142e-08 	5
540.0 	6.70168e-07 	6.34576e-08 	5
541.0 	6.70082e-07 	6.27772e-08 	5
542.0 	6.69784e-07 	6.21326e-08 	5
543.0 	6.69217e-07 	6.1546e-08 	5
544.0 	6.68534e-07 	6.10403e-08 	5
545.0 	6.67619e-07 	6.05943e-08 	5
546.0 	6.66369e-07 	6.01898e-08 	5
547.0 	6.64836e-07 	5.98118e-08 	5
548.0 	6.63047e-07 	5.94456e-08 	5
549.0 	6.59984e-07 	5.89201e-08 	5
550.0 	6.58765e-07 	5.85148e-08 	5
551.0 	6.56928e-07 	5.81858e-08 	5
552.0 	6.53959e-07 	5.7924e-08 	5
553.0 	6.50463e-07 	5.77328e-08 	5
554.0 	6.47506e-07 	5.75465e-08 	5
555.0 	6.45328e-07 	5.72795e-08 	5
556.0 	6.4401e-07 	5.69603e-08 	5
557.0 	6.42835e-07 	5.65316e-08 	5
558.0 	6.42098e-07 	5.60718e-08 	5
559.0 	6.41316e-07 	5.56293e-08 	5
560.0 	6.40331e-07 	5.5219e-08 	5
561.0 	6.39235e-07 	5.40485e-08 	5
562.0 	6.38099e-07 	5.30707e-08 	5
563.0 	6.36828e-07 	5.23282e-08 	5
564.0 	6.35522e-07 	5.17917e-08 	5
565.0 	6.34085e-07 	5.14371e-08 	5
566.0 	6.32666e-07 	5.13637e-08 	5
567.0 	6.31169e-07 	5.13405e-08 	5
568.0 	6.29483e-07 	5.09001e-08 	5
569.0 	6.26918e-07 	5.04809e-08 	5
570.0 	6.26611e-07 	5.04638e-08 	5
571.0 	6.25852e-07 	5.07146e-08 	5
572.0 	6.23889e-07 	5.11696e-08 	5
573.0 	6.21267e-07 	5.17404e-08 	5
574.0 	6.18521e-07 	5.16625e-08 	5
575.0 	6.16727e-07 	5.22059e-08 	5
576.0 	6.15504e-07 	5.18688e-08 	5
577.0 	6.14338e-07 	5.14897e-08 	5
578.0 	6.13114e-07 	5.16191e-08 	5
579.0 	6.11789e-07 	5.18299e-08 	5
580.0 	6.10472e-07 	5.21112e-08 	5
581.0 	6.09007e-07 	5.24421e-08 	5
582.0 	6.07471e-07 	5.27726e-08 	5
583.0 	6.05965e-07 	5.3093e-08 	5
584.0 	6.04282e-07 	5.33969e-08 	5
585.0 	6.02473e-07 	5.36803e-08 	5
586.0 	6.00726e-07 	5.39387e-08 	5
587.0 	5.98839e-07 	5.41758e-08 	5
588.0 	5.97025e-07 	5.43883e-08 	5
589.0 	5.95326e-07 	5.45787e-08 	5
590.0 	5.93729e-07 	5.47496e-08 	5
591.0 	5.9224e-07 	5.49124e-08 	5
592.0 	5.90793e-07 	5.50716e-08 	5
593.0 	5.89449e-07 	5.52301e-08 	5
594.0 	5.88237e-07 	5.53885e-08 	5
595.0 	5.87026e-07 	5.55496e-08 	5
596.0 	5.85786e-07 	5.57123e-08 	5
597.0 	5.84666e-07 	5.53851e-08 	5
598.0 	5.86834e-07 	5.56808e-08 	5
599.0 	5.87027e-07 	5.59608e-08 	5
600.0 	5.85334e-07 	5.61326e-08 	5
601.0 	5.82697e-07 	5.63611e-08 	5
602.0 	5.79975e-07 	5.67945e-08 	5
