# time 	Initial 	Final 	Iterations
1.0 	1.07788e-05 	1.05875e-06 	10
2.0 	5.84743e-06 	5.44306e-07 	9
3.0 	5.29834e-06 	4.29769e-07 	10
4.0 	4.39903e-06 	3.97731e-07 	10
5.0 	3.46635e-06 	3.07163e-07 	12
6.0 	3.46411e-06 	3.43089e-07 	13
7.0 	2.64545e-06 	2.50083e-07 	17
8.0 	2.81518e-06 	2.71443e-07 	15
9.0 	2.60736e-06 	2.451e-07 	14
10.0 	2.05875e-06 	1.90612e-07 	14
11.0 	1.56383e-06 	1.5464e-07 	13
12.0 	1.92674e-06 	1.8845e-07 	12
13.0 	1.88268e-06 	1.8661e-07 	13
14.0 	1.50853e-06 	1.43339e-07 	16
15.0 	1.40298e-06 	1.3475e-07 	16
16.0 	1.16614e-06 	1.11326e-07 	16
17.0 	1.38956e-06 	1.27189e-07 	14
18.0 	1.21867e-06 	1.18027e-07 	15
19.0 	1.09753e-06 	1.04563e-07 	16
20.0 	9.90022e-07 	9.29177e-08 	16
21.0 	8.97275e-07 	8.22475e-08 	16
22.0 	8.04391e-07 	7.75193e-08 	16
23.0 	7.31955e-07 	6.62535e-08 	17
24.0 	6.77406e-07 	6.58532e-08 	17
25.0 	6.39169e-07 	6.07731e-08 	18
26.0 	6.1637e-07 	5.96969e-08 	18
27.0 	5.91327e-07 	5.836e-08 	18
28.0 	5.70114e-07 	5.6297e-08 	18
29.0 	5.45355e-07 	5.30422e-08 	18
30.0 	5.23983e-07 	4.94968e-08 	18
31.0 	5.05723e-07 	4.51184e-08 	18
32.0 	4.90715e-07 	4.73471e-08 	16
33.0 	4.76064e-07 	4.53304e-08 	16
34.0 	4.63932e-07 	4.57491e-08 	10
35.0 	4.63846e-07 	3.5901e-08 	8
36.0 	4.67488e-07 	4.25782e-08 	8
37.0 	4.7368e-07 	4.03991e-08 	8
38.0 	4.81791e-07 	4.58666e-08 	8
39.0 	4.9032e-07 	4.6016e-08 	8
40.0 	4.97471e-07 	4.95278e-08 	8
41.0 	3.77117e-07 	3.36212e-08 	11
42.0 	3.75786e-07 	3.386e-08 	15
43.0 	3.70213e-07 	3.07381e-08 	17
44.0 	3.64888e-07 	3.07211e-08 	15
45.0 	3.60363e-07 	3.47261e-08 	15
46.0 	3.54705e-07 	3.2833e-08 	15
47.0 	3.47522e-07 	3.14912e-08 	15
48.0 	3.38742e-07 	3.14382e-08 	15
49.0 	3.26489e-07 	3.02949e-08 	15
50.0 	3.11088e-07 	2.87093e-08 	15
51.0 	2.96787e-07 	2.95332e-08 	15
52.0 	2.75928e-07 	2.73108e-08 	15
53.0 	3.59296e-07 	3.56449e-08 	15
54.0 	3.49e-07 	2.99491e-08 	17
55.0 	3.39929e-07 	3.05505e-08 	17
56.0 	2.55537e-07 	2.54807e-08 	18
57.0 	2.60568e-07 	2.568e-08 	18
58.0 	2.65003e-07 	2.59231e-08 	18
59.0 	2.69315e-07 	2.62035e-08 	18
60.0 	2.72401e-07 	2.65144e-08 	18
61.0 	2.73592e-07 	2.68392e-08 	18
62.0 	2.72918e-07 	2.71846e-08 	18
63.0 	2.70807e-07 	2.34548e-08 	19
64.0 	2.59246e-07 	2.3379e-08 	19
65.0 	2.48481e-07 	2.32371e-08 	19
66.0 	2.41462e-07 	2.30753e-08 	19
67.0 	2.36995e-07 	2.28625e-08 	19
68.0 	2.34322e-07 	2.25778e-08 	19
69.0 	2.32865e-07 	2.22009e-08 	19
70.0 	2.32328e-07 	2.16324e-08 	19
71.0 	2.32867e-07 	2.07325e-08 	19
72.0 	1.68614e-07 	1.65168e-08 	17
73.0 	1.69796e-07 	1.4381e-08 	21
74.0 	1.74099e-07 	1.57346e-08 	21
75.0 	1.78578e-07 	1.65593e-08 	21
76.0 	1.82427e-07 	1.72109e-08 	21
77.0 	1.85681e-07 	1.77477e-08 	21
78.0 	1.89322e-07 	1.8246e-08 	21
79.0 	1.9394e-07 	1.86898e-08 	21
80.0 	1.98896e-07 	1.90869e-08 	21
81.0 	2.03308e-07 	1.94421e-08 	21
82.0 	2.07178e-07 	1.97633e-08 	21
83.0 	1.87065e-07 	1.71389e-08 	21
84.0 	1.80582e-07 	1.6998e-08 	21
85.0 	2.01333e-07 	1.94327e-08 	21
86.0 	1.7863e-07 	1.71778e-08 	21
87.0 	2.01718e-07 	1.95638e-08 	21
88.0 	1.78681e-07 	1.74152e-08 	21
89.0 	1.73371e-07 	1.71491e-08 	21
90.0 	1.99223e-07 	1.92211e-08 	21
91.0 	1.74831e-07 	1.73429e-08 	21
92.0 	2.02342e-07 	1.94268e-08 	21
93.0 	1.77657e-07 	1.7604e-08 	21
94.0 	1.74263e-07 	1.71006e-08 	21
95.0 	2.05555e-07 	1.91061e-08 	21
96.0 	1.79975e-07 	1.73325e-08 	21
97.0 	1.79713e-07 	1.72295e-08 	21
98.0 	1.80661e-07 	1.68448e-08 	21
99.0 	1.85297e-07 	1.82563e-08 	21
100.0 	1.89726e-07 	1.74074e-08 	21
101.0 	1.95118e-07 	1.87149e-08 	22
102.0 	2.04367e-07 	1.78336e-08 	21
103.0 	2.07768e-07 	1.87345e-08 	22
104.0 	2.17275e-07 	1.95756e-08 	21
105.0 	2.21139e-07 	2.01097e-08 	22
106.0 	2.29739e-07 	2.04741e-08 	21
107.0 	2.3446e-07 	2.1581e-08 	22
108.0 	2.42746e-07 	2.39625e-08 	21
109.0 	2.48868e-07 	2.37813e-08 	21
110.0 	2.5277e-07 	2.47084e-08 	21
111.0 	2.59273e-07 	2.50298e-08 	21
112.0 	2.63748e-07 	2.54771e-08 	21
113.0 	2.70742e-07 	2.5834e-08 	21
114.0 	2.75693e-07 	2.63821e-08 	21
115.0 	2.81641e-07 	2.66342e-08 	21
116.0 	2.87481e-07 	2.74844e-08 	21
117.0 	2.93795e-07 	2.87357e-08 	20
118.0 	3.0758e-07 	2.90424e-08 	21
119.0 	3.11659e-07 	2.89947e-08 	21
120.0 	3.18683e-07 	2.95303e-08 	21
121.0 	3.22952e-07 	3.02391e-08 	21
122.0 	3.2948e-07 	3.07469e-08 	21
123.0 	3.35091e-07 	3.00593e-08 	21
124.0 	3.10098e-07 	2.71171e-08 	21
125.0 	3.25891e-07 	3.12594e-08 	20
126.0 	3.32135e-07 	3.06531e-08 	20
127.0 	3.36462e-07 	3.22779e-08 	20
128.0 	3.37638e-07 	3.13896e-08 	20
129.0 	3.46835e-07 	3.24338e-08 	20
130.0 	3.51724e-07 	3.50753e-08 	19
131.0 	3.74554e-07 	3.7161e-08 	13
132.0 	3.61258e-07 	3.51429e-08 	12
133.0 	3.71686e-07 	3.58179e-08 	12
134.0 	3.79165e-07 	3.6378e-08 	12
135.0 	3.84502e-07 	3.69466e-08 	12
136.0 	3.88433e-07 	3.73243e-08 	12
137.0 	3.88793e-07 	3.76141e-08 	12
138.0 	3.89495e-07 	3.79005e-08 	12
139.0 	3.91113e-07 	3.81316e-08 	12
140.0 	3.9231e-07 	3.83452e-08 	12
141.0 	3.93364e-07 	3.85636e-08 	12
142.0 	3.9507e-07 	3.88647e-08 	12
143.0 	3.95963e-07 	3.91387e-08 	12
144.0 	3.96737e-07 	3.94035e-08 	12
145.0 	3.97168e-07 	3.963e-08 	12
146.0 	3.97505e-07 	3.60734e-08 	13
147.0 	3.93647e-07 	3.91271e-08 	12
148.0 	3.94074e-07 	3.57207e-08 	13
149.0 	4.29441e-07 	3.97646e-08 	13
150.0 	4.31427e-07 	4.01945e-08 	13
151.0 	4.33075e-07 	4.0578e-08 	13
152.0 	4.3367e-07 	4.07052e-08 	13
153.0 	4.33426e-07 	4.09156e-08 	13
154.0 	4.32552e-07 	4.10694e-08 	13
155.0 	4.31241e-07 	4.11782e-08 	13
156.0 	4.29495e-07 	4.11523e-08 	13
157.0 	4.27324e-07 	4.12148e-08 	13
158.0 	4.24826e-07 	4.12533e-08 	13
159.0 	4.0686e-07 	3.7193e-08 	14
160.0 	4.09833e-07 	4.05129e-08 	13
161.0 	4.2716e-07 	4.1242e-08 	15
162.0 	4.25973e-07 	4.13875e-08 	15
163.0 	4.23678e-07 	4.14572e-08 	15
164.0 	4.19699e-07 	4.14562e-08 	15
165.0 	4.14804e-07 	4.13143e-08 	15
166.0 	4.09305e-07 	3.76575e-08 	16
167.0 	3.98821e-07 	3.68477e-08 	17
168.0 	3.92318e-07 	3.66413e-08 	18
169.0 	3.67388e-07 	3.56371e-08 	18
170.0 	4.14509e-07 	3.88149e-08 	18
171.0 	3.59933e-07 	3.53051e-08 	18
172.0 	4.07477e-07 	3.85622e-08 	18
173.0 	3.50633e-07 	3.5009e-08 	18
174.0 	3.9779e-07 	3.79504e-08 	18
175.0 	4.02627e-07 	3.84715e-08 	18
176.0 	3.44932e-07 	3.13605e-08 	19
177.0 	3.44515e-07 	3.13867e-08 	19
178.0 	3.43776e-07 	3.13321e-08 	19
179.0 	3.42128e-07 	3.12357e-08 	19
180.0 	3.39912e-07 	3.11134e-08 	19
181.0 	3.3725e-07 	3.09771e-08 	19
182.0 	3.34641e-07 	3.08379e-08 	19
183.0 	3.87318e-07 	3.79831e-08 	18
184.0 	3.85345e-07 	3.79723e-08 	18
185.0 	3.82811e-07 	3.7901e-08 	18
186.0 	3.79282e-07 	3.77701e-08 	18
187.0 	3.75076e-07 	3.42685e-08 	19
188.0 	3.49317e-07 	3.33512e-08 	19
189.0 	3.26879e-07 	3.22828e-08 	19
190.0 	3.0687e-07 	2.81586e-08 	20
191.0 	3.08249e-07 	2.82285e-08 	20
192.0 	3.08896e-07 	2.82303e-08 	20
193.0 	3.08449e-07 	2.81558e-08 	20
194.0 	3.0754e-07 	2.80259e-08 	20
195.0 	3.06706e-07 	2.78672e-08 	20
196.0 	3.05906e-07 	2.76839e-08 	20
197.0 	3.05103e-07 	2.7481e-08 	20
198.0 	3.04188e-07 	3.03835e-08 	19
199.0 	2.87201e-07 	2.66062e-08 	20
200.0 	3.57021e-07 	3.24059e-08 	19
201.0 	2.95958e-07 	2.93288e-08 	19
202.0 	3.467e-07 	3.14853e-08 	19
203.0 	3.49637e-07 	3.14212e-08 	19
204.0 	3.52857e-07 	3.50628e-08 	18
205.0 	3.3988e-07 	3.389e-08 	18
206.0 	3.29431e-07 	3.2125e-08 	18
207.0 	3.21944e-07 	3.18434e-08 	18
208.0 	3.26975e-07 	3.12811e-08 	18
209.0 	3.19764e-07 	3.18363e-08 	18
210.0 	3.23523e-07 	3.04899e-08 	18
211.0 	3.1584e-07 	3.07933e-08 	18
212.0 	3.20945e-07 	2.95605e-08 	18
213.0 	3.14673e-07 	2.98939e-08 	18
214.0 	3.21026e-07 	2.88767e-08 	18
215.0 	3.14312e-07 	2.95813e-08 	18
216.0 	3.19844e-07 	3.14176e-08 	17
217.0 	3.29411e-07 	3.15464e-08 	17
218.0 	3.37013e-07 	3.16828e-08 	17
219.0 	2.8172e-07 	2.59657e-08 	18
220.0 	2.85151e-07 	2.84536e-08 	17
221.0 	3.30342e-07 	3.02747e-08 	17
222.0 	3.35021e-07 	3.0215e-08 	17
223.0 	2.78123e-07 	2.73995e-08 	17
224.0 	3.24771e-07 	2.91296e-08 	17
225.0 	3.28264e-07 	2.90413e-08 	17
226.0 	3.31217e-07 	3.27878e-08 	16
227.0 	3.1703e-07 	2.79672e-08 	17
228.0 	3.18971e-07 	3.16164e-08 	16
229.0 	3.04777e-07 	2.67464e-08 	17
230.0 	3.05743e-07 	3.03528e-08 	16
231.0 	2.91735e-07 	2.55425e-08 	17
232.0 	2.91936e-07 	2.90543e-08 	16
233.0 	2.79763e-07 	2.46016e-08 	17
234.0 	2.79132e-07 	2.7841e-08 	16
235.0 	2.67146e-07 	2.45114e-08 	17
236.0 	2.65563e-07 	2.3321e-08 	17
237.0 	2.63865e-07 	2.33866e-08 	17
238.0 	2.61724e-07 	2.34283e-08 	17
239.0 	2.57526e-07 	2.33489e-08 	17
240.0 	2.52704e-07 	2.32184e-08 	17
241.0 	2.47652e-07 	2.30575e-08 	17
242.0 	2.42904e-07 	2.2898e-08 	17
243.0 	2.38911e-07 	2.27448e-08 	17
244.0 	2.34061e-07 	2.25387e-08 	17
245.0 	2.28391e-07 	2.2298e-08 	17
246.0 	2.22319e-07 	2.20214e-08 	17
247.0 	2.15727e-07 	2.01406e-08 	18
248.0 	2.03603e-07 	1.94548e-08 	18
249.0 	1.94839e-07 	1.87617e-08 	18
250.0 	1.88559e-07 	1.80379e-08 	18
251.0 	1.84799e-07 	1.76298e-08 	18
252.0 	2.71071e-07 	2.43587e-08 	17
253.0 	2.67387e-07 	2.63871e-08 	15
254.0 	2.61829e-07 	2.39601e-08 	17
255.0 	2.589e-07 	2.30576e-08 	16
256.0 	2.59354e-07 	2.51037e-08 	15
257.0 	2.56532e-07 	2.35986e-08 	16
258.0 	2.57952e-07 	2.47146e-08 	15
259.0 	2.5432e-07 	2.51587e-08 	16
260.0 	2.54457e-07 	2.54288e-08 	15
261.0 	2.51773e-07 	2.47365e-08 	16
262.0 	2.51234e-07 	2.44011e-08 	15
263.0 	2.50721e-07 	2.2337e-08 	16
264.0 	2.51626e-07 	2.28669e-08 	15
265.0 	2.48092e-07 	2.22718e-08 	16
266.0 	2.49128e-07 	2.24464e-08 	15
267.0 	1.59289e-07 	1.46215e-08 	19
268.0 	1.59292e-07 	1.57346e-08 	18
269.0 	1.57087e-07 	1.51415e-08 	18
270.0 	1.56437e-07 	1.4578e-08 	17
271.0 	1.57237e-07 	1.46263e-08 	17
272.0 	1.58669e-07 	1.47691e-08 	17
273.0 	1.59888e-07 	1.4852e-08 	17
274.0 	1.60616e-07 	1.48518e-08 	17
275.0 	1.61417e-07 	1.48186e-08 	17
276.0 	1.62002e-07 	1.47495e-08 	17
277.0 	1.62194e-07 	1.61541e-08 	16
278.0 	1.57609e-07 	1.56929e-08 	16
279.0 	1.53947e-07 	1.51957e-08 	16
280.0 	1.51687e-07 	1.37056e-08 	17
281.0 	1.53627e-07 	1.49705e-08 	16
282.0 	1.52586e-07 	1.33909e-08 	17
283.0 	1.56135e-07 	1.46648e-08 	16
284.0 	1.56434e-07 	1.51538e-08 	16
285.0 	1.56884e-07 	1.47651e-08 	17
286.0 	1.58975e-07 	1.52426e-08 	16
287.0 	1.60146e-07 	1.44895e-08 	16
288.0 	1.59703e-07 	1.53814e-08 	16
289.0 	1.60346e-07 	1.44027e-08 	16
290.0 	1.60273e-07 	1.49426e-08 	16
291.0 	1.61378e-07 	1.46113e-08 	15
292.0 	1.64682e-07 	1.60268e-08 	14
293.0 	1.62621e-07 	1.43254e-08 	15
294.0 	1.65424e-07 	1.58242e-08 	14
295.0 	1.61722e-07 	1.61367e-08 	14
296.0 	1.59177e-07 	1.5658e-08 	14
297.0 	1.59915e-07 	1.49617e-08 	14
298.0 	1.57619e-07 	1.56125e-08 	9
299.0 	1.58381e-07 	1.47044e-08 	14
300.0 	1.55933e-07 	1.51539e-08 	11
301.0 	1.5557e-07 	1.5106e-08 	14
302.0 	1.54684e-07 	1.53616e-08 	13
303.0 	1.56681e-07 	1.55495e-08 	14
304.0 	1.5238e-07 	1.44786e-08 	14
305.0 	1.50138e-07 	1.40374e-08 	11
306.0 	1.4971e-07 	1.47897e-08 	13
307.0 	1.48983e-07 	1.31369e-08 	15
308.0 	1.47415e-07 	1.33238e-08 	15
309.0 	1.4569e-07 	1.34206e-08 	15
310.0 	1.44071e-07 	1.34646e-08 	15
311.0 	1.42823e-07 	1.35071e-08 	15
312.0 	1.41876e-07 	1.35571e-08 	15
313.0 	1.40971e-07 	1.35919e-08 	15
314.0 	1.39472e-07 	1.36026e-08 	15
315.0 	1.38903e-07 	1.365e-08 	15
316.0 	1.38334e-07 	1.36723e-08 	15
317.0 	1.37707e-07 	1.36966e-08 	15
318.0 	1.3677e-07 	1.25865e-08 	16
319.0 	1.31803e-07 	1.21256e-08 	16
320.0 	1.28917e-07 	1.24563e-08 	16
321.0 	1.27643e-07 	1.23008e-08 	17
322.0 	1.28617e-07 	1.22064e-08 	17
323.0 	1.30204e-07 	1.21735e-08 	17
324.0 	1.32101e-07 	1.19843e-08 	17
325.0 	1.34093e-07 	1.18989e-08 	17
326.0 	1.36018e-07 	1.19074e-08 	17
327.0 	1.37816e-07 	1.3756e-08 	16
328.0 	1.36046e-07 	1.19254e-08 	17
329.0 	1.37971e-07 	1.36396e-08 	16
330.0 	1.36679e-07 	1.35446e-08 	16
331.0 	1.35562e-07 	1.35325e-08 	16
332.0 	1.34862e-07 	1.22279e-08 	17
333.0 	1.34986e-07 	1.30784e-08 	16
334.0 	1.34032e-07 	1.30826e-08 	16
335.0 	1.33715e-07 	1.28671e-08 	15
336.0 	1.34678e-07 	1.23508e-08 	15
337.0 	1.35515e-07 	1.30534e-08 	15
338.0 	1.36327e-07 	1.28115e-08 	16
339.0 	1.35643e-07 	1.35317e-08 	14
340.0 	1.34928e-07 	1.29758e-08 	15
341.0 	1.36126e-07 	1.20907e-08 	16
342.0 	1.3563e-07 	1.22065e-08 	14
343.0 	1.35473e-07 	1.28564e-08 	12
344.0 	1.35871e-07 	1.34772e-08 	13
345.0 	1.37444e-07 	1.23604e-08 	15
346.0 	1.39996e-07 	1.31945e-08 	14
347.0 	1.38164e-07 	1.36861e-08 	14
348.0 	1.37931e-07 	1.33945e-08 	13
349.0 	1.39837e-07 	1.26521e-08 	14
350.0 	1.38576e-07 	1.32488e-08 	12
351.0 	1.38866e-07 	1.34701e-08 	10
352.0 	1.39256e-07 	1.34129e-08 	13
353.0 	1.41448e-07 	1.39955e-08 	13
354.0 	1.43826e-07 	1.42264e-08 	13
355.0 	1.45718e-07 	1.42794e-08 	13
356.0 	1.47128e-07 	1.42639e-08 	13
357.0 	1.48809e-07 	1.42325e-08 	13
358.0 	1.48968e-07 	1.41501e-08 	13
359.0 	1.48424e-07 	1.39899e-08 	13
360.0 	1.47366e-07 	1.38214e-08 	13
361.0 	1.45873e-07 	1.3651e-08 	13
362.0 	1.4412e-07 	1.34946e-08 	13
363.0 	1.42167e-07 	1.33457e-08 	13
364.0 	1.39803e-07 	1.31485e-08 	13
365.0 	1.37242e-07 	1.29628e-08 	13
366.0 	1.34484e-07 	1.27846e-08 	13
367.0 	1.31487e-07 	1.26066e-08 	13
368.0 	1.28306e-07 	1.24263e-08 	13
369.0 	1.25058e-07 	1.22473e-08 	13
370.0 	1.21509e-07 	1.20208e-08 	13
371.0 	1.18207e-07 	1.18183e-08 	13
372.0 	1.14928e-07 	1.04255e-08 	14
373.0 	1.08225e-07 	1.00725e-08 	14
374.0 	1.02123e-07 	9.7073e-09 	14
375.0 	9.70049e-08 	9.32506e-09 	14
376.0 	9.26368e-08 	8.86052e-09 	14
377.0 	8.91258e-08 	8.32603e-09 	14
378.0 	8.66016e-08 	7.93444e-09 	14
379.0 	8.57318e-08 	8.12909e-09 	14
380.0 	8.31751e-08 	8.1643e-09 	13
381.0 	8.30259e-08 	7.92905e-09 	14
382.0 	8.07314e-08 	7.81926e-09 	10
383.0 	7.99873e-08 	7.55248e-09 	9
384.0 	8.00456e-08 	7.49005e-09 	14
385.0 	7.93485e-08 	7.25194e-09 	14
386.0 	7.88502e-08 	7.33247e-09 	14
387.0 	7.76855e-08 	7.45815e-09 	9
388.0 	7.75924e-08 	7.68699e-09 	13
389.0 	7.75814e-08 	7.22056e-09 	14
390.0 	7.68503e-08 	7.61284e-09 	9
391.0 	7.72927e-08 	7.6761e-09 	13
392.0 	7.79164e-08 	7.14204e-09 	14
393.0 	7.64492e-08 	7.39594e-09 	13
394.0 	7.68829e-08 	7.6203e-09 	13
395.0 	7.75844e-08 	7.04769e-09 	14
396.0 	7.63581e-08 	7.41558e-09 	13
397.0 	7.74704e-08 	7.49993e-09 	13
398.0 	7.85061e-08 	7.56497e-09 	13
399.0 	7.93584e-08 	7.62107e-09 	13
400.0 	8.00167e-08 	7.67437e-09 	13
401.0 	8.05328e-08 	7.7215e-09 	13
402.0 	8.10363e-08 	7.76024e-09 	13
403.0 	8.15761e-08 	7.79194e-09 	13
404.0 	8.23086e-08 	7.74695e-09 	13
405.0 	8.3004e-08 	7.73897e-09 	13
406.0 	8.35843e-08 	7.76469e-09 	13
407.0 	8.41428e-08 	7.83126e-09 	13
408.0 	8.47537e-08 	7.92617e-09 	13
409.0 	8.55565e-08 	8.03236e-09 	13
410.0 	8.65258e-08 	8.1104e-09 	13
411.0 	8.75454e-08 	8.07795e-09 	13
412.0 	8.84537e-08 	8.03403e-09 	13
413.0 	8.91694e-08 	7.98265e-09 	13
414.0 	8.95304e-08 	7.91989e-09 	13
415.0 	9.00515e-08 	7.86317e-09 	13
416.0 	9.06338e-08 	8.98237e-09 	12
417.0 	8.78533e-08 	8.75723e-09 	12
418.0 	8.54582e-08 	8.41553e-09 	12
419.0 	8.35524e-08 	8.03845e-09 	13
420.0 	8.47264e-08 	8.18503e-09 	12
421.0 	8.28581e-08 	8.07546e-09 	13
422.0 	8.36647e-08 	7.94691e-09 	13
423.0 	8.45348e-08 	8.26421e-09 	12
424.0 	8.24203e-08 	7.32792e-09 	14
425.0 	8.08608e-08 	7.36937e-09 	14
426.0 	8.01476e-08 	7.56919e-09 	13
427.0 	8.00024e-08 	7.43975e-09 	13
428.0 	7.98637e-08 	7.36547e-09 	13
429.0 	7.97673e-08 	7.4153e-09 	14
430.0 	7.89328e-08 	7.4126e-09 	13
431.0 	7.84617e-08 	7.81844e-09 	12
432.0 	7.77223e-08 	7.04894e-09 	13
433.0 	7.74509e-08 	7.17293e-09 	14
434.0 	7.66683e-08 	7.41724e-09 	12
435.0 	7.61233e-08 	7.56995e-09 	12
436.0 	7.56806e-08 	7.52833e-09 	12
437.0 	7.52622e-08 	7.47449e-09 	12
438.0 	7.49155e-08 	7.46084e-09 	12
439.0 	7.46993e-08 	7.45028e-09 	12
440.0 	7.45672e-08 	7.42464e-09 	12
441.0 	7.44443e-08 	7.35983e-09 	12
442.0 	7.45815e-08 	7.26129e-09 	12
443.0 	7.47151e-08 	7.20319e-09 	12
444.0 	7.48034e-08 	7.16494e-09 	11
445.0 	7.5113e-08 	6.94404e-09 	13
446.0 	7.54703e-08 	7.53173e-09 	13
447.0 	7.60274e-08 	6.9468e-09 	14
448.0 	7.55098e-08 	7.21439e-09 	13
449.0 	7.60283e-08 	7.40155e-09 	13
450.0 	7.67239e-08 	7.45172e-09 	13
451.0 	7.7605e-08 	7.1261e-09 	13
452.0 	7.83237e-08 	6.93994e-09 	13
453.0 	7.88332e-08 	6.83837e-09 	13
454.0 	7.91834e-08 	6.79462e-09 	13
455.0 	7.94019e-08 	7.2983e-09 	12
456.0 	7.82276e-08 	6.61964e-09 	13
457.0 	7.83999e-08 	7.81489e-09 	12
458.0 	7.74773e-08 	7.57482e-09 	12
459.0 	7.68062e-08 	7.57299e-09 	11
460.0 	7.72416e-08 	7.25395e-09 	12
461.0 	7.7129e-08 	7.52624e-09 	10
462.0 	7.73647e-08 	7.31662e-09 	9
463.0 	7.78137e-08 	7.27394e-09 	9
464.0 	7.8096e-08 	7.33433e-09 	10
465.0 	7.79044e-08 	7.4664e-09 	9
466.0 	7.80285e-08 	7.36669e-09 	9
467.0 	7.81647e-08 	7.28835e-09 	10
468.0 	7.79335e-08 	7.61394e-09 	9
469.0 	7.82276e-08 	7.77952e-09 	9
470.0 	7.85058e-08 	7.48673e-09 	10
471.0 	7.8201e-08 	7.63869e-09 	9
472.0 	7.87165e-08 	6.88439e-09 	11
473.0 	7.93484e-08 	7.29656e-09 	10
474.0 	7.91558e-08 	7.70006e-09 	9
475.0 	7.95173e-08 	7.80619e-09 	10
476.0 	7.96305e-08 	7.356e-09 	10
477.0 	7.94433e-08 	7.527e-09 	10
478.0 	7.96239e-08 	7.26818e-09 	10
479.0 	7.9544e-08 	7.34283e-09 	10
480.0 	7.97463e-08 	7.06107e-09 	10
481.0 	7.96589e-08 	7.13968e-09 	10
482.0 	7.98417e-08 	7.83693e-09 	9
483.0 	8.06903e-08 	7.77365e-09 	9
484.0 	5.19903e-08 	5.03398e-09 	11
485.0 	8.07458e-08 	7.40509e-09 	9
486.0 	5.18131e-08 	4.73205e-09 	11
487.0 	8.07243e-08 	7.26813e-09 	9
488.0 	5.14428e-08 	4.57244e-09 	11
489.0 	5.02479e-08 	4.41712e-09 	11
490.0 	7.96095e-08 	7.01519e-09 	9
491.0 	7.96711e-08 	7.51826e-09 	9
492.0 	5.03933e-08 	4.63087e-09 	11
493.0 	7.93617e-08 	7.42208e-09 	9
494.0 	4.98942e-08 	4.65539e-09 	11
495.0 	7.91062e-08 	7.19382e-09 	9
496.0 	4.97414e-08 	4.39182e-09 	11
497.0 	4.93312e-08 	4.73553e-09 	11
498.0 	4.89891e-08 	4.8183e-09 	10
499.0 	4.93549e-08 	4.72575e-09 	10
500.0 	4.98635e-08 	4.70772e-09 	10
501.0 	5.02211e-08 	4.72735e-09 	10
502.0 	5.03604e-08 	4.75777e-09 	10
503.0 	5.037e-08 	4.81334e-09 	10
504.0 	5.03503e-08 	4.88144e-09 	10
505.0 	5.03603e-08 	4.95358e-09 	10
506.0 	5.04008e-08 	5.01052e-09 	10
507.0 	5.04645e-08 	5.03838e-09 	10
508.0 	5.05686e-08 	5.03551e-09 	10
509.0 	5.07098e-08 	5.01039e-09 	10
510.0 	5.0878e-08 	4.97656e-09 	10
511.0 	5.10507e-08 	4.944e-09 	10
512.0 	5.1223e-08 	4.91997e-09 	10
513.0 	5.13746e-08 	4.90662e-09 	10
514.0 	5.14942e-08 	4.90254e-09 	10
515.0 	5.15864e-08 	4.90229e-09 	10
516.0 	5.16194e-08 	4.7918e-09 	10
517.0 	5.14852e-08 	4.72865e-09 	10
518.0 	5.13043e-08 	4.71312e-09 	10
519.0 	5.10962e-08 	4.73929e-09 	10
520.0 	5.10457e-08 	4.79958e-09 	10
521.0 	5.10149e-08 	4.86869e-09 	10
522.0 	5.1135e-08 	4.93309e-09 	10
523.0 	5.12616e-08 	4.95498e-09 	10
524.0 	5.13889e-08 	4.94228e-09 	10
525.0 	5.14702e-08 	4.90516e-09 	10
526.0 	5.14581e-08 	4.85877e-09 	10
527.0 	5.13395e-08 	4.81612e-09 	10
528.0 	5.11053e-08 	4.78549e-09 	10
529.0 	5.07712e-08 	4.76856e-09 	10
530.0 	7.46694e-08 	6.675e-09 	9
531.0 	7.44409e-08 	6.77415e-09 	9
532.0 	7.40326e-08 	6.73857e-09 	9
533.0 	7.37509e-08 	6.71847e-09 	9
534.0 	7.3373e-08 	6.732e-09 	9
535.0 	7.2908e-08 	6.77326e-09 	9
536.0 	7.24836e-08 	6.82621e-09 	9
537.0 	7.20991e-08 	6.87447e-09 	9
538.0 	7.16572e-08 	6.86701e-09 	9
539.0 	7.1174e-08 	6.85138e-09 	9
540.0 	7.06146e-08 	6.79886e-09 	9
541.0 	7.00136e-08 	6.72168e-09 	9
542.0 	6.94203e-08 	6.65193e-09 	9
543.0 	6.88512e-08 	6.56921e-09 	9
544.0 	6.83214e-08 	6.49645e-09 	9
545.0 	6.7831e-08 	6.43528e-09 	9
546.0 	6.73663e-08 	6.38352e-09 	9
547.0 	6.69327e-08 	6.33688e-09 	9
548.0 	6.65106e-08 	6.28986e-09 	9
549.0 	6.58977e-08 	6.0903e-09 	9
550.0 	6.53987e-08 	5.94813e-09 	9
551.0 	6.49628e-08 	5.85993e-09 	9
552.0 	6.45971e-08 	5.81871e-09 	9
553.0 	6.43508e-08 	5.81681e-09 	9
554.0 	6.41632e-08 	5.83442e-09 	9
555.0 	6.39333e-08 	5.82563e-09 	9
556.0 	6.36687e-08 	5.79351e-09 	9
557.0 	6.33004e-08 	5.72052e-09 	9
558.0 	6.28986e-08 	5.61382e-09 	9
559.0 	6.24997e-08 	5.48979e-09 	9
560.0 	6.2104e-08 	6.19586e-09 	8
561.0 	6.09143e-08 	5.98739e-09 	8
562.0 	5.98962e-08 	5.78097e-09 	8
563.0 	5.90958e-08 	5.56604e-09 	8
564.0 	5.84892e-08 	5.20568e-09 	8
565.0 	5.80706e-08 	5.53892e-09 	7
566.0 	5.79519e-08 	5.71329e-09 	7
567.0 	5.78939e-08 	5.23069e-09 	8
568.0 	5.74335e-08 	5.61279e-09 	7
569.0 	5.69372e-08 	5.60654e-09 	7
570.0 	5.68659e-08 	5.62537e-09 	7
571.0 	5.70669e-08 	5.65709e-09 	7
572.0 	5.74838e-08 	5.71182e-09 	7
573.0 	5.80529e-08 	4.90114e-09 	8
574.0 	5.80099e-08 	5.79628e-09 	7
575.0 	5.86006e-08 	5.05537e-09 	8
576.0 	5.83144e-08 	5.03602e-09 	8
577.0 	5.7986e-08 	5.51604e-09 	7
578.0 	5.81658e-08 	5.63344e-09 	7
579.0 	5.84348e-08 	5.74264e-09 	7
580.0 	5.87548e-08 	5.75438e-09 	7
581.0 	5.90968e-08 	5.74203e-09 	7
582.0 	5.94099e-08 	5.78529e-09 	7
583.0 	5.96949e-08 	5.8292e-09 	7
584.0 	5.99488e-08 	5.87105e-09 	7
585.0 	6.01779e-08 	5.90626e-09 	7
586.0 	6.03884e-08 	5.93056e-09 	7
587.0 	6.05861e-08 	5.94361e-09 	7
588.0 	6.07618e-08 	5.94623e-09 	7
589.0 	6.09167e-08 	5.94036e-09 	7
590.0 	6.10626e-08 	5.92859e-09 	7
591.0 	6.1212e-08 	5.91362e-09 	7
592.0 	6.13609e-08 	5.89763e-09 	7
593.0 	6.15049e-08 	5.88314e-09 	7
594.0 	6.16489e-08 	5.87113e-09 	7
595.0 	6.17914e-08 	5.86208e-09 	7
596.0 	6.19364e-08 	5.85515e-09 	7
597.0 	6.15089e-08 	5.63483e-09 	7
598.0 	6.17471e-08 	5.57022e-09 	7
599.0 	6.19502e-08 	5.54373e-09 	7
600.0 	6.20497e-08 	5.54704e-09 	7
601.0 	6.22553e-08 	5.61557e-09 	7
602.0 	6.27086e-08 	5.78084e-09 	7
