# time 	cumulated 	delta
1.0 	0.08 	0.08
2.0 	0.09 	0.009999999999999995
3.0 	0.11 	0.020000000000000004
4.0 	0.12 	0.009999999999999995
5.0 	0.13 	0.010000000000000009
6.0 	0.14 	0.010000000000000009
7.0 	0.17 	0.03
8.0 	0.18 	0.009999999999999981
9.0 	0.19 	0.010000000000000009
10.0 	0.21 	0.01999999999999999
11.0 	0.22 	0.010000000000000009
12.0 	0.24 	0.01999999999999999
13.0 	0.25 	0.010000000000000009
14.0 	0.27 	0.020000000000000018
15.0 	0.29 	0.019999999999999962
16.0 	0.31 	0.020000000000000018
17.0 	0.33 	0.020000000000000018
18.0 	0.34 	0.010000000000000009
19.0 	0.36 	0.019999999999999962
20.0 	0.37 	0.010000000000000009
21.0 	0.39 	0.020000000000000018
22.0 	0.41 	0.019999999999999962
23.0 	0.42 	0.010000000000000009
24.0 	0.44 	0.020000000000000018
25.0 	0.45 	0.010000000000000009
26.0 	0.47 	0.019999999999999962
27.0 	0.49 	0.020000000000000018
28.0 	0.5 	0.010000000000000009
29.0 	0.52 	0.020000000000000018
30.0 	0.54 	0.020000000000000018
31.0 	0.55 	0.010000000000000009
32.0 	0.57 	0.019999999999999907
33.0 	0.58 	0.010000000000000009
34.0 	0.59 	0.010000000000000009
35.0 	0.61 	0.020000000000000018
36.0 	0.62 	0.010000000000000009
37.0 	0.64 	0.020000000000000018
38.0 	0.65 	0.010000000000000009
39.0 	0.67 	0.020000000000000018
40.0 	0.68 	0.010000000000000009
41.0 	0.7 	0.019999999999999907
42.0 	0.72 	0.020000000000000018
43.0 	0.74 	0.020000000000000018
44.0 	0.76 	0.020000000000000018
45.0 	0.78 	0.020000000000000018
46.0 	0.79 	0.010000000000000009
47.0 	0.81 	0.020000000000000018
48.0 	0.82 	0.009999999999999898
49.0 	0.84 	0.020000000000000018
50.0 	0.86 	0.020000000000000018
51.0 	0.88 	0.020000000000000018
52.0 	0.9 	0.020000000000000018
53.0 	0.92 	0.020000000000000018
54.0 	0.94 	0.019999999999999907
55.0 	0.96 	0.020000000000000018
56.0 	0.98 	0.020000000000000018
57.0 	1.0 	0.020000000000000018
58.0 	1.02 	0.020000000000000018
59.0 	1.04 	0.020000000000000018
60.0 	1.05 	0.010000000000000009
61.0 	1.07 	0.020000000000000018
62.0 	1.08 	0.010000000000000009
63.0 	1.09 	0.010000000000000009
64.0 	1.11 	0.020000000000000018
65.0 	1.13 	0.019999999999999796
66.0 	1.15 	0.020000000000000018
67.0 	1.16 	0.010000000000000009
68.0 	1.18 	0.020000000000000018
69.0 	1.2 	0.020000000000000018
70.0 	1.22 	0.020000000000000018
71.0 	1.24 	0.020000000000000018
72.0 	1.25 	0.010000000000000009
73.0 	1.28 	0.030000000000000027
74.0 	1.29 	0.010000000000000009
75.0 	1.31 	0.020000000000000018
76.0 	1.32 	0.010000000000000009
77.0 	1.34 	0.020000000000000018
78.0 	1.35 	0.010000000000000009
79.0 	1.37 	0.020000000000000018
80.0 	1.38 	0.009999999999999787
81.0 	1.4 	0.020000000000000018
82.0 	1.42 	0.020000000000000018
83.0 	1.44 	0.020000000000000018
84.0 	1.45 	0.010000000000000009
85.0 	1.47 	0.020000000000000018
86.0 	1.49 	0.020000000000000018
87.0 	1.5 	0.010000000000000009
88.0 	1.52 	0.020000000000000018
89.0 	1.53 	0.010000000000000009
90.0 	1.54 	0.010000000000000009
91.0 	1.56 	0.020000000000000018
92.0 	1.57 	0.010000000000000009
93.0 	1.59 	0.020000000000000018
94.0 	1.61 	0.020000000000000018
95.0 	1.62 	0.010000000000000009
96.0 	1.64 	0.019999999999999796
97.0 	1.67 	0.030000000000000027
98.0 	1.69 	0.020000000000000018
99.0 	1.71 	0.020000000000000018
100.0 	1.73 	0.020000000000000018
101.0 	1.75 	0.020000000000000018
102.0 	1.77 	0.020000000000000018
103.0 	1.78 	0.010000000000000009
104.0 	1.8 	0.020000000000000018
105.0 	1.81 	0.010000000000000009
106.0 	1.83 	0.020000000000000018
107.0 	1.85 	0.020000000000000018
108.0 	1.87 	0.020000000000000018
109.0 	1.89 	0.019999999999999796
110.0 	1.91 	0.020000000000000018
111.0 	1.93 	0.020000000000000018
112.0 	1.94 	0.010000000000000009
113.0 	1.97 	0.030000000000000027
114.0 	1.99 	0.020000000000000018
115.0 	2.0 	0.010000000000000009
116.0 	2.02 	0.020000000000000018
117.0 	2.03 	0.009999999999999787
118.0 	2.05 	0.020000000000000018
119.0 	2.07 	0.020000000000000018
120.0 	2.08 	0.010000000000000231
121.0 	2.1 	0.020000000000000018
122.0 	2.12 	0.020000000000000018
123.0 	2.14 	0.020000000000000018
124.0 	2.15 	0.009999999999999787
125.0 	2.17 	0.020000000000000018
126.0 	2.19 	0.020000000000000018
127.0 	2.21 	0.020000000000000018
128.0 	2.23 	0.020000000000000018
129.0 	2.24 	0.010000000000000231
130.0 	2.26 	0.019999999999999574
131.0 	2.28 	0.020000000000000018
132.0 	2.29 	0.010000000000000231
133.0 	2.31 	0.020000000000000018
134.0 	2.32 	0.009999999999999787
135.0 	2.34 	0.020000000000000018
136.0 	2.36 	0.020000000000000018
137.0 	2.38 	0.020000000000000018
138.0 	2.39 	0.010000000000000231
139.0 	2.41 	0.020000000000000018
140.0 	2.43 	0.020000000000000018
141.0 	2.45 	0.020000000000000018
142.0 	2.47 	0.020000000000000018
143.0 	2.49 	0.020000000000000018
144.0 	2.5 	0.009999999999999787
145.0 	2.52 	0.020000000000000018
146.0 	2.54 	0.020000000000000018
147.0 	2.56 	0.020000000000000018
148.0 	2.58 	0.020000000000000018
149.0 	2.6 	0.020000000000000018
150.0 	2.62 	0.020000000000000018
151.0 	2.64 	0.020000000000000018
152.0 	2.66 	0.020000000000000018
153.0 	2.67 	0.009999999999999787
154.0 	2.69 	0.020000000000000018
155.0 	2.7 	0.010000000000000231
156.0 	2.72 	0.020000000000000018
157.0 	2.74 	0.020000000000000018
158.0 	2.76 	0.019999999999999574
159.0 	2.78 	0.020000000000000018
160.0 	2.79 	0.010000000000000231
161.0 	2.81 	0.020000000000000018
162.0 	2.83 	0.020000000000000018
163.0 	2.85 	0.020000000000000018
164.0 	2.87 	0.020000000000000018
165.0 	2.89 	0.020000000000000018
166.0 	2.91 	0.020000000000000018
167.0 	2.92 	0.009999999999999787
168.0 	2.94 	0.020000000000000018
169.0 	2.95 	0.010000000000000231
170.0 	2.97 	0.020000000000000018
171.0 	2.99 	0.020000000000000018
172.0 	3.01 	0.019999999999999574
173.0 	3.03 	0.020000000000000018
174.0 	3.04 	0.010000000000000231
175.0 	3.06 	0.020000000000000018
176.0 	3.08 	0.020000000000000018
177.0 	3.1 	0.020000000000000018
178.0 	3.12 	0.020000000000000018
179.0 	3.14 	0.020000000000000018
180.0 	3.16 	0.020000000000000018
181.0 	3.17 	0.009999999999999787
182.0 	3.19 	0.020000000000000018
183.0 	3.21 	0.020000000000000018
184.0 	3.22 	0.010000000000000231
185.0 	3.24 	0.020000000000000018
186.0 	3.26 	0.019999999999999574
187.0 	3.28 	0.020000000000000018
188.0 	3.3 	0.020000000000000018
189.0 	3.32 	0.020000000000000018
190.0 	3.34 	0.020000000000000018
191.0 	3.36 	0.020000000000000018
192.0 	3.38 	0.020000000000000018
193.0 	3.39 	0.010000000000000231
194.0 	3.41 	0.020000000000000018
195.0 	3.42 	0.009999999999999787
196.0 	3.43 	0.010000000000000231
197.0 	3.45 	0.020000000000000018
198.0 	3.47 	0.020000000000000018
199.0 	3.49 	0.020000000000000018
200.0 	3.51 	0.019999999999999574
201.0 	3.53 	0.020000000000000018
202.0 	3.55 	0.020000000000000018
203.0 	3.57 	0.020000000000000018
204.0 	3.59 	0.020000000000000018
205.0 	3.6 	0.010000000000000231
206.0 	3.62 	0.020000000000000018
207.0 	3.63 	0.009999999999999787
208.0 	3.65 	0.020000000000000018
209.0 	3.66 	0.010000000000000231
210.0 	3.68 	0.020000000000000018
211.0 	3.7 	0.020000000000000018
212.0 	3.72 	0.020000000000000018
213.0 	3.73 	0.009999999999999787
214.0 	3.75 	0.020000000000000018
215.0 	3.77 	0.020000000000000018
216.0 	3.8 	0.029999999999999805
217.0 	3.82 	0.020000000000000018
218.0 	3.84 	0.020000000000000018
219.0 	3.85 	0.010000000000000231
220.0 	3.87 	0.020000000000000018
221.0 	3.88 	0.009999999999999787
222.0 	3.9 	0.020000000000000018
223.0 	3.91 	0.010000000000000231
224.0 	3.93 	0.020000000000000018
225.0 	3.94 	0.009999999999999787
226.0 	3.96 	0.020000000000000018
227.0 	3.98 	0.020000000000000018
228.0 	4.0 	0.020000000000000018
229.0 	4.02 	0.019999999999999574
230.0 	4.04 	0.020000000000000462
231.0 	4.06 	0.019999999999999574
232.0 	4.08 	0.020000000000000462
233.0 	4.1 	0.019999999999999574
234.0 	4.11 	0.010000000000000675
235.0 	4.13 	0.019999999999999574
236.0 	4.15 	0.020000000000000462
237.0 	4.17 	0.019999999999999574
238.0 	4.19 	0.020000000000000462
239.0 	4.21 	0.019999999999999574
240.0 	4.23 	0.020000000000000462
241.0 	4.24 	0.009999999999999787
242.0 	4.26 	0.019999999999999574
243.0 	4.28 	0.020000000000000462
244.0 	4.3 	0.019999999999999574
245.0 	4.32 	0.020000000000000462
246.0 	4.33 	0.009999999999999787
247.0 	4.35 	0.019999999999999574
248.0 	4.37 	0.020000000000000462
249.0 	4.38 	0.009999999999999787
250.0 	4.4 	0.020000000000000462
251.0 	4.43 	0.02999999999999936
252.0 	4.45 	0.020000000000000462
253.0 	4.46 	0.009999999999999787
254.0 	4.48 	0.020000000000000462
255.0 	4.5 	0.019999999999999574
256.0 	4.53 	0.03000000000000025
257.0 	4.55 	0.019999999999999574
258.0 	4.56 	0.009999999999999787
259.0 	4.58 	0.020000000000000462
260.0 	4.6 	0.019999999999999574
261.0 	4.61 	0.010000000000000675
262.0 	4.63 	0.019999999999999574
263.0 	4.65 	0.020000000000000462
264.0 	4.67 	0.019999999999999574
265.0 	4.69 	0.020000000000000462
266.0 	4.71 	0.019999999999999574
267.0 	4.73 	0.020000000000000462
268.0 	4.75 	0.019999999999999574
269.0 	4.77 	0.019999999999999574
270.0 	4.79 	0.020000000000000462
271.0 	4.8 	0.009999999999999787
272.0 	4.82 	0.020000000000000462
273.0 	4.83 	0.009999999999999787
274.0 	4.84 	0.009999999999999787
275.0 	4.86 	0.020000000000000462
276.0 	4.88 	0.019999999999999574
277.0 	4.9 	0.020000000000000462
278.0 	4.91 	0.009999999999999787
279.0 	4.93 	0.019999999999999574
280.0 	4.95 	0.020000000000000462
281.0 	4.97 	0.019999999999999574
282.0 	4.98 	0.010000000000000675
283.0 	5.0 	0.019999999999999574
284.0 	5.02 	0.019999999999999574
285.0 	5.04 	0.020000000000000462
286.0 	5.05 	0.009999999999999787
287.0 	5.07 	0.020000000000000462
288.0 	5.08 	0.009999999999999787
289.0 	5.1 	0.019999999999999574
290.0 	5.11 	0.010000000000000675
291.0 	5.13 	0.019999999999999574
292.0 	5.15 	0.020000000000000462
293.0 	5.17 	0.019999999999999574
294.0 	5.19 	0.020000000000000462
295.0 	5.2 	0.009999999999999787
296.0 	5.22 	0.019999999999999574
297.0 	5.24 	0.020000000000000462
298.0 	5.26 	0.019999999999999574
299.0 	5.27 	0.009999999999999787
300.0 	5.29 	0.020000000000000462
301.0 	5.3 	0.009999999999999787
302.0 	5.32 	0.020000000000000462
303.0 	5.34 	0.019999999999999574
304.0 	5.35 	0.009999999999999787
305.0 	5.37 	0.020000000000000462
306.0 	5.39 	0.019999999999999574
307.0 	5.41 	0.020000000000000462
308.0 	5.43 	0.019999999999999574
309.0 	5.45 	0.020000000000000462
310.0 	5.46 	0.009999999999999787
311.0 	5.48 	0.020000000000000462
312.0 	5.49 	0.009999999999999787
313.0 	5.51 	0.019999999999999574
314.0 	5.53 	0.020000000000000462
315.0 	5.54 	0.009999999999999787
316.0 	5.56 	0.019999999999999574
317.0 	5.57 	0.010000000000000675
318.0 	5.59 	0.019999999999999574
319.0 	5.6 	0.009999999999999787
320.0 	5.62 	0.020000000000000462
321.0 	5.64 	0.019999999999999574
322.0 	5.65 	0.010000000000000675
323.0 	5.67 	0.019999999999999574
324.0 	5.68 	0.009999999999999787
325.0 	5.7 	0.020000000000000462
326.0 	5.72 	0.019999999999999574
327.0 	5.74 	0.020000000000000462
328.0 	5.75 	0.009999999999999787
329.0 	5.77 	0.019999999999999574
330.0 	5.78 	0.010000000000000675
331.0 	5.8 	0.019999999999999574
332.0 	5.82 	0.020000000000000462
333.0 	5.83 	0.009999999999999787
334.0 	5.85 	0.019999999999999574
335.0 	5.87 	0.020000000000000462
336.0 	5.88 	0.009999999999999787
337.0 	5.9 	0.020000000000000462
338.0 	5.92 	0.019999999999999574
339.0 	5.94 	0.020000000000000462
340.0 	5.95 	0.009999999999999787
341.0 	5.97 	0.019999999999999574
342.0 	5.99 	0.020000000000000462
343.0 	6.0 	0.009999999999999787
344.0 	6.02 	0.019999999999999574
345.0 	6.03 	0.010000000000000675
346.0 	6.05 	0.019999999999999574
347.0 	6.06 	0.009999999999999787
348.0 	6.08 	0.020000000000000462
349.0 	6.09 	0.009999999999999787
350.0 	6.1 	0.009999999999999787
351.0 	6.12 	0.020000000000000462
352.0 	6.14 	0.019999999999999574
353.0 	6.16 	0.020000000000000462
354.0 	6.17 	0.009999999999999787
355.0 	6.19 	0.020000000000000462
356.0 	6.21 	0.019999999999999574
357.0 	6.23 	0.020000000000000462
358.0 	6.24 	0.009999999999999787
359.0 	6.26 	0.019999999999999574
360.0 	6.27 	0.009999999999999787
361.0 	6.29 	0.020000000000000462
362.0 	6.31 	0.019999999999999574
363.0 	6.33 	0.020000000000000462
364.0 	6.35 	0.019999999999999574
365.0 	6.37 	0.020000000000000462
366.0 	6.39 	0.019999999999999574
367.0 	6.41 	0.020000000000000462
368.0 	6.42 	0.009999999999999787
369.0 	6.44 	0.020000000000000462
370.0 	6.46 	0.019999999999999574
371.0 	6.47 	0.009999999999999787
372.0 	6.48 	0.010000000000000675
373.0 	6.5 	0.019999999999999574
374.0 	6.51 	0.009999999999999787
375.0 	6.53 	0.020000000000000462
376.0 	6.55 	0.019999999999999574
377.0 	6.56 	0.009999999999999787
378.0 	6.58 	0.020000000000000462
379.0 	6.6 	0.019999999999999574
380.0 	6.62 	0.020000000000000462
381.0 	6.63 	0.009999999999999787
382.0 	6.65 	0.020000000000000462
383.0 	6.67 	0.019999999999999574
384.0 	6.69 	0.020000000000000462
385.0 	6.71 	0.019999999999999574
386.0 	6.72 	0.009999999999999787
387.0 	6.74 	0.020000000000000462
388.0 	6.75 	0.009999999999999787
389.0 	6.77 	0.019999999999999574
390.0 	6.78 	0.010000000000000675
391.0 	6.8 	0.019999999999999574
392.0 	6.82 	0.020000000000000462
393.0 	6.84 	0.019999999999999574
394.0 	6.86 	0.020000000000000462
395.0 	6.88 	0.019999999999999574
396.0 	6.9 	0.020000000000000462
397.0 	6.92 	0.019999999999999574
398.0 	6.94 	0.020000000000000462
399.0 	6.95 	0.009999999999999787
400.0 	6.97 	0.019999999999999574
401.0 	6.98 	0.010000000000000675
402.0 	7.0 	0.019999999999999574
403.0 	7.01 	0.009999999999999787
404.0 	7.03 	0.020000000000000462
405.0 	7.04 	0.009999999999999787
406.0 	7.06 	0.019999999999999574
407.0 	7.07 	0.010000000000000675
408.0 	7.09 	0.019999999999999574
409.0 	7.1 	0.009999999999999787
410.0 	7.12 	0.020000000000000462
411.0 	7.14 	0.019999999999999574
412.0 	7.16 	0.020000000000000462
413.0 	7.17 	0.009999999999999787
414.0 	7.19 	0.020000000000000462
415.0 	7.2 	0.009999999999999787
416.0 	7.22 	0.019999999999999574
417.0 	7.23 	0.010000000000000675
418.0 	7.25 	0.019999999999999574
419.0 	7.26 	0.009999999999999787
420.0 	7.29 	0.03000000000000025
421.0 	7.31 	0.019999999999999574
422.0 	7.32 	0.010000000000000675
423.0 	7.33 	0.009999999999999787
424.0 	7.35 	0.019999999999999574
425.0 	7.38 	0.03000000000000025
426.0 	7.39 	0.009999999999999787
427.0 	7.41 	0.020000000000000462
428.0 	7.42 	0.009999999999999787
429.0 	7.44 	0.020000000000000462
430.0 	7.45 	0.009999999999999787
431.0 	7.47 	0.019999999999999574
432.0 	7.48 	0.010000000000000675
433.0 	7.5 	0.019999999999999574
434.0 	7.51 	0.009999999999999787
435.0 	7.53 	0.020000000000000462
436.0 	7.54 	0.009999999999999787
437.0 	7.56 	0.019999999999999574
438.0 	7.57 	0.010000000000000675
439.0 	7.59 	0.019999999999999574
440.0 	7.6 	0.009999999999999787
441.0 	7.62 	0.020000000000000462
442.0 	7.63 	0.009999999999999787
443.0 	7.65 	0.020000000000000462
444.0 	7.66 	0.009999999999999787
445.0 	7.68 	0.019999999999999574
446.0 	7.69 	0.010000000000000675
447.0 	7.71 	0.019999999999999574
448.0 	7.72 	0.009999999999999787
449.0 	7.74 	0.020000000000000462
450.0 	7.75 	0.009999999999999787
451.0 	7.77 	0.019999999999999574
452.0 	7.79 	0.020000000000000462
453.0 	7.81 	0.019999999999999574
454.0 	7.82 	0.010000000000000675
455.0 	7.83 	0.009999999999999787
456.0 	7.85 	0.019999999999999574
457.0 	7.86 	0.010000000000000675
458.0 	7.88 	0.019999999999999574
459.0 	7.89 	0.009999999999999787
460.0 	7.91 	0.020000000000000462
461.0 	7.93 	0.019999999999999574
462.0 	7.94 	0.010000000000000675
463.0 	7.96 	0.019999999999999574
464.0 	7.98 	0.020000000000000462
465.0 	7.99 	0.009999999999999787
466.0 	8.01 	0.019999999999999574
467.0 	8.03 	0.019999999999999574
468.0 	8.04 	0.009999999999999787
469.0 	8.06 	0.02000000000000135
470.0 	8.07 	0.009999999999999787
471.0 	8.08 	0.009999999999999787
472.0 	8.1 	0.019999999999999574
473.0 	8.11 	0.009999999999999787
474.0 	8.13 	0.02000000000000135
475.0 	8.14 	0.009999999999999787
476.0 	8.16 	0.019999999999999574
477.0 	8.18 	0.019999999999999574
478.0 	8.19 	0.009999999999999787
479.0 	8.21 	0.02000000000000135
480.0 	8.22 	0.009999999999999787
481.0 	8.24 	0.019999999999999574
482.0 	8.26 	0.019999999999999574
483.0 	8.27 	0.009999999999999787
484.0 	8.28 	0.009999999999999787
485.0 	8.3 	0.02000000000000135
486.0 	8.31 	0.009999999999999787
487.0 	8.32 	0.009999999999999787
488.0 	8.34 	0.019999999999999574
489.0 	8.35 	0.009999999999999787
490.0 	8.37 	0.019999999999999574
491.0 	8.38 	0.010000000000001563
492.0 	8.4 	0.019999999999999574
493.0 	8.41 	0.009999999999999787
494.0 	8.43 	0.019999999999999574
495.0 	8.45 	0.019999999999999574
496.0 	8.47 	0.02000000000000135
497.0 	8.48 	0.009999999999999787
498.0 	8.5 	0.019999999999999574
499.0 	8.52 	0.019999999999999574
500.0 	8.53 	0.009999999999999787
501.0 	8.54 	0.009999999999999787
502.0 	8.56 	0.02000000000000135
503.0 	8.58 	0.019999999999999574
504.0 	8.6 	0.019999999999999574
505.0 	8.61 	0.009999999999999787
506.0 	8.63 	0.02000000000000135
507.0 	8.65 	0.019999999999999574
508.0 	8.67 	0.019999999999999574
509.0 	8.68 	0.009999999999999787
510.0 	8.7 	0.019999999999999574
511.0 	8.72 	0.02000000000000135
512.0 	8.74 	0.019999999999999574
513.0 	8.76 	0.019999999999999574
514.0 	8.78 	0.019999999999999574
515.0 	8.79 	0.009999999999999787
516.0 	8.81 	0.02000000000000135
517.0 	8.82 	0.009999999999999787
518.0 	8.84 	0.019999999999999574
519.0 	8.86 	0.019999999999999574
520.0 	8.88 	0.02000000000000135
521.0 	8.9 	0.019999999999999574
522.0 	8.92 	0.019999999999999574
523.0 	8.94 	0.019999999999999574
524.0 	8.96 	0.02000000000000135
525.0 	8.98 	0.019999999999999574
526.0 	9.0 	0.019999999999999574
527.0 	9.01 	0.009999999999999787
528.0 	9.03 	0.019999999999999574
529.0 	9.04 	0.009999999999999787
530.0 	9.06 	0.02000000000000135
531.0 	9.07 	0.009999999999999787
532.0 	9.09 	0.019999999999999574
533.0 	9.11 	0.019999999999999574
534.0 	9.12 	0.009999999999999787
535.0 	9.14 	0.02000000000000135
536.0 	9.15 	0.009999999999999787
537.0 	9.17 	0.019999999999999574
538.0 	9.19 	0.019999999999999574
539.0 	9.2 	0.009999999999999787
540.0 	9.22 	0.02000000000000135
541.0 	9.23 	0.009999999999999787
542.0 	9.24 	0.009999999999999787
543.0 	9.26 	0.019999999999999574
544.0 	9.27 	0.009999999999999787
545.0 	9.28 	0.009999999999999787
546.0 	9.3 	0.02000000000000135
547.0 	9.31 	0.009999999999999787
548.0 	9.33 	0.019999999999999574
549.0 	9.35 	0.019999999999999574
550.0 	9.36 	0.009999999999999787
551.0 	9.38 	0.02000000000000135
552.0 	9.4 	0.019999999999999574
553.0 	9.42 	0.019999999999999574
554.0 	9.43 	0.009999999999999787
555.0 	9.44 	0.009999999999999787
556.0 	9.45 	0.009999999999999787
557.0 	9.47 	0.02000000000000135
558.0 	9.49 	0.019999999999999574
559.0 	9.5 	0.009999999999999787
560.0 	9.52 	0.019999999999999574
561.0 	9.53 	0.009999999999999787
562.0 	9.55 	0.02000000000000135
563.0 	9.57 	0.019999999999999574
564.0 	9.58 	0.009999999999999787
565.0 	9.6 	0.019999999999999574
566.0 	9.61 	0.009999999999999787
567.0 	9.63 	0.02000000000000135
568.0 	9.65 	0.019999999999999574
569.0 	9.67 	0.019999999999999574
570.0 	9.69 	0.019999999999999574
571.0 	9.72 	0.030000000000001137
572.0 	9.73 	0.009999999999999787
573.0 	9.74 	0.009999999999999787
574.0 	9.76 	0.019999999999999574
575.0 	9.77 	0.009999999999999787
576.0 	9.79 	0.019999999999999574
577.0 	9.81 	0.02000000000000135
578.0 	9.82 	0.009999999999999787
579.0 	9.84 	0.019999999999999574
580.0 	9.86 	0.019999999999999574
581.0 	9.87 	0.009999999999999787
582.0 	9.89 	0.02000000000000135
583.0 	9.91 	0.019999999999999574
584.0 	9.92 	0.009999999999999787
585.0 	9.94 	0.019999999999999574
586.0 	9.95 	0.009999999999999787
587.0 	9.97 	0.02000000000000135
588.0 	9.98 	0.009999999999999787
589.0 	10.0 	0.019999999999999574
590.0 	10.01 	0.009999999999999787
591.0 	10.03 	0.019999999999999574
592.0 	10.05 	0.02000000000000135
593.0 	10.06 	0.009999999999999787
594.0 	10.09 	0.02999999999999936
595.0 	10.1 	0.009999999999999787
596.0 	10.12 	0.019999999999999574
597.0 	10.14 	0.02000000000000135
598.0 	10.16 	0.019999999999999574
599.0 	10.17 	0.009999999999999787
600.0 	10.19 	0.019999999999999574
601.0 	10.21 	0.02000000000000135
602.0 	10.22 	0.009999999999999787
603.0 	10.23 	0.009999999999999787
604.0 	10.25 	0.019999999999999574
605.0 	10.26 	0.009999999999999787
606.0 	10.28 	0.019999999999999574
607.0 	10.29 	0.009999999999999787
608.0 	10.31 	0.02000000000000135
609.0 	10.32 	0.009999999999999787
610.0 	10.34 	0.019999999999999574
611.0 	10.36 	0.019999999999999574
612.0 	10.38 	0.02000000000000135
613.0 	10.4 	0.019999999999999574
614.0 	10.41 	0.009999999999999787
615.0 	10.43 	0.019999999999999574
616.0 	10.44 	0.009999999999999787
617.0 	10.46 	0.02000000000000135
618.0 	10.47 	0.009999999999999787
619.0 	10.48 	0.009999999999999787
620.0 	10.5 	0.019999999999999574
621.0 	10.51 	0.009999999999999787
622.0 	10.53 	0.019999999999999574
623.0 	10.55 	0.02000000000000135
624.0 	10.56 	0.009999999999999787
625.0 	10.58 	0.019999999999999574
626.0 	10.59 	0.009999999999999787
627.0 	10.61 	0.019999999999999574
628.0 	10.63 	0.02000000000000135
629.0 	10.64 	0.009999999999999787
630.0 	10.66 	0.019999999999999574
631.0 	10.67 	0.009999999999999787
632.0 	10.69 	0.019999999999999574
633.0 	10.7 	0.009999999999999787
634.0 	10.72 	0.02000000000000135
635.0 	10.73 	0.009999999999999787
636.0 	10.75 	0.019999999999999574
637.0 	10.76 	0.009999999999999787
638.0 	10.78 	0.019999999999999574
639.0 	10.8 	0.02000000000000135
640.0 	10.82 	0.019999999999999574
641.0 	10.83 	0.009999999999999787
642.0 	10.85 	0.019999999999999574
643.0 	10.87 	0.019999999999999574
644.0 	10.89 	0.02000000000000135
645.0 	10.91 	0.019999999999999574
646.0 	10.93 	0.019999999999999574
647.0 	10.94 	0.009999999999999787
648.0 	10.96 	0.02000000000000135
649.0 	10.97 	0.009999999999999787
650.0 	10.99 	0.019999999999999574
651.0 	11.01 	0.019999999999999574
652.0 	11.03 	0.019999999999999574
653.0 	11.05 	0.02000000000000135
654.0 	11.08 	0.02999999999999936
655.0 	11.09 	0.009999999999999787
656.0 	11.12 	0.02999999999999936
657.0 	11.13 	0.010000000000001563
658.0 	11.15 	0.019999999999999574
659.0 	11.17 	0.019999999999999574
660.0 	11.18 	0.009999999999999787
661.0 	11.19 	0.009999999999999787
662.0 	11.21 	0.02000000000000135
663.0 	11.22 	0.009999999999999787
664.0 	11.24 	0.019999999999999574
665.0 	11.26 	0.019999999999999574
666.0 	11.28 	0.019999999999999574
667.0 	11.29 	0.009999999999999787
668.0 	11.3 	0.010000000000001563
669.0 	11.32 	0.019999999999999574
670.0 	11.34 	0.019999999999999574
671.0 	11.35 	0.009999999999999787
672.0 	11.37 	0.019999999999999574
673.0 	11.39 	0.02000000000000135
674.0 	11.41 	0.019999999999999574
675.0 	11.43 	0.019999999999999574
676.0 	11.44 	0.009999999999999787
677.0 	11.46 	0.02000000000000135
678.0 	11.47 	0.009999999999999787
679.0 	11.49 	0.019999999999999574
680.0 	11.5 	0.009999999999999787
681.0 	11.52 	0.019999999999999574
682.0 	11.53 	0.009999999999999787
683.0 	11.55 	0.02000000000000135
684.0 	11.56 	0.009999999999999787
685.0 	11.58 	0.019999999999999574
686.0 	11.6 	0.019999999999999574
687.0 	11.62 	0.019999999999999574
688.0 	11.64 	0.02000000000000135
689.0 	11.66 	0.019999999999999574
690.0 	11.67 	0.009999999999999787
691.0 	11.68 	0.009999999999999787
692.0 	11.7 	0.019999999999999574
693.0 	11.71 	0.010000000000001563
694.0 	11.73 	0.019999999999999574
695.0 	11.75 	0.019999999999999574
696.0 	11.77 	0.019999999999999574
697.0 	11.79 	0.019999999999999574
698.0 	11.81 	0.02000000000000135
699.0 	11.83 	0.019999999999999574
700.0 	11.84 	0.009999999999999787
701.0 	11.87 	0.02999999999999936
702.0 	11.89 	0.02000000000000135
703.0 	11.91 	0.019999999999999574
704.0 	11.93 	0.019999999999999574
705.0 	11.94 	0.009999999999999787
706.0 	11.96 	0.02000000000000135
707.0 	11.98 	0.019999999999999574
708.0 	12.0 	0.019999999999999574
709.0 	12.01 	0.009999999999999787
710.0 	12.04 	0.02999999999999936
711.0 	12.06 	0.02000000000000135
712.0 	12.08 	0.019999999999999574
713.0 	12.11 	0.02999999999999936
714.0 	12.13 	0.02000000000000135
715.0 	12.15 	0.019999999999999574
716.0 	12.17 	0.019999999999999574
717.0 	12.19 	0.019999999999999574
718.0 	12.21 	0.02000000000000135
719.0 	12.23 	0.019999999999999574
720.0 	12.25 	0.019999999999999574
721.0 	12.27 	0.019999999999999574
722.0 	12.29 	0.019999999999999574
723.0 	12.31 	0.02000000000000135
724.0 	12.33 	0.019999999999999574
725.0 	12.35 	0.019999999999999574
726.0 	12.38 	0.030000000000001137
727.0 	12.4 	0.019999999999999574
728.0 	12.41 	0.009999999999999787
729.0 	12.43 	0.019999999999999574
730.0 	12.45 	0.019999999999999574
731.0 	12.47 	0.02000000000000135
732.0 	12.49 	0.019999999999999574
733.0 	12.51 	0.019999999999999574
734.0 	12.53 	0.019999999999999574
735.0 	12.55 	0.02000000000000135
736.0 	12.57 	0.019999999999999574
737.0 	12.6 	0.02999999999999936
738.0 	12.62 	0.019999999999999574
739.0 	12.63 	0.010000000000001563
740.0 	12.64 	0.009999999999999787
741.0 	12.66 	0.019999999999999574
742.0 	12.67 	0.009999999999999787
743.0 	12.68 	0.009999999999999787
744.0 	12.69 	0.009999999999999787
745.0 	12.71 	0.02000000000000135
746.0 	12.72 	0.009999999999999787
747.0 	12.73 	0.009999999999999787
748.0 	12.75 	0.019999999999999574
749.0 	12.76 	0.009999999999999787
750.0 	12.78 	0.019999999999999574
751.0 	12.79 	0.009999999999999787
752.0 	12.8 	0.010000000000001563
753.0 	12.82 	0.019999999999999574
754.0 	12.83 	0.009999999999999787
755.0 	12.85 	0.019999999999999574
756.0 	12.86 	0.009999999999999787
757.0 	12.87 	0.009999999999999787
758.0 	12.89 	0.02000000000000135
759.0 	12.9 	0.009999999999999787
760.0 	12.92 	0.019999999999999574
761.0 	12.93 	0.009999999999999787
762.0 	12.95 	0.019999999999999574
763.0 	12.96 	0.010000000000001563
764.0 	12.98 	0.019999999999999574
765.0 	12.99 	0.009999999999999787
766.0 	13.0 	0.009999999999999787
767.0 	13.02 	0.019999999999999574
768.0 	13.03 	0.009999999999999787
769.0 	13.05 	0.02000000000000135
770.0 	13.06 	0.009999999999999787
771.0 	13.08 	0.019999999999999574
772.0 	13.1 	0.019999999999999574
773.0 	13.12 	0.019999999999999574
774.0 	13.13 	0.010000000000001563
775.0 	13.14 	0.009999999999999787
776.0 	13.15 	0.009999999999999787
777.0 	13.16 	0.009999999999999787
778.0 	13.18 	0.019999999999999574
779.0 	13.19 	0.009999999999999787
780.0 	13.2 	0.009999999999999787
781.0 	13.21 	0.010000000000001563
782.0 	13.23 	0.019999999999999574
783.0 	13.24 	0.009999999999999787
784.0 	13.25 	0.009999999999999787
785.0 	13.26 	0.009999999999999787
786.0 	13.27 	0.009999999999999787
787.0 	13.28 	0.009999999999999787
788.0 	13.29 	0.009999999999999787
789.0 	13.3 	0.010000000000001563
790.0 	13.32 	0.019999999999999574
791.0 	13.33 	0.009999999999999787
792.0 	13.34 	0.009999999999999787
793.0 	13.35 	0.009999999999999787
794.0 	13.36 	0.009999999999999787
795.0 	13.38 	0.02000000000000135
796.0 	13.4 	0.019999999999999574
797.0 	13.41 	0.009999999999999787
798.0 	13.44 	0.02999999999999936
799.0 	13.45 	0.009999999999999787
800.0 	13.47 	0.02000000000000135
801.0 	13.49 	0.019999999999999574
802.0 	13.51 	0.019999999999999574
803.0 	13.52 	0.009999999999999787
804.0 	13.54 	0.019999999999999574
805.0 	13.55 	0.010000000000001563
806.0 	13.57 	0.019999999999999574
807.0 	13.59 	0.019999999999999574
808.0 	13.6 	0.009999999999999787
809.0 	13.62 	0.019999999999999574
810.0 	13.63 	0.010000000000001563
811.0 	13.65 	0.019999999999999574
812.0 	13.66 	0.009999999999999787
813.0 	13.67 	0.009999999999999787
814.0 	13.69 	0.019999999999999574
815.0 	13.7 	0.009999999999999787
816.0 	13.72 	0.02000000000000135
817.0 	13.73 	0.009999999999999787
818.0 	13.75 	0.019999999999999574
819.0 	13.76 	0.009999999999999787
820.0 	13.78 	0.019999999999999574
821.0 	13.79 	0.009999999999999787
822.0 	13.8 	0.010000000000001563
823.0 	13.82 	0.019999999999999574
824.0 	13.83 	0.009999999999999787
825.0 	13.85 	0.019999999999999574
826.0 	13.86 	0.009999999999999787
827.0 	13.88 	0.02000000000000135
828.0 	13.89 	0.009999999999999787
829.0 	13.91 	0.019999999999999574
830.0 	13.92 	0.009999999999999787
831.0 	13.93 	0.009999999999999787
832.0 	13.94 	0.009999999999999787
833.0 	13.96 	0.02000000000000135
834.0 	13.97 	0.009999999999999787
835.0 	13.99 	0.019999999999999574
836.0 	14.0 	0.009999999999999787
837.0 	14.02 	0.019999999999999574
838.0 	14.03 	0.009999999999999787
839.0 	14.04 	0.009999999999999787
840.0 	14.06 	0.02000000000000135
841.0 	14.07 	0.009999999999999787
842.0 	14.09 	0.019999999999999574
843.0 	14.1 	0.009999999999999787
844.0 	14.12 	0.019999999999999574
845.0 	14.14 	0.02000000000000135
846.0 	14.16 	0.019999999999999574
847.0 	14.17 	0.009999999999999787
848.0 	14.18 	0.009999999999999787
849.0 	14.2 	0.019999999999999574
850.0 	14.22 	0.02000000000000135
851.0 	14.23 	0.009999999999999787
852.0 	14.24 	0.009999999999999787
853.0 	14.26 	0.019999999999999574
854.0 	14.27 	0.009999999999999787
855.0 	14.28 	0.009999999999999787
856.0 	14.3 	0.02000000000000135
857.0 	14.31 	0.009999999999999787
858.0 	14.32 	0.009999999999999787
859.0 	14.33 	0.009999999999999787
860.0 	14.35 	0.019999999999999574
861.0 	14.35 	0.0
862.0 	14.37 	0.019999999999999574
863.0 	14.38 	0.010000000000001563
864.0 	14.39 	0.009999999999999787
865.0 	14.41 	0.019999999999999574
866.0 	14.42 	0.009999999999999787
867.0 	14.43 	0.009999999999999787
868.0 	14.45 	0.019999999999999574
869.0 	14.47 	0.02000000000000135
870.0 	14.48 	0.009999999999999787
871.0 	14.49 	0.009999999999999787
872.0 	14.51 	0.019999999999999574
873.0 	14.53 	0.019999999999999574
874.0 	14.54 	0.009999999999999787
875.0 	14.56 	0.02000000000000135
876.0 	14.57 	0.009999999999999787
877.0 	14.58 	0.009999999999999787
878.0 	14.6 	0.019999999999999574
879.0 	14.61 	0.009999999999999787
880.0 	14.63 	0.02000000000000135
881.0 	14.64 	0.009999999999999787
882.0 	14.65 	0.009999999999999787
883.0 	14.66 	0.009999999999999787
884.0 	14.67 	0.009999999999999787
885.0 	14.69 	0.019999999999999574
886.0 	14.7 	0.009999999999999787
887.0 	14.71 	0.010000000000001563
888.0 	14.72 	0.009999999999999787
889.0 	14.74 	0.019999999999999574
890.0 	14.75 	0.009999999999999787
891.0 	14.76 	0.009999999999999787
892.0 	14.77 	0.009999999999999787
893.0 	14.79 	0.019999999999999574
894.0 	14.8 	0.010000000000001563
895.0 	14.81 	0.009999999999999787
896.0 	14.82 	0.009999999999999787
897.0 	14.83 	0.009999999999999787
898.0 	14.85 	0.019999999999999574
899.0 	14.86 	0.009999999999999787
900.0 	14.88 	0.02000000000000135
901.0 	14.89 	0.009999999999999787
902.0 	14.9 	0.009999999999999787
903.0 	14.91 	0.009999999999999787
904.0 	14.93 	0.019999999999999574
905.0 	14.94 	0.009999999999999787
906.0 	14.95 	0.009999999999999787
907.0 	14.96 	0.010000000000001563
908.0 	14.97 	0.009999999999999787
909.0 	14.99 	0.019999999999999574
910.0 	15.0 	0.009999999999999787
911.0 	15.01 	0.009999999999999787
912.0 	15.03 	0.019999999999999574
913.0 	15.04 	0.009999999999999787
914.0 	15.05 	0.010000000000001563
915.0 	15.06 	0.009999999999999787
916.0 	15.08 	0.019999999999999574
917.0 	15.09 	0.009999999999999787
918.0 	15.1 	0.009999999999999787
919.0 	15.11 	0.009999999999999787
920.0 	15.12 	0.009999999999999787
921.0 	15.14 	0.02000000000000135
922.0 	15.15 	0.009999999999999787
923.0 	15.17 	0.019999999999999574
924.0 	15.18 	0.009999999999999787
925.0 	15.19 	0.009999999999999787
926.0 	15.21 	0.02000000000000135
927.0 	15.22 	0.009999999999999787
928.0 	15.23 	0.009999999999999787
929.0 	15.25 	0.019999999999999574
930.0 	15.26 	0.009999999999999787
931.0 	15.27 	0.009999999999999787
932.0 	15.28 	0.009999999999999787
933.0 	15.3 	0.02000000000000135
934.0 	15.31 	0.009999999999999787
935.0 	15.32 	0.009999999999999787
936.0 	15.33 	0.009999999999999787
937.0 	15.35 	0.019999999999999574
938.0 	15.36 	0.009999999999999787
939.0 	15.37 	0.009999999999999787
940.0 	15.38 	0.010000000000001563
941.0 	15.39 	0.009999999999999787
942.0 	15.41 	0.019999999999999574
943.0 	15.42 	0.009999999999999787
944.0 	15.43 	0.009999999999999787
945.0 	15.44 	0.009999999999999787
946.0 	15.45 	0.009999999999999787
947.0 	15.46 	0.010000000000001563
948.0 	15.48 	0.019999999999999574
949.0 	15.49 	0.009999999999999787
950.0 	15.5 	0.009999999999999787
951.0 	15.51 	0.009999999999999787
952.0 	15.53 	0.019999999999999574
953.0 	15.54 	0.009999999999999787
954.0 	15.55 	0.010000000000001563
955.0 	15.56 	0.009999999999999787
956.0 	15.57 	0.009999999999999787
957.0 	15.58 	0.009999999999999787
958.0 	15.59 	0.009999999999999787
959.0 	15.61 	0.019999999999999574
960.0 	15.62 	0.009999999999999787
961.0 	15.63 	0.010000000000001563
962.0 	15.65 	0.019999999999999574
963.0 	15.66 	0.009999999999999787
964.0 	15.67 	0.009999999999999787
965.0 	15.69 	0.019999999999999574
966.0 	15.7 	0.009999999999999787
967.0 	15.72 	0.02000000000000135
968.0 	15.73 	0.009999999999999787
969.0 	15.75 	0.019999999999999574
970.0 	15.76 	0.009999999999999787
971.0 	15.78 	0.019999999999999574
972.0 	15.79 	0.009999999999999787
973.0 	15.81 	0.02000000000000135
974.0 	15.82 	0.009999999999999787
975.0 	15.84 	0.019999999999999574
976.0 	15.85 	0.009999999999999787
977.0 	15.86 	0.009999999999999787
978.0 	15.88 	0.02000000000000135
979.0 	15.89 	0.009999999999999787
980.0 	15.91 	0.019999999999999574
981.0 	15.92 	0.009999999999999787
982.0 	15.94 	0.019999999999999574
983.0 	15.95 	0.009999999999999787
984.0 	15.97 	0.02000000000000135
985.0 	15.98 	0.009999999999999787
986.0 	15.99 	0.009999999999999787
987.0 	16.01 	0.02000000000000135
988.0 	16.02 	0.00999999999999801
989.0 	16.04 	0.019999999999999574
990.0 	16.05 	0.010000000000001563
991.0 	16.07 	0.019999999999999574
992.0 	16.08 	0.00999999999999801
993.0 	16.1 	0.020000000000003126
994.0 	16.11 	0.00999999999999801
995.0 	16.12 	0.010000000000001563
996.0 	16.14 	0.019999999999999574
997.0 	16.15 	0.00999999999999801
998.0 	16.17 	0.020000000000003126
999.0 	16.18 	0.00999999999999801
1000.0 	16.19 	0.010000000000001563
1001.0 	16.21 	0.019999999999999574
1002.0 	16.22 	0.00999999999999801
1003.0 	16.23 	0.010000000000001563
1004.0 	16.24 	0.00999999999999801
1005.0 	16.26 	0.020000000000003126
1006.0 	16.27 	0.00999999999999801
1007.0 	16.29 	0.019999999999999574
1008.0 	16.3 	0.010000000000001563
1009.0 	16.31 	0.00999999999999801
1010.0 	16.33 	0.019999999999999574
1011.0 	16.34 	0.010000000000001563
1012.0 	16.35 	0.010000000000001563
1013.0 	16.36 	0.00999999999999801
1014.0 	16.38 	0.019999999999999574
1015.0 	16.39 	0.010000000000001563
1016.0 	16.4 	0.00999999999999801
1017.0 	16.42 	0.020000000000003126
1018.0 	16.43 	0.00999999999999801
1019.0 	16.44 	0.010000000000001563
1020.0 	16.46 	0.019999999999999574
1021.0 	16.47 	0.00999999999999801
1022.0 	16.49 	0.019999999999999574
1023.0 	16.5 	0.010000000000001563
1024.0 	16.51 	0.010000000000001563
1025.0 	16.53 	0.019999999999999574
1026.0 	16.54 	0.00999999999999801
1027.0 	16.55 	0.010000000000001563
1028.0 	16.56 	0.00999999999999801
1029.0 	16.58 	0.019999999999999574
1030.0 	16.59 	0.010000000000001563
1031.0 	16.6 	0.010000000000001563
1032.0 	16.61 	0.00999999999999801
1033.0 	16.62 	0.010000000000001563
1034.0 	16.63 	0.00999999999999801
1035.0 	16.65 	0.019999999999999574
1036.0 	16.66 	0.010000000000001563
1037.0 	16.67 	0.010000000000001563
1038.0 	16.68 	0.00999999999999801
1039.0 	16.69 	0.010000000000001563
1040.0 	16.7 	0.00999999999999801
1041.0 	16.72 	0.019999999999999574
1042.0 	16.73 	0.010000000000001563
1043.0 	16.74 	0.00999999999999801
1044.0 	16.75 	0.010000000000001563
1045.0 	16.76 	0.010000000000001563
1046.0 	16.77 	0.00999999999999801
1047.0 	16.79 	0.019999999999999574
1048.0 	16.8 	0.010000000000001563
1049.0 	16.81 	0.00999999999999801
1050.0 	16.82 	0.010000000000001563
1051.0 	16.83 	0.00999999999999801
1052.0 	16.84 	0.010000000000001563
1053.0 	16.85 	0.010000000000001563
1054.0 	16.86 	0.00999999999999801
1055.0 	16.87 	0.010000000000001563
1056.0 	16.89 	0.019999999999999574
1057.0 	16.9 	0.00999999999999801
1058.0 	16.91 	0.010000000000001563
1059.0 	16.92 	0.010000000000001563
1060.0 	16.93 	0.00999999999999801
1061.0 	16.94 	0.010000000000001563
1062.0 	16.96 	0.019999999999999574
1063.0 	16.97 	0.00999999999999801
1064.0 	16.98 	0.010000000000001563
1065.0 	16.99 	0.00999999999999801
1066.0 	17.0 	0.010000000000001563
1067.0 	17.01 	0.010000000000001563
1068.0 	17.03 	0.019999999999999574
1069.0 	17.04 	0.00999999999999801
1070.0 	17.05 	0.010000000000001563
1071.0 	17.06 	0.00999999999999801
1072.0 	17.07 	0.010000000000001563
1073.0 	17.09 	0.019999999999999574
1074.0 	17.1 	0.010000000000001563
1075.0 	17.11 	0.00999999999999801
1076.0 	17.12 	0.010000000000001563
1077.0 	17.13 	0.00999999999999801
1078.0 	17.15 	0.019999999999999574
1079.0 	17.16 	0.010000000000001563
1080.0 	17.17 	0.010000000000001563
1081.0 	17.18 	0.00999999999999801
1082.0 	17.19 	0.010000000000001563
1083.0 	17.21 	0.019999999999999574
1084.0 	17.22 	0.00999999999999801
1085.0 	17.23 	0.010000000000001563
1086.0 	17.24 	0.00999999999999801
1087.0 	17.25 	0.010000000000001563
1088.0 	17.26 	0.010000000000001563
1089.0 	17.28 	0.019999999999999574
1090.0 	17.29 	0.00999999999999801
1091.0 	17.3 	0.010000000000001563
1092.0 	17.31 	0.00999999999999801
1093.0 	17.32 	0.010000000000001563
1094.0 	17.33 	0.00999999999999801
1095.0 	17.34 	0.010000000000001563
1096.0 	17.36 	0.019999999999999574
1097.0 	17.37 	0.010000000000001563
1098.0 	17.38 	0.00999999999999801
1099.0 	17.39 	0.010000000000001563
1100.0 	17.41 	0.019999999999999574
1101.0 	17.42 	0.010000000000001563
1102.0 	17.43 	0.00999999999999801
1103.0 	17.44 	0.010000000000001563
1104.0 	17.45 	0.00999999999999801
1105.0 	17.46 	0.010000000000001563
1106.0 	17.48 	0.019999999999999574
1107.0 	17.49 	0.00999999999999801
1108.0 	17.5 	0.010000000000001563
1109.0 	17.51 	0.010000000000001563
1110.0 	17.52 	0.00999999999999801
1111.0 	17.54 	0.019999999999999574
1112.0 	17.55 	0.010000000000001563
1113.0 	17.56 	0.00999999999999801
1114.0 	17.57 	0.010000000000001563
1115.0 	17.58 	0.00999999999999801
1116.0 	17.6 	0.020000000000003126
1117.0 	17.61 	0.00999999999999801
1118.0 	17.62 	0.010000000000001563
1119.0 	17.63 	0.00999999999999801
1120.0 	17.65 	0.019999999999999574
1121.0 	17.66 	0.010000000000001563
1122.0 	17.67 	0.010000000000001563
1123.0 	17.69 	0.019999999999999574
1124.0 	17.71 	0.019999999999999574
1125.0 	17.72 	0.00999999999999801
1126.0 	17.74 	0.019999999999999574
1127.0 	17.75 	0.010000000000001563
1128.0 	17.76 	0.010000000000001563
1129.0 	17.77 	0.00999999999999801
1130.0 	17.79 	0.019999999999999574
1131.0 	17.8 	0.010000000000001563
1132.0 	17.81 	0.00999999999999801
1133.0 	17.83 	0.019999999999999574
1134.0 	17.84 	0.010000000000001563
1135.0 	17.85 	0.010000000000001563
1136.0 	17.87 	0.019999999999999574
1137.0 	17.88 	0.00999999999999801
1138.0 	17.89 	0.010000000000001563
1139.0 	17.91 	0.019999999999999574
1140.0 	17.92 	0.010000000000001563
1141.0 	17.93 	0.00999999999999801
1142.0 	17.95 	0.019999999999999574
1143.0 	17.96 	0.010000000000001563
1144.0 	17.97 	0.00999999999999801
1145.0 	17.99 	0.019999999999999574
1146.0 	18.0 	0.010000000000001563
1147.0 	18.01 	0.010000000000001563
1148.0 	18.03 	0.019999999999999574
1149.0 	18.04 	0.00999999999999801
1150.0 	18.06 	0.019999999999999574
1151.0 	18.07 	0.010000000000001563
1152.0 	18.08 	0.00999999999999801
1153.0 	18.1 	0.020000000000003126
1154.0 	18.11 	0.00999999999999801
1155.0 	18.12 	0.010000000000001563
1156.0 	18.14 	0.019999999999999574
1157.0 	18.15 	0.00999999999999801
1158.0 	18.16 	0.010000000000001563
1159.0 	18.18 	0.019999999999999574
1160.0 	18.19 	0.010000000000001563
1161.0 	18.2 	0.00999999999999801
1162.0 	18.22 	0.019999999999999574
1163.0 	18.23 	0.010000000000001563
1164.0 	18.24 	0.00999999999999801
1165.0 	18.25 	0.010000000000001563
1166.0 	18.26 	0.010000000000001563
1167.0 	18.28 	0.019999999999999574
1168.0 	18.29 	0.00999999999999801
1169.0 	18.3 	0.010000000000001563
1170.0 	18.31 	0.00999999999999801
1171.0 	18.32 	0.010000000000001563
1172.0 	18.34 	0.019999999999999574
1173.0 	18.35 	0.010000000000001563
1174.0 	18.36 	0.00999999999999801
1175.0 	18.37 	0.010000000000001563
1176.0 	18.38 	0.00999999999999801
1177.0 	18.39 	0.010000000000001563
1178.0 	18.4 	0.00999999999999801
1179.0 	18.41 	0.010000000000001563
1180.0 	18.43 	0.019999999999999574
1181.0 	18.44 	0.010000000000001563
1182.0 	18.45 	0.00999999999999801
1183.0 	18.46 	0.010000000000001563
1184.0 	18.47 	0.00999999999999801
1185.0 	18.49 	0.019999999999999574
1186.0 	18.5 	0.010000000000001563
1187.0 	18.51 	0.010000000000001563
1188.0 	18.52 	0.00999999999999801
1189.0 	18.53 	0.010000000000001563
1190.0 	18.55 	0.019999999999999574
1191.0 	18.57 	0.019999999999999574
1192.0 	18.58 	0.00999999999999801
1193.0 	18.59 	0.010000000000001563
1194.0 	18.6 	0.010000000000001563
1195.0 	18.61 	0.00999999999999801
1196.0 	18.63 	0.019999999999999574
1197.0 	18.64 	0.010000000000001563
1198.0 	18.65 	0.00999999999999801
1199.0 	18.66 	0.010000000000001563
1200.0 	18.68 	0.019999999999999574
1201.0 	18.69 	0.010000000000001563
1202.0 	18.7 	0.00999999999999801
1203.0 	18.71 	0.010000000000001563
1204.0 	18.73 	0.019999999999999574
1205.0 	18.74 	0.00999999999999801
1206.0 	18.75 	0.010000000000001563
1207.0 	18.77 	0.019999999999999574
1208.0 	18.78 	0.010000000000001563
1209.0 	18.79 	0.00999999999999801
1210.0 	18.8 	0.010000000000001563
1211.0 	18.82 	0.019999999999999574
1212.0 	18.84 	0.019999999999999574
1213.0 	18.85 	0.010000000000001563
1214.0 	18.86 	0.00999999999999801
1215.0 	18.88 	0.019999999999999574
1216.0 	18.89 	0.010000000000001563
1217.0 	18.9 	0.00999999999999801
1218.0 	18.92 	0.020000000000003126
1219.0 	18.93 	0.00999999999999801
1220.0 	18.95 	0.019999999999999574
1221.0 	18.96 	0.010000000000001563
1222.0 	18.99 	0.029999999999997584
1223.0 	19.0 	0.010000000000001563
1224.0 	19.02 	0.019999999999999574
1225.0 	19.03 	0.010000000000001563
1226.0 	19.04 	0.00999999999999801
1227.0 	19.06 	0.019999999999999574
1228.0 	19.07 	0.010000000000001563
1229.0 	19.09 	0.019999999999999574
1230.0 	19.1 	0.010000000000001563
1231.0 	19.12 	0.019999999999999574
1232.0 	19.13 	0.00999999999999801
1233.0 	19.15 	0.019999999999999574
1234.0 	19.16 	0.010000000000001563
1235.0 	19.17 	0.010000000000001563
1236.0 	19.19 	0.019999999999999574
1237.0 	19.2 	0.00999999999999801
1238.0 	19.21 	0.010000000000001563
1239.0 	19.22 	0.00999999999999801
1240.0 	19.24 	0.019999999999999574
1241.0 	19.25 	0.010000000000001563
1242.0 	19.27 	0.019999999999999574
1243.0 	19.28 	0.010000000000001563
1244.0 	19.29 	0.00999999999999801
1245.0 	19.31 	0.019999999999999574
1246.0 	19.32 	0.010000000000001563
1247.0 	19.34 	0.019999999999999574
1248.0 	19.35 	0.010000000000001563
1249.0 	19.36 	0.00999999999999801
1250.0 	19.37 	0.010000000000001563
1251.0 	19.39 	0.019999999999999574
1252.0 	19.4 	0.00999999999999801
1253.0 	19.42 	0.020000000000003126
1254.0 	19.43 	0.00999999999999801
1255.0 	19.45 	0.019999999999999574
1256.0 	19.46 	0.010000000000001563
1257.0 	19.48 	0.019999999999999574
1258.0 	19.49 	0.00999999999999801
1259.0 	19.5 	0.010000000000001563
1260.0 	19.52 	0.019999999999999574
1261.0 	19.53 	0.010000000000001563
1262.0 	19.54 	0.00999999999999801
1263.0 	19.56 	0.019999999999999574
1264.0 	19.57 	0.010000000000001563
1265.0 	19.59 	0.019999999999999574
1266.0 	19.6 	0.010000000000001563
1267.0 	19.62 	0.019999999999999574
1268.0 	19.63 	0.00999999999999801
1269.0 	19.64 	0.010000000000001563
1270.0 	19.65 	0.00999999999999801
1271.0 	19.66 	0.010000000000001563
1272.0 	19.68 	0.019999999999999574
1273.0 	19.69 	0.010000000000001563
1274.0 	19.71 	0.019999999999999574
1275.0 	19.72 	0.00999999999999801
1276.0 	19.73 	0.010000000000001563
1277.0 	19.75 	0.019999999999999574
1278.0 	19.76 	0.010000000000001563
1279.0 	19.77 	0.00999999999999801
1280.0 	19.79 	0.019999999999999574
1281.0 	19.8 	0.010000000000001563
1282.0 	19.81 	0.00999999999999801
1283.0 	19.83 	0.019999999999999574
1284.0 	19.84 	0.010000000000001563
1285.0 	19.85 	0.010000000000001563
1286.0 	19.87 	0.019999999999999574
1287.0 	19.88 	0.00999999999999801
1288.0 	19.89 	0.010000000000001563
1289.0 	19.91 	0.019999999999999574
1290.0 	19.92 	0.010000000000001563
1291.0 	19.94 	0.019999999999999574
1292.0 	19.95 	0.00999999999999801
1293.0 	19.97 	0.019999999999999574
1294.0 	19.98 	0.010000000000001563
1295.0 	19.99 	0.00999999999999801
1296.0 	20.0 	0.010000000000001563
1297.0 	20.02 	0.019999999999999574
1298.0 	20.03 	0.010000000000001563
1299.0 	20.05 	0.019999999999999574
1300.0 	20.06 	0.00999999999999801
1301.0 	20.07 	0.010000000000001563
1302.0 	20.09 	0.019999999999999574
1303.0 	20.11 	0.019999999999999574
1304.0 	20.12 	0.010000000000001563
1305.0 	20.13 	0.00999999999999801
1306.0 	20.15 	0.019999999999999574
1307.0 	20.16 	0.010000000000001563
1308.0 	20.17 	0.010000000000001563
1309.0 	20.18 	0.00999999999999801
1310.0 	20.2 	0.019999999999999574
1311.0 	20.21 	0.010000000000001563
1312.0 	20.22 	0.00999999999999801
1313.0 	20.24 	0.019999999999999574
1314.0 	20.25 	0.010000000000001563
1315.0 	20.27 	0.019999999999999574
1316.0 	20.28 	0.010000000000001563
1317.0 	20.29 	0.00999999999999801
1318.0 	20.3 	0.010000000000001563
1319.0 	20.32 	0.019999999999999574
1320.0 	20.33 	0.00999999999999801
1321.0 	20.35 	0.020000000000003126
1322.0 	20.36 	0.00999999999999801
1323.0 	20.37 	0.010000000000001563
1324.0 	20.38 	0.00999999999999801
1325.0 	20.4 	0.019999999999999574
1326.0 	20.42 	0.020000000000003126
1327.0 	20.43 	0.00999999999999801
1328.0 	20.44 	0.010000000000001563
1329.0 	20.46 	0.019999999999999574
1330.0 	20.47 	0.00999999999999801
1331.0 	20.48 	0.010000000000001563
1332.0 	20.49 	0.00999999999999801
1333.0 	20.51 	0.020000000000003126
1334.0 	20.52 	0.00999999999999801
1335.0 	20.53 	0.010000000000001563
1336.0 	20.54 	0.00999999999999801
1337.0 	20.55 	0.010000000000001563
1338.0 	20.56 	0.00999999999999801
1339.0 	20.58 	0.019999999999999574
1340.0 	20.59 	0.010000000000001563
1341.0 	20.61 	0.019999999999999574
1342.0 	20.62 	0.010000000000001563
1343.0 	20.63 	0.00999999999999801
1344.0 	20.65 	0.019999999999999574
1345.0 	20.66 	0.010000000000001563
1346.0 	20.68 	0.019999999999999574
1347.0 	20.69 	0.010000000000001563
1348.0 	20.7 	0.00999999999999801
1349.0 	20.72 	0.019999999999999574
1350.0 	20.73 	0.010000000000001563
1351.0 	20.74 	0.00999999999999801
1352.0 	20.76 	0.020000000000003126
1353.0 	20.77 	0.00999999999999801
1354.0 	20.78 	0.010000000000001563
1355.0 	20.8 	0.019999999999999574
1356.0 	20.81 	0.00999999999999801
1357.0 	20.83 	0.019999999999999574
1358.0 	20.84 	0.010000000000001563
1359.0 	20.85 	0.010000000000001563
1360.0 	20.87 	0.019999999999999574
1361.0 	20.88 	0.00999999999999801
1362.0 	20.9 	0.019999999999999574
1363.0 	20.91 	0.010000000000001563
1364.0 	20.93 	0.019999999999999574
1365.0 	20.94 	0.010000000000001563
1366.0 	20.95 	0.00999999999999801
1367.0 	20.96 	0.010000000000001563
1368.0 	20.98 	0.019999999999999574
1369.0 	20.99 	0.00999999999999801
1370.0 	21.01 	0.020000000000003126
1371.0 	21.02 	0.00999999999999801
1372.0 	21.03 	0.010000000000001563
1373.0 	21.05 	0.019999999999999574
1374.0 	21.06 	0.00999999999999801
1375.0 	21.08 	0.019999999999999574
1376.0 	21.09 	0.010000000000001563
1377.0 	21.11 	0.019999999999999574
1378.0 	21.12 	0.010000000000001563
1379.0 	21.14 	0.019999999999999574
1380.0 	21.15 	0.00999999999999801
1381.0 	21.17 	0.020000000000003126
1382.0 	21.18 	0.00999999999999801
1383.0 	21.2 	0.019999999999999574
1384.0 	21.21 	0.010000000000001563
1385.0 	21.23 	0.019999999999999574
1386.0 	21.24 	0.00999999999999801
1387.0 	21.26 	0.020000000000003126
1388.0 	21.27 	0.00999999999999801
1389.0 	21.28 	0.010000000000001563
1390.0 	21.3 	0.019999999999999574
1391.0 	21.31 	0.00999999999999801
1392.0 	21.33 	0.019999999999999574
1393.0 	21.34 	0.010000000000001563
1394.0 	21.35 	0.010000000000001563
1395.0 	21.37 	0.019999999999999574
1396.0 	21.39 	0.019999999999999574
1397.0 	21.4 	0.00999999999999801
1398.0 	21.41 	0.010000000000001563
1399.0 	21.43 	0.019999999999999574
1400.0 	21.44 	0.010000000000001563
1401.0 	21.45 	0.00999999999999801
1402.0 	21.47 	0.019999999999999574
1403.0 	21.48 	0.010000000000001563
1404.0 	21.49 	0.00999999999999801
1405.0 	21.51 	0.020000000000003126
1406.0 	21.52 	0.00999999999999801
1407.0 	21.53 	0.010000000000001563
1408.0 	21.55 	0.019999999999999574
1409.0 	21.56 	0.00999999999999801
1410.0 	21.58 	0.019999999999999574
1411.0 	21.6 	0.020000000000003126
1412.0 	21.61 	0.00999999999999801
1413.0 	21.62 	0.010000000000001563
1414.0 	21.64 	0.019999999999999574
1415.0 	21.65 	0.00999999999999801
1416.0 	21.66 	0.010000000000001563
1417.0 	21.68 	0.019999999999999574
1418.0 	21.69 	0.010000000000001563
1419.0 	21.71 	0.019999999999999574
1420.0 	21.72 	0.00999999999999801
1421.0 	21.73 	0.010000000000001563
1422.0 	21.74 	0.00999999999999801
1423.0 	21.76 	0.020000000000003126
1424.0 	21.77 	0.00999999999999801
1425.0 	21.78 	0.010000000000001563
1426.0 	21.8 	0.019999999999999574
1427.0 	21.81 	0.00999999999999801
1428.0 	21.82 	0.010000000000001563
1429.0 	21.83 	0.00999999999999801
1430.0 	21.85 	0.020000000000003126
1431.0 	21.86 	0.00999999999999801
1432.0 	21.88 	0.019999999999999574
1433.0 	21.89 	0.010000000000001563
1434.0 	21.9 	0.00999999999999801
1435.0 	21.91 	0.010000000000001563
1436.0 	21.93 	0.019999999999999574
1437.0 	21.94 	0.010000000000001563
1438.0 	21.95 	0.00999999999999801
1439.0 	21.96 	0.010000000000001563
1440.0 	21.98 	0.019999999999999574
1441.0 	21.99 	0.00999999999999801
1442.0 	22.0 	0.010000000000001563
1443.0 	22.01 	0.010000000000001563
1444.0 	22.02 	0.00999999999999801
1445.0 	22.04 	0.019999999999999574
1446.0 	22.05 	0.010000000000001563
1447.0 	22.06 	0.00999999999999801
1448.0 	22.07 	0.010000000000001563
1449.0 	22.08 	0.00999999999999801
1450.0 	22.1 	0.020000000000003126
1451.0 	22.11 	0.00999999999999801
1452.0 	22.12 	0.010000000000001563
1453.0 	22.14 	0.019999999999999574
1454.0 	22.15 	0.00999999999999801
1455.0 	22.16 	0.010000000000001563
1456.0 	22.18 	0.019999999999999574
1457.0 	22.2 	0.019999999999999574
1458.0 	22.21 	0.010000000000001563
1459.0 	22.22 	0.00999999999999801
1460.0 	22.23 	0.010000000000001563
1461.0 	22.24 	0.00999999999999801
1462.0 	22.26 	0.020000000000003126
1463.0 	22.27 	0.00999999999999801
1464.0 	22.28 	0.010000000000001563
1465.0 	22.29 	0.00999999999999801
1466.0 	22.31 	0.019999999999999574
1467.0 	22.32 	0.010000000000001563
1468.0 	22.33 	0.00999999999999801
1469.0 	22.35 	0.020000000000003126
1470.0 	22.37 	0.019999999999999574
1471.0 	22.38 	0.00999999999999801
1472.0 	22.39 	0.010000000000001563
1473.0 	22.4 	0.00999999999999801
1474.0 	22.41 	0.010000000000001563
1475.0 	22.42 	0.010000000000001563
1476.0 	22.44 	0.019999999999999574
1477.0 	22.45 	0.00999999999999801
1478.0 	22.46 	0.010000000000001563
1479.0 	22.47 	0.00999999999999801
1480.0 	22.49 	0.019999999999999574
1481.0 	22.5 	0.010000000000001563
1482.0 	22.51 	0.010000000000001563
1483.0 	22.52 	0.00999999999999801
1484.0 	22.54 	0.019999999999999574
1485.0 	22.55 	0.010000000000001563
1486.0 	22.56 	0.00999999999999801
1487.0 	22.57 	0.010000000000001563
1488.0 	22.59 	0.019999999999999574
1489.0 	22.6 	0.010000000000001563
1490.0 	22.61 	0.00999999999999801
1491.0 	22.63 	0.019999999999999574
1492.0 	22.64 	0.010000000000001563
1493.0 	22.65 	0.00999999999999801
1494.0 	22.67 	0.020000000000003126
1495.0 	22.68 	0.00999999999999801
1496.0 	22.69 	0.010000000000001563
1497.0 	22.7 	0.00999999999999801
1498.0 	22.72 	0.019999999999999574
1499.0 	22.73 	0.010000000000001563
1500.0 	22.74 	0.00999999999999801
1501.0 	22.75 	0.010000000000001563
1502.0 	22.77 	0.019999999999999574
1503.0 	22.78 	0.010000000000001563
1504.0 	22.79 	0.00999999999999801
1505.0 	22.81 	0.019999999999999574
1506.0 	22.82 	0.010000000000001563
1507.0 	22.84 	0.019999999999999574
1508.0 	22.85 	0.010000000000001563
1509.0 	22.86 	0.00999999999999801
1510.0 	22.88 	0.019999999999999574
1511.0 	22.89 	0.010000000000001563
1512.0 	22.9 	0.00999999999999801
1513.0 	22.91 	0.010000000000001563
1514.0 	22.93 	0.019999999999999574
1515.0 	22.94 	0.010000000000001563
1516.0 	22.95 	0.00999999999999801
1517.0 	22.96 	0.010000000000001563
1518.0 	22.97 	0.00999999999999801
1519.0 	22.98 	0.010000000000001563
1520.0 	23.0 	0.019999999999999574
1521.0 	23.01 	0.010000000000001563
1522.0 	23.02 	0.00999999999999801
1523.0 	23.03 	0.010000000000001563
1524.0 	23.04 	0.00999999999999801
1525.0 	23.05 	0.010000000000001563
1526.0 	23.06 	0.00999999999999801
1527.0 	23.07 	0.010000000000001563
1528.0 	23.08 	0.00999999999999801
1529.0 	23.09 	0.010000000000001563
1530.0 	23.11 	0.019999999999999574
1531.0 	23.12 	0.010000000000001563
1532.0 	23.13 	0.00999999999999801
1533.0 	23.14 	0.010000000000001563
1534.0 	23.16 	0.019999999999999574
1535.0 	23.17 	0.010000000000001563
1536.0 	23.17 	0.0
1537.0 	23.18 	0.00999999999999801
1538.0 	23.19 	0.010000000000001563
1539.0 	23.2 	0.00999999999999801
1540.0 	23.21 	0.010000000000001563
1541.0 	23.23 	0.019999999999999574
1542.0 	23.24 	0.00999999999999801
1543.0 	23.25 	0.010000000000001563
1544.0 	23.27 	0.019999999999999574
1545.0 	23.28 	0.010000000000001563
1546.0 	23.29 	0.00999999999999801
1547.0 	23.3 	0.010000000000001563
1548.0 	23.31 	0.00999999999999801
1549.0 	23.32 	0.010000000000001563
1550.0 	23.33 	0.00999999999999801
1551.0 	23.35 	0.020000000000003126
1552.0 	23.36 	0.00999999999999801
1553.0 	23.37 	0.010000000000001563
1554.0 	23.38 	0.00999999999999801
1555.0 	23.39 	0.010000000000001563
1556.0 	23.4 	0.00999999999999801
1557.0 	23.42 	0.020000000000003126
1558.0 	23.43 	0.00999999999999801
1559.0 	23.44 	0.010000000000001563
1560.0 	23.46 	0.019999999999999574
1561.0 	23.47 	0.00999999999999801
1562.0 	23.48 	0.010000000000001563
1563.0 	23.49 	0.00999999999999801
1564.0 	23.5 	0.010000000000001563
1565.0 	23.51 	0.010000000000001563
1566.0 	23.52 	0.00999999999999801
1567.0 	23.53 	0.010000000000001563
1568.0 	23.54 	0.00999999999999801
1569.0 	23.55 	0.010000000000001563
1570.0 	23.57 	0.019999999999999574
1571.0 	23.58 	0.00999999999999801
1572.0 	23.59 	0.010000000000001563
1573.0 	23.6 	0.010000000000001563
1574.0 	23.61 	0.00999999999999801
1575.0 	23.62 	0.010000000000001563
1576.0 	23.63 	0.00999999999999801
1577.0 	23.65 	0.019999999999999574
1578.0 	23.66 	0.010000000000001563
1579.0 	23.67 	0.010000000000001563
1580.0 	23.68 	0.00999999999999801
1581.0 	23.69 	0.010000000000001563
1582.0 	23.71 	0.019999999999999574
1583.0 	23.71 	0.0
1584.0 	23.73 	0.019999999999999574
1585.0 	23.74 	0.00999999999999801
1586.0 	23.75 	0.010000000000001563
1587.0 	23.76 	0.010000000000001563
1588.0 	23.77 	0.00999999999999801
1589.0 	23.79 	0.019999999999999574
1590.0 	23.8 	0.010000000000001563
1591.0 	23.81 	0.00999999999999801
1592.0 	23.83 	0.019999999999999574
1593.0 	23.84 	0.010000000000001563
1594.0 	23.85 	0.010000000000001563
1595.0 	23.86 	0.00999999999999801
1596.0 	23.87 	0.010000000000001563
1597.0 	23.89 	0.019999999999999574
1598.0 	23.9 	0.00999999999999801
1599.0 	23.91 	0.010000000000001563
1600.0 	23.92 	0.010000000000001563
1601.0 	23.94 	0.019999999999999574
1602.0 	23.95 	0.00999999999999801
1603.0 	23.96 	0.010000000000001563
1604.0 	23.97 	0.00999999999999801
1605.0 	23.98 	0.010000000000001563
1606.0 	24.0 	0.019999999999999574
1607.0 	24.01 	0.010000000000001563
1608.0 	24.02 	0.00999999999999801
1609.0 	24.03 	0.010000000000001563
1610.0 	24.04 	0.00999999999999801
1611.0 	24.05 	0.010000000000001563
1612.0 	24.07 	0.019999999999999574
1613.0 	24.08 	0.00999999999999801
1614.0 	24.09 	0.010000000000001563
1615.0 	24.1 	0.010000000000001563
1616.0 	24.11 	0.00999999999999801
1617.0 	24.13 	0.019999999999999574
1618.0 	24.14 	0.010000000000001563
1619.0 	24.15 	0.00999999999999801
1620.0 	24.16 	0.010000000000001563
1621.0 	24.17 	0.010000000000001563
1622.0 	24.18 	0.00999999999999801
1623.0 	24.19 	0.010000000000001563
1624.0 	24.2 	0.00999999999999801
1625.0 	24.22 	0.019999999999999574
1626.0 	24.23 	0.010000000000001563
1627.0 	24.24 	0.00999999999999801
1628.0 	24.25 	0.010000000000001563
1629.0 	24.25 	0.0
1630.0 	24.27 	0.019999999999999574
1631.0 	24.28 	0.010000000000001563
1632.0 	24.29 	0.00999999999999801
1633.0 	24.3 	0.010000000000001563
1634.0 	24.31 	0.00999999999999801
1635.0 	24.33 	0.019999999999999574
1636.0 	24.34 	0.010000000000001563
1637.0 	24.35 	0.010000000000001563
1638.0 	24.37 	0.019999999999999574
1639.0 	24.38 	0.00999999999999801
1640.0 	24.39 	0.010000000000001563
1641.0 	24.41 	0.019999999999999574
1642.0 	24.42 	0.010000000000001563
1643.0 	24.44 	0.019999999999999574
1644.0 	24.46 	0.019999999999999574
1645.0 	24.47 	0.00999999999999801
1646.0 	24.48 	0.010000000000001563
1647.0 	24.5 	0.019999999999999574
1648.0 	24.51 	0.010000000000001563
1649.0 	24.53 	0.019999999999999574
1650.0 	24.54 	0.00999999999999801
1651.0 	24.55 	0.010000000000001563
1652.0 	24.57 	0.019999999999999574
1653.0 	24.58 	0.00999999999999801
1654.0 	24.6 	0.020000000000003126
1655.0 	24.61 	0.00999999999999801
1656.0 	24.63 	0.019999999999999574
1657.0 	24.64 	0.010000000000001563
1658.0 	24.66 	0.019999999999999574
1659.0 	24.67 	0.010000000000001563
1660.0 	24.69 	0.019999999999999574
1661.0 	24.7 	0.00999999999999801
1662.0 	24.71 	0.010000000000001563
1663.0 	24.73 	0.019999999999999574
1664.0 	24.74 	0.00999999999999801
1665.0 	24.76 	0.020000000000003126
1666.0 	24.77 	0.00999999999999801
1667.0 	24.78 	0.010000000000001563
1668.0 	24.8 	0.019999999999999574
1669.0 	24.82 	0.019999999999999574
1670.0 	24.83 	0.00999999999999801
1671.0 	24.84 	0.010000000000001563
1672.0 	24.86 	0.019999999999999574
1673.0 	24.87 	0.010000000000001563
1674.0 	24.88 	0.00999999999999801
1675.0 	24.9 	0.019999999999999574
1676.0 	24.91 	0.010000000000001563
1677.0 	24.92 	0.010000000000001563
1678.0 	24.94 	0.019999999999999574
1679.0 	24.95 	0.00999999999999801
1680.0 	24.96 	0.010000000000001563
1681.0 	24.97 	0.00999999999999801
1682.0 	24.99 	0.019999999999999574
1683.0 	25.0 	0.010000000000001563
1684.0 	25.02 	0.019999999999999574
1685.0 	25.03 	0.010000000000001563
1686.0 	25.04 	0.00999999999999801
1687.0 	25.05 	0.010000000000001563
1688.0 	25.07 	0.019999999999999574
1689.0 	25.08 	0.00999999999999801
1690.0 	25.1 	0.020000000000003126
1691.0 	25.11 	0.00999999999999801
1692.0 	25.13 	0.019999999999999574
1693.0 	25.14 	0.010000000000001563
1694.0 	25.15 	0.00999999999999801
1695.0 	25.17 	0.020000000000003126
1696.0 	25.18 	0.00999999999999801
1697.0 	25.2 	0.019999999999999574
1698.0 	25.21 	0.010000000000001563
1699.0 	25.22 	0.00999999999999801
1700.0 	25.24 	0.019999999999999574
1701.0 	25.25 	0.010000000000001563
1702.0 	25.26 	0.010000000000001563
1703.0 	25.27 	0.00999999999999801
1704.0 	25.29 	0.019999999999999574
1705.0 	25.3 	0.010000000000001563
1706.0 	25.31 	0.00999999999999801
1707.0 	25.32 	0.010000000000001563
1708.0 	25.34 	0.019999999999999574
1709.0 	25.35 	0.010000000000001563
1710.0 	25.37 	0.019999999999999574
1711.0 	25.38 	0.00999999999999801
1712.0 	25.4 	0.019999999999999574
1713.0 	25.41 	0.010000000000001563
1714.0 	25.42 	0.010000000000001563
1715.0 	25.44 	0.019999999999999574
1716.0 	25.45 	0.00999999999999801
1717.0 	25.47 	0.019999999999999574
1718.0 	25.48 	0.010000000000001563
1719.0 	25.5 	0.019999999999999574
1720.0 	25.51 	0.010000000000001563
1721.0 	25.53 	0.019999999999999574
1722.0 	25.54 	0.00999999999999801
1723.0 	25.55 	0.010000000000001563
1724.0 	25.57 	0.019999999999999574
1725.0 	25.59 	0.019999999999999574
1726.0 	25.6 	0.010000000000001563
1727.0 	25.61 	0.00999999999999801
1728.0 	25.63 	0.019999999999999574
1729.0 	25.64 	0.010000000000001563
1730.0 	25.65 	0.00999999999999801
1731.0 	25.67 	0.020000000000003126
1732.0 	25.68 	0.00999999999999801
1733.0 	25.69 	0.010000000000001563
1734.0 	25.71 	0.019999999999999574
1735.0 	25.72 	0.00999999999999801
1736.0 	25.74 	0.019999999999999574
1737.0 	25.75 	0.010000000000001563
1738.0 	25.76 	0.010000000000001563
1739.0 	25.77 	0.00999999999999801
1740.0 	25.79 	0.019999999999999574
1741.0 	25.8 	0.010000000000001563
1742.0 	25.82 	0.019999999999999574
1743.0 	25.83 	0.00999999999999801
1744.0 	25.84 	0.010000000000001563
1745.0 	25.85 	0.010000000000001563
1746.0 	25.87 	0.019999999999999574
1747.0 	25.88 	0.00999999999999801
1748.0 	25.89 	0.010000000000001563
1749.0 	25.91 	0.019999999999999574
1750.0 	25.92 	0.010000000000001563
1751.0 	25.93 	0.00999999999999801
1752.0 	25.95 	0.019999999999999574
1753.0 	25.96 	0.010000000000001563
1754.0 	25.97 	0.00999999999999801
1755.0 	25.99 	0.019999999999999574
1756.0 	26.0 	0.010000000000001563
1757.0 	26.02 	0.019999999999999574
1758.0 	26.03 	0.010000000000001563
1759.0 	26.04 	0.00999999999999801
1760.0 	26.06 	0.019999999999999574
1761.0 	26.07 	0.010000000000001563
1762.0 	26.08 	0.00999999999999801
1763.0 	26.1 	0.020000000000003126
1764.0 	26.11 	0.00999999999999801
1765.0 	26.12 	0.010000000000001563
1766.0 	26.14 	0.019999999999999574
1767.0 	26.15 	0.00999999999999801
1768.0 	26.16 	0.010000000000001563
1769.0 	26.18 	0.019999999999999574
1770.0 	26.19 	0.010000000000001563
1771.0 	26.2 	0.00999999999999801
1772.0 	26.22 	0.019999999999999574
1773.0 	26.23 	0.010000000000001563
1774.0 	26.24 	0.00999999999999801
1775.0 	26.25 	0.010000000000001563
1776.0 	26.27 	0.019999999999999574
1777.0 	26.28 	0.010000000000001563
1778.0 	26.29 	0.00999999999999801
1779.0 	26.31 	0.019999999999999574
1780.0 	26.32 	0.010000000000001563
1781.0 	26.33 	0.00999999999999801
1782.0 	26.35 	0.020000000000003126
1783.0 	26.36 	0.00999999999999801
1784.0 	26.38 	0.019999999999999574
1785.0 	26.39 	0.010000000000001563
1786.0 	26.4 	0.00999999999999801
1787.0 	26.41 	0.010000000000001563
1788.0 	26.43 	0.019999999999999574
1789.0 	26.44 	0.010000000000001563
1790.0 	26.45 	0.00999999999999801
1791.0 	26.47 	0.019999999999999574
1792.0 	26.47 	0.0
1793.0 	26.49 	0.019999999999999574
1794.0 	26.5 	0.010000000000001563
1795.0 	26.51 	0.010000000000001563
1796.0 	26.53 	0.019999999999999574
1797.0 	26.54 	0.00999999999999801
1798.0 	26.55 	0.010000000000001563
1799.0 	26.57 	0.019999999999999574
1800.0 	26.58 	0.00999999999999801
1801.0 	26.6 	0.020000000000003126
1802.0 	26.62 	0.019999999999999574
1803.0 	26.63 	0.00999999999999801
1804.0 	26.64 	0.010000000000001563
1805.0 	26.66 	0.019999999999999574
1806.0 	26.67 	0.010000000000001563
1807.0 	26.69 	0.019999999999999574
1808.0 	26.7 	0.00999999999999801
1809.0 	26.71 	0.010000000000001563
1810.0 	26.73 	0.019999999999999574
1811.0 	26.74 	0.00999999999999801
1812.0 	26.75 	0.010000000000001563
1813.0 	26.77 	0.019999999999999574
1814.0 	26.78 	0.010000000000001563
1815.0 	26.8 	0.019999999999999574
1816.0 	26.81 	0.00999999999999801
1817.0 	26.82 	0.010000000000001563
1818.0 	26.84 	0.019999999999999574
1819.0 	26.85 	0.010000000000001563
1820.0 	26.87 	0.019999999999999574
1821.0 	26.88 	0.00999999999999801
1822.0 	26.9 	0.019999999999999574
1823.0 	26.92 	0.020000000000003126
1824.0 	26.93 	0.00999999999999801
1825.0 	26.94 	0.010000000000001563
1826.0 	26.96 	0.019999999999999574
1827.0 	26.97 	0.00999999999999801
1828.0 	26.98 	0.010000000000001563
1829.0 	27.0 	0.019999999999999574
1830.0 	27.01 	0.010000000000001563
1831.0 	27.03 	0.019999999999999574
1832.0 	27.04 	0.00999999999999801
1833.0 	27.05 	0.010000000000001563
1834.0 	27.07 	0.019999999999999574
1835.0 	27.08 	0.00999999999999801
1836.0 	27.1 	0.020000000000003126
1837.0 	27.1 	0.0
1838.0 	27.12 	0.019999999999999574
1839.0 	27.13 	0.00999999999999801
1840.0 	27.15 	0.019999999999999574
1841.0 	27.16 	0.010000000000001563
1842.0 	27.17 	0.010000000000001563
1843.0 	27.19 	0.019999999999999574
1844.0 	27.2 	0.00999999999999801
1845.0 	27.21 	0.010000000000001563
1846.0 	27.23 	0.019999999999999574
1847.0 	27.25 	0.019999999999999574
1848.0 	27.26 	0.010000000000001563
1849.0 	27.27 	0.00999999999999801
1850.0 	27.29 	0.019999999999999574
1851.0 	27.31 	0.019999999999999574
1852.0 	27.32 	0.010000000000001563
1853.0 	27.34 	0.019999999999999574
1854.0 	27.35 	0.010000000000001563
1855.0 	27.37 	0.019999999999999574
1856.0 	27.38 	0.00999999999999801
1857.0 	27.4 	0.019999999999999574
1858.0 	27.41 	0.010000000000001563
1859.0 	27.43 	0.019999999999999574
1860.0 	27.44 	0.010000000000001563
1861.0 	27.46 	0.019999999999999574
1862.0 	27.47 	0.00999999999999801
1863.0 	27.49 	0.019999999999999574
1864.0 	27.5 	0.010000000000001563
1865.0 	27.51 	0.010000000000001563
1866.0 	27.53 	0.019999999999999574
1867.0 	27.54 	0.00999999999999801
1868.0 	27.56 	0.019999999999999574
1869.0 	27.57 	0.010000000000001563
1870.0 	27.59 	0.019999999999999574
1871.0 	27.6 	0.010000000000001563
1872.0 	27.61 	0.00999999999999801
1873.0 	27.63 	0.019999999999999574
1874.0 	27.64 	0.010000000000001563
1875.0 	27.65 	0.00999999999999801
1876.0 	27.67 	0.020000000000003126
1877.0 	27.68 	0.00999999999999801
1878.0 	27.69 	0.010000000000001563
1879.0 	27.71 	0.019999999999999574
1880.0 	27.72 	0.00999999999999801
1881.0 	27.74 	0.019999999999999574
1882.0 	27.75 	0.010000000000001563
1883.0 	27.76 	0.010000000000001563
1884.0 	27.78 	0.019999999999999574
1885.0 	27.79 	0.00999999999999801
1886.0 	27.8 	0.010000000000001563
1887.0 	27.82 	0.019999999999999574
1888.0 	27.83 	0.00999999999999801
1889.0 	27.84 	0.010000000000001563
1890.0 	27.86 	0.019999999999999574
1891.0 	27.87 	0.010000000000001563
1892.0 	27.88 	0.00999999999999801
1893.0 	27.9 	0.019999999999999574
1894.0 	27.91 	0.010000000000001563
1895.0 	27.92 	0.010000000000001563
1896.0 	27.94 	0.019999999999999574
1897.0 	27.95 	0.00999999999999801
1898.0 	27.96 	0.010000000000001563
1899.0 	27.98 	0.019999999999999574
1900.0 	27.99 	0.00999999999999801
1901.0 	28.0 	0.010000000000001563
1902.0 	28.02 	0.019999999999999574
1903.0 	28.03 	0.010000000000001563
1904.0 	28.04 	0.00999999999999801
1905.0 	28.06 	0.019999999999999574
1906.0 	28.07 	0.010000000000001563
1907.0 	28.08 	0.00999999999999801
1908.0 	28.1 	0.020000000000003126
1909.0 	28.11 	0.00999999999999801
1910.0 	28.12 	0.010000000000001563
1911.0 	28.14 	0.019999999999999574
1912.0 	28.15 	0.00999999999999801
1913.0 	28.16 	0.010000000000001563
1914.0 	28.18 	0.019999999999999574
1915.0 	28.19 	0.010000000000001563
1916.0 	28.21 	0.019999999999999574
1917.0 	28.22 	0.00999999999999801
1918.0 	28.23 	0.010000000000001563
1919.0 	28.25 	0.019999999999999574
1920.0 	28.26 	0.010000000000001563
1921.0 	28.28 	0.019999999999999574
1922.0 	28.29 	0.00999999999999801
1923.0 	28.3 	0.010000000000001563
1924.0 	28.32 	0.019999999999999574
1925.0 	28.33 	0.00999999999999801
1926.0 	28.34 	0.010000000000001563
1927.0 	28.36 	0.019999999999999574
1928.0 	28.37 	0.010000000000001563
1929.0 	28.38 	0.00999999999999801
1930.0 	28.4 	0.019999999999999574
1931.0 	28.41 	0.010000000000001563
1932.0 	28.42 	0.010000000000001563
1933.0 	28.44 	0.019999999999999574
1934.0 	28.45 	0.00999999999999801
1935.0 	28.46 	0.010000000000001563
1936.0 	28.47 	0.00999999999999801
1937.0 	28.49 	0.019999999999999574
1938.0 	28.5 	0.010000000000001563
1939.0 	28.51 	0.010000000000001563
1940.0 	28.52 	0.00999999999999801
1941.0 	28.54 	0.019999999999999574
1942.0 	28.55 	0.010000000000001563
1943.0 	28.56 	0.00999999999999801
1944.0 	28.58 	0.019999999999999574
1945.0 	28.59 	0.010000000000001563
1946.0 	28.61 	0.019999999999999574
1947.0 	28.62 	0.010000000000001563
1948.0 	28.64 	0.019999999999999574
1949.0 	28.65 	0.00999999999999801
1950.0 	28.66 	0.010000000000001563
1951.0 	28.68 	0.019999999999999574
1952.0 	28.69 	0.010000000000001563
1953.0 	28.7 	0.00999999999999801
1954.0 	28.72 	0.019999999999999574
1955.0 	28.74 	0.019999999999999574
1956.0 	28.75 	0.010000000000001563
1957.0 	28.77 	0.019999999999999574
1958.0 	28.78 	0.010000000000001563
1959.0 	28.79 	0.00999999999999801
1960.0 	28.8 	0.010000000000001563
1961.0 	28.82 	0.019999999999999574
1962.0 	28.83 	0.00999999999999801
1963.0 	28.84 	0.010000000000001563
1964.0 	28.86 	0.019999999999999574
1965.0 	28.87 	0.010000000000001563
1966.0 	28.88 	0.00999999999999801
1967.0 	28.9 	0.019999999999999574
1968.0 	28.91 	0.010000000000001563
1969.0 	28.93 	0.019999999999999574
1970.0 	28.94 	0.010000000000001563
1971.0 	28.95 	0.00999999999999801
1972.0 	28.97 	0.019999999999999574
1973.0 	28.98 	0.010000000000001563
1974.0 	28.99 	0.00999999999999801
1975.0 	29.01 	0.020000000000003126
1976.0 	29.02 	0.00999999999999801
1977.0 	29.03 	0.010000000000001563
1978.0 	29.05 	0.019999999999999574
1979.0 	29.06 	0.00999999999999801
1980.0 	29.07 	0.010000000000001563
1981.0 	29.08 	0.00999999999999801
1982.0 	29.1 	0.020000000000003126
1983.0 	29.11 	0.00999999999999801
1984.0 	29.13 	0.019999999999999574
1985.0 	29.14 	0.010000000000001563
1986.0 	29.15 	0.00999999999999801
1987.0 	29.17 	0.020000000000003126
1988.0 	29.18 	0.00999999999999801
1989.0 	29.19 	0.010000000000001563
1990.0 	29.2 	0.00999999999999801
1991.0 	29.22 	0.019999999999999574
1992.0 	29.23 	0.010000000000001563
1993.0 	29.25 	0.019999999999999574
1994.0 	29.26 	0.010000000000001563
1995.0 	29.27 	0.00999999999999801
1996.0 	29.28 	0.010000000000001563
1997.0 	29.29 	0.00999999999999801
1998.0 	29.31 	0.019999999999999574
1999.0 	29.33 	0.019999999999999574
2000.0 	29.34 	0.010000000000001563
2001.0 	29.35 	0.010000000000001563
2002.0 	29.37 	0.019999999999999574
2003.0 	29.38 	0.00999999999999801
2004.0 	29.39 	0.010000000000001563
2005.0 	29.41 	0.019999999999999574
2006.0 	29.42 	0.010000000000001563
2007.0 	29.43 	0.00999999999999801
2008.0 	29.44 	0.010000000000001563
2009.0 	29.46 	0.019999999999999574
2010.0 	29.47 	0.00999999999999801
2011.0 	29.48 	0.010000000000001563
2012.0 	29.49 	0.00999999999999801
2013.0 	29.51 	0.020000000000003126
2014.0 	29.52 	0.00999999999999801
2015.0 	29.53 	0.010000000000001563
2016.0 	29.54 	0.00999999999999801
2017.0 	29.56 	0.019999999999999574
2018.0 	29.57 	0.010000000000001563
2019.0 	29.58 	0.00999999999999801
2020.0 	29.6 	0.020000000000003126
2021.0 	29.61 	0.00999999999999801
2022.0 	29.62 	0.010000000000001563
2023.0 	29.64 	0.019999999999999574
2024.0 	29.65 	0.00999999999999801
2025.0 	29.67 	0.020000000000003126
2026.0 	29.68 	0.00999999999999801
2027.0 	29.69 	0.010000000000001563
2028.0 	29.71 	0.019999999999999574
2029.0 	29.72 	0.00999999999999801
2030.0 	29.73 	0.010000000000001563
2031.0 	29.74 	0.00999999999999801
2032.0 	29.76 	0.020000000000003126
2033.0 	29.77 	0.00999999999999801
2034.0 	29.78 	0.010000000000001563
2035.0 	29.8 	0.019999999999999574
2036.0 	29.81 	0.00999999999999801
2037.0 	29.82 	0.010000000000001563
2038.0 	29.83 	0.00999999999999801
2039.0 	29.85 	0.020000000000003126
2040.0 	29.86 	0.00999999999999801
2041.0 	29.88 	0.019999999999999574
2042.0 	29.89 	0.010000000000001563
2043.0 	29.9 	0.00999999999999801
2044.0 	29.91 	0.010000000000001563
2045.0 	29.93 	0.019999999999999574
2046.0 	29.94 	0.010000000000001563
2047.0 	29.96 	0.019999999999999574
2048.0 	29.97 	0.00999999999999801
2049.0 	29.99 	0.019999999999999574
2050.0 	30.0 	0.010000000000001563
2051.0 	30.01 	0.010000000000001563
2052.0 	30.02 	0.00999999999999801
2053.0 	30.03 	0.010000000000001563
2054.0 	30.05 	0.019999999999999574
2055.0 	30.06 	0.00999999999999801
2056.0 	30.07 	0.010000000000001563
2057.0 	30.09 	0.019999999999999574
2058.0 	30.1 	0.010000000000001563
2059.0 	30.12 	0.019999999999999574
2060.0 	30.13 	0.00999999999999801
2061.0 	30.15 	0.019999999999999574
2062.0 	30.16 	0.010000000000001563
2063.0 	30.18 	0.019999999999999574
2064.0 	30.19 	0.010000000000001563
2065.0 	30.2 	0.00999999999999801
2066.0 	30.22 	0.019999999999999574
2067.0 	30.23 	0.010000000000001563
2068.0 	30.24 	0.00999999999999801
2069.0 	30.26 	0.020000000000003126
2070.0 	30.28 	0.019999999999999574
2071.0 	30.29 	0.00999999999999801
2072.0 	30.3 	0.010000000000001563
2073.0 	30.31 	0.00999999999999801
2074.0 	30.33 	0.019999999999999574
2075.0 	30.34 	0.010000000000001563
2076.0 	30.35 	0.010000000000001563
2077.0 	30.37 	0.019999999999999574
2078.0 	30.38 	0.00999999999999801
2079.0 	30.39 	0.010000000000001563
2080.0 	30.4 	0.00999999999999801
2081.0 	30.42 	0.020000000000003126
2082.0 	30.43 	0.00999999999999801
2083.0 	30.44 	0.010000000000001563
2084.0 	30.46 	0.019999999999999574
2085.0 	30.47 	0.00999999999999801
2086.0 	30.48 	0.010000000000001563
2087.0 	30.49 	0.00999999999999801
2088.0 	30.51 	0.020000000000003126
2089.0 	30.52 	0.00999999999999801
2090.0 	30.53 	0.010000000000001563
2091.0 	30.55 	0.019999999999999574
2092.0 	30.56 	0.00999999999999801
2093.0 	30.57 	0.010000000000001563
2094.0 	30.59 	0.019999999999999574
2095.0 	30.6 	0.010000000000001563
2096.0 	30.62 	0.019999999999999574
2097.0 	30.63 	0.00999999999999801
2098.0 	30.64 	0.010000000000001563
2099.0 	30.66 	0.019999999999999574
2100.0 	30.68 	0.019999999999999574
2101.0 	30.69 	0.010000000000001563
2102.0 	30.7 	0.00999999999999801
2103.0 	30.72 	0.019999999999999574
2104.0 	30.73 	0.010000000000001563
2105.0 	30.74 	0.00999999999999801
2106.0 	30.76 	0.020000000000003126
2107.0 	30.77 	0.00999999999999801
2108.0 	30.78 	0.010000000000001563
2109.0 	30.79 	0.00999999999999801
2110.0 	30.81 	0.019999999999999574
2111.0 	30.82 	0.010000000000001563
2112.0 	30.83 	0.00999999999999801
2113.0 	30.84 	0.010000000000001563
2114.0 	30.86 	0.019999999999999574
2115.0 	30.86 	0.0
2116.0 	30.88 	0.019999999999999574
2117.0 	30.89 	0.010000000000001563
2118.0 	30.9 	0.00999999999999801
2119.0 	30.92 	0.020000000000003126
2120.0 	30.93 	0.00999999999999801
2121.0 	30.94 	0.010000000000001563
2122.0 	30.95 	0.00999999999999801
2123.0 	30.97 	0.019999999999999574
2124.0 	30.98 	0.010000000000001563
2125.0 	30.99 	0.00999999999999801
2126.0 	31.01 	0.020000000000003126
2127.0 	31.02 	0.00999999999999801
2128.0 	31.03 	0.010000000000001563
2129.0 	31.05 	0.019999999999999574
2130.0 	31.06 	0.00999999999999801
2131.0 	31.07 	0.010000000000001563
2132.0 	31.09 	0.019999999999999574
2133.0 	31.1 	0.010000000000001563
2134.0 	31.11 	0.00999999999999801
2135.0 	31.12 	0.010000000000001563
2136.0 	31.14 	0.019999999999999574
2137.0 	31.15 	0.00999999999999801
2138.0 	31.16 	0.010000000000001563
2139.0 	31.18 	0.019999999999999574
2140.0 	31.19 	0.010000000000001563
2141.0 	31.2 	0.00999999999999801
2142.0 	31.21 	0.010000000000001563
2143.0 	31.23 	0.019999999999999574
2144.0 	31.24 	0.00999999999999801
2145.0 	31.25 	0.010000000000001563
2146.0 	31.26 	0.010000000000001563
2147.0 	31.27 	0.00999999999999801
2148.0 	31.29 	0.019999999999999574
2149.0 	31.3 	0.010000000000001563
2150.0 	31.31 	0.00999999999999801
2151.0 	31.33 	0.019999999999999574
2152.0 	31.34 	0.010000000000001563
2153.0 	31.35 	0.010000000000001563
2154.0 	31.37 	0.019999999999999574
2155.0 	31.38 	0.00999999999999801
2156.0 	31.39 	0.010000000000001563
2157.0 	31.41 	0.019999999999999574
2158.0 	31.42 	0.010000000000001563
2159.0 	31.43 	0.00999999999999801
2160.0 	31.44 	0.010000000000001563
2161.0 	31.46 	0.019999999999999574
2162.0 	31.47 	0.00999999999999801
2163.0 	31.48 	0.010000000000001563
2164.0 	31.49 	0.00999999999999801
2165.0 	31.51 	0.020000000000003126
2166.0 	31.52 	0.00999999999999801
2167.0 	31.53 	0.010000000000001563
2168.0 	31.55 	0.019999999999999574
2169.0 	31.56 	0.00999999999999801
2170.0 	31.57 	0.010000000000001563
2171.0 	31.58 	0.00999999999999801
2172.0 	31.6 	0.020000000000003126
2173.0 	31.61 	0.00999999999999801
2174.0 	31.62 	0.010000000000001563
2175.0 	31.64 	0.019999999999999574
2176.0 	31.65 	0.00999999999999801
2177.0 	31.67 	0.020000000000003126
2178.0 	31.68 	0.00999999999999801
2179.0 	31.69 	0.010000000000001563
2180.0 	31.71 	0.019999999999999574
2181.0 	31.72 	0.00999999999999801
2182.0 	31.73 	0.010000000000001563
2183.0 	31.74 	0.00999999999999801
2184.0 	31.75 	0.010000000000001563
2185.0 	31.76 	0.010000000000001563
2186.0 	31.78 	0.019999999999999574
2187.0 	31.79 	0.00999999999999801
2188.0 	31.8 	0.010000000000001563
2189.0 	31.81 	0.00999999999999801
2190.0 	31.83 	0.019999999999999574
2191.0 	31.84 	0.010000000000001563
2192.0 	31.85 	0.010000000000001563
2193.0 	31.87 	0.019999999999999574
2194.0 	31.88 	0.00999999999999801
2195.0 	31.89 	0.010000000000001563
2196.0 	31.9 	0.00999999999999801
2197.0 	31.91 	0.010000000000001563
2198.0 	31.93 	0.019999999999999574
2199.0 	31.95 	0.019999999999999574
2200.0 	31.96 	0.010000000000001563
2201.0 	31.97 	0.00999999999999801
2202.0 	31.98 	0.010000000000001563
2203.0 	32.0 	0.019999999999999574
2204.0 	32.01 	0.00999999999999801
2205.0 	32.02 	0.010000000000005116
2206.0 	32.03 	0.00999999999999801
2207.0 	32.05 	0.01999999999999602
2208.0 	32.06 	0.010000000000005116
2209.0 	32.07 	0.00999999999999801
2210.0 	32.09 	0.020000000000003126
2211.0 	32.1 	0.00999999999999801
2212.0 	32.11 	0.00999999999999801
2213.0 	32.13 	0.020000000000003126
2214.0 	32.14 	0.00999999999999801
2215.0 	32.15 	0.00999999999999801
2216.0 	32.16 	0.00999999999999801
2217.0 	32.17 	0.010000000000005116
2218.0 	32.19 	0.01999999999999602
2219.0 	32.2 	0.010000000000005116
2220.0 	32.21 	0.00999999999999801
2221.0 	32.22 	0.00999999999999801
2222.0 	32.24 	0.020000000000003126
2223.0 	32.24 	0.0
2224.0 	32.26 	0.01999999999999602
2225.0 	32.27 	0.010000000000005116
2226.0 	32.28 	0.00999999999999801
2227.0 	32.29 	0.00999999999999801
2228.0 	32.31 	0.020000000000003126
2229.0 	32.32 	0.00999999999999801
2230.0 	32.33 	0.00999999999999801
2231.0 	32.34 	0.010000000000005116
2232.0 	32.36 	0.01999999999999602
2233.0 	32.37 	0.00999999999999801
2234.0 	32.38 	0.010000000000005116
2235.0 	32.39 	0.00999999999999801
2236.0 	32.41 	0.01999999999999602
2237.0 	32.42 	0.010000000000005116
2238.0 	32.43 	0.00999999999999801
2239.0 	32.45 	0.020000000000003126
2240.0 	32.46 	0.00999999999999801
2241.0 	32.48 	0.01999999999999602
2242.0 	32.49 	0.010000000000005116
2243.0 	32.5 	0.00999999999999801
2244.0 	32.51 	0.00999999999999801
2245.0 	32.52 	0.010000000000005116
2246.0 	32.53 	0.00999999999999801
2247.0 	32.54 	0.00999999999999801
2248.0 	32.55 	0.00999999999999801
2249.0 	32.55 	0.0
2250.0 	32.56 	0.010000000000005116
2251.0 	32.57 	0.00999999999999801
2252.0 	32.58 	0.00999999999999801
2253.0 	32.6 	0.020000000000003126
2254.0 	32.6 	0.0
2255.0 	32.61 	0.00999999999999801
2256.0 	32.63 	0.020000000000003126
2257.0 	32.64 	0.00999999999999801
2258.0 	32.65 	0.00999999999999801
2259.0 	32.66 	0.00999999999999801
2260.0 	32.67 	0.010000000000005116
2261.0 	32.68 	0.00999999999999801
2262.0 	32.69 	0.00999999999999801
2263.0 	32.7 	0.010000000000005116
2264.0 	32.71 	0.00999999999999801
2265.0 	32.72 	0.00999999999999801
2266.0 	32.73 	0.00999999999999801
2267.0 	32.74 	0.010000000000005116
2268.0 	32.75 	0.00999999999999801
2269.0 	32.77 	0.020000000000003126
2270.0 	32.78 	0.00999999999999801
2271.0 	32.79 	0.00999999999999801
2272.0 	32.8 	0.00999999999999801
2273.0 	32.8 	0.0
2274.0 	32.81 	0.010000000000005116
2275.0 	32.83 	0.01999999999999602
2276.0 	32.84 	0.010000000000005116
2277.0 	32.86 	0.01999999999999602
2278.0 	32.86 	0.0
2279.0 	32.87 	0.00999999999999801
2280.0 	32.88 	0.010000000000005116
2281.0 	32.9 	0.01999999999999602
2282.0 	32.91 	0.00999999999999801
2283.0 	32.92 	0.010000000000005116
2284.0 	32.92 	0.0
2285.0 	32.93 	0.00999999999999801
2286.0 	32.94 	0.00999999999999801
2287.0 	32.95 	0.010000000000005116
2288.0 	32.96 	0.00999999999999801
2289.0 	32.97 	0.00999999999999801
2290.0 	32.98 	0.00999999999999801
2291.0 	32.99 	0.010000000000005116
2292.0 	33.0 	0.00999999999999801
2293.0 	33.02 	0.020000000000003126
2294.0 	33.03 	0.00999999999999801
2295.0 	33.04 	0.00999999999999801
2296.0 	33.05 	0.00999999999999801
2297.0 	33.06 	0.010000000000005116
2298.0 	33.07 	0.00999999999999801
2299.0 	33.08 	0.00999999999999801
2300.0 	33.09 	0.010000000000005116
2301.0 	33.1 	0.00999999999999801
2302.0 	33.11 	0.00999999999999801
2303.0 	33.12 	0.00999999999999801
2304.0 	33.13 	0.010000000000005116
2305.0 	33.14 	0.00999999999999801
2306.0 	33.15 	0.00999999999999801
2307.0 	33.16 	0.00999999999999801
2308.0 	33.17 	0.010000000000005116
2309.0 	33.18 	0.00999999999999801
2310.0 	33.19 	0.00999999999999801
2311.0 	33.2 	0.010000000000005116
2312.0 	33.22 	0.01999999999999602
2313.0 	33.23 	0.00999999999999801
2314.0 	33.24 	0.010000000000005116
2315.0 	33.25 	0.00999999999999801
2316.0 	33.26 	0.00999999999999801
2317.0 	33.27 	0.010000000000005116
2318.0 	33.28 	0.00999999999999801
2319.0 	33.29 	0.00999999999999801
2320.0 	33.3 	0.00999999999999801
2321.0 	33.31 	0.010000000000005116
2322.0 	33.32 	0.00999999999999801
2323.0 	33.33 	0.00999999999999801
2324.0 	33.34 	0.010000000000005116
2325.0 	33.35 	0.00999999999999801
2326.0 	33.36 	0.00999999999999801
2327.0 	33.37 	0.00999999999999801
2328.0 	33.38 	0.010000000000005116
2329.0 	33.39 	0.00999999999999801
2330.0 	33.4 	0.00999999999999801
2331.0 	33.41 	0.00999999999999801
2332.0 	33.42 	0.010000000000005116
2333.0 	33.44 	0.01999999999999602
2334.0 	33.45 	0.010000000000005116
2335.0 	33.45 	0.0
2336.0 	33.46 	0.00999999999999801
2337.0 	33.47 	0.00999999999999801
2338.0 	33.48 	0.00999999999999801
2339.0 	33.49 	0.010000000000005116
2340.0 	33.5 	0.00999999999999801
2341.0 	33.51 	0.00999999999999801
2342.0 	33.52 	0.010000000000005116
2343.0 	33.54 	0.01999999999999602
2344.0 	33.55 	0.00999999999999801
2345.0 	33.56 	0.010000000000005116
2346.0 	33.57 	0.00999999999999801
2347.0 	33.58 	0.00999999999999801
2348.0 	33.59 	0.010000000000005116
2349.0 	33.6 	0.00999999999999801
2350.0 	33.61 	0.00999999999999801
2351.0 	33.62 	0.00999999999999801
2352.0 	33.63 	0.010000000000005116
2353.0 	33.64 	0.00999999999999801
2354.0 	33.65 	0.00999999999999801
2355.0 	33.66 	0.00999999999999801
2356.0 	33.67 	0.010000000000005116
2357.0 	33.68 	0.00999999999999801
2358.0 	33.7 	0.020000000000003126
2359.0 	33.71 	0.00999999999999801
2360.0 	33.72 	0.00999999999999801
2361.0 	33.73 	0.00999999999999801
2362.0 	33.74 	0.010000000000005116
2363.0 	33.75 	0.00999999999999801
2364.0 	33.76 	0.00999999999999801
2365.0 	33.77 	0.010000000000005116
2366.0 	33.78 	0.00999999999999801
2367.0 	33.79 	0.00999999999999801
2368.0 	33.8 	0.00999999999999801
2369.0 	33.81 	0.010000000000005116
2370.0 	33.82 	0.00999999999999801
2371.0 	33.83 	0.00999999999999801
2372.0 	33.84 	0.010000000000005116
2373.0 	33.85 	0.00999999999999801
2374.0 	33.86 	0.00999999999999801
2375.0 	33.87 	0.00999999999999801
2376.0 	33.87 	0.0
2377.0 	33.88 	0.010000000000005116
2378.0 	33.89 	0.00999999999999801
2379.0 	33.9 	0.00999999999999801
2380.0 	33.91 	0.00999999999999801
2381.0 	33.92 	0.010000000000005116
2382.0 	33.93 	0.00999999999999801
2383.0 	33.94 	0.00999999999999801
2384.0 	33.95 	0.010000000000005116
2385.0 	33.96 	0.00999999999999801
2386.0 	33.97 	0.00999999999999801
2387.0 	33.98 	0.00999999999999801
2388.0 	33.99 	0.010000000000005116
2389.0 	34.0 	0.00999999999999801
2390.0 	34.01 	0.00999999999999801
2391.0 	34.02 	0.010000000000005116
2392.0 	34.03 	0.00999999999999801
2393.0 	34.05 	0.01999999999999602
2394.0 	34.06 	0.010000000000005116
2395.0 	34.07 	0.00999999999999801
2396.0 	34.08 	0.00999999999999801
2397.0 	34.09 	0.010000000000005116
2398.0 	34.1 	0.00999999999999801
2399.0 	34.11 	0.00999999999999801
2400.0 	34.11 	0.0
2401.0 	34.13 	0.020000000000003126
2402.0 	34.14 	0.00999999999999801
2403.0 	34.15 	0.00999999999999801
2404.0 	34.15 	0.0
2405.0 	34.16 	0.00999999999999801
2406.0 	34.17 	0.010000000000005116
2407.0 	34.18 	0.00999999999999801
2408.0 	34.2 	0.020000000000003126
2409.0 	34.21 	0.00999999999999801
2410.0 	34.22 	0.00999999999999801
2411.0 	34.23 	0.00999999999999801
2412.0 	34.24 	0.010000000000005116
2413.0 	34.25 	0.00999999999999801
2414.0 	34.26 	0.00999999999999801
2415.0 	34.27 	0.010000000000005116
2416.0 	34.28 	0.00999999999999801
2417.0 	34.29 	0.00999999999999801
2418.0 	34.3 	0.00999999999999801
2419.0 	34.31 	0.010000000000005116
2420.0 	34.32 	0.00999999999999801
2421.0 	34.33 	0.00999999999999801
2422.0 	34.34 	0.010000000000005116
2423.0 	34.35 	0.00999999999999801
2424.0 	34.36 	0.00999999999999801
2425.0 	34.37 	0.00999999999999801
2426.0 	34.38 	0.010000000000005116
2427.0 	34.39 	0.00999999999999801
2428.0 	34.4 	0.00999999999999801
2429.0 	34.41 	0.00999999999999801
2430.0 	34.42 	0.010000000000005116
2431.0 	34.43 	0.00999999999999801
2432.0 	34.44 	0.00999999999999801
2433.0 	34.46 	0.020000000000003126
2434.0 	34.47 	0.00999999999999801
2435.0 	34.47 	0.0
2436.0 	34.48 	0.00999999999999801
2437.0 	34.5 	0.020000000000003126
2438.0 	34.51 	0.00999999999999801
2439.0 	34.52 	0.010000000000005116
2440.0 	34.52 	0.0
2441.0 	34.53 	0.00999999999999801
2442.0 	34.55 	0.01999999999999602
2443.0 	34.56 	0.010000000000005116
2444.0 	34.57 	0.00999999999999801
2445.0 	34.57 	0.0
2446.0 	34.58 	0.00999999999999801
2447.0 	34.59 	0.010000000000005116
2448.0 	34.6 	0.00999999999999801
2449.0 	34.62 	0.01999999999999602
2450.0 	34.63 	0.010000000000005116
2451.0 	34.64 	0.00999999999999801
2452.0 	34.65 	0.00999999999999801
2453.0 	34.66 	0.00999999999999801
2454.0 	34.67 	0.010000000000005116
2455.0 	34.68 	0.00999999999999801
2456.0 	34.69 	0.00999999999999801
2457.0 	34.7 	0.010000000000005116
2458.0 	34.71 	0.00999999999999801
2459.0 	34.72 	0.00999999999999801
2460.0 	34.73 	0.00999999999999801
2461.0 	34.75 	0.020000000000003126
2462.0 	34.76 	0.00999999999999801
2463.0 	34.77 	0.010000000000005116
2464.0 	34.79 	0.01999999999999602
2465.0 	34.79 	0.0
2466.0 	34.8 	0.00999999999999801
2467.0 	34.82 	0.020000000000003126
2468.0 	34.83 	0.00999999999999801
2469.0 	34.84 	0.010000000000005116
2470.0 	34.86 	0.01999999999999602
2471.0 	34.87 	0.00999999999999801
2472.0 	34.88 	0.010000000000005116
2473.0 	34.89 	0.00999999999999801
2474.0 	34.9 	0.00999999999999801
2475.0 	34.91 	0.00999999999999801
2476.0 	34.92 	0.010000000000005116
2477.0 	34.94 	0.01999999999999602
2478.0 	34.95 	0.010000000000005116
2479.0 	34.96 	0.00999999999999801
2480.0 	34.97 	0.00999999999999801
2481.0 	34.98 	0.00999999999999801
2482.0 	34.99 	0.010000000000005116
2483.0 	35.0 	0.00999999999999801
2484.0 	35.01 	0.00999999999999801
2485.0 	35.02 	0.010000000000005116
2486.0 	35.03 	0.00999999999999801
2487.0 	35.04 	0.00999999999999801
2488.0 	35.05 	0.00999999999999801
2489.0 	35.06 	0.010000000000005116
2490.0 	35.07 	0.00999999999999801
2491.0 	35.09 	0.020000000000003126
2492.0 	35.1 	0.00999999999999801
2493.0 	35.11 	0.00999999999999801
2494.0 	35.12 	0.00999999999999801
2495.0 	35.13 	0.010000000000005116
2496.0 	35.14 	0.00999999999999801
2497.0 	35.15 	0.00999999999999801
2498.0 	35.16 	0.00999999999999801
2499.0 	35.17 	0.010000000000005116
2500.0 	35.18 	0.00999999999999801
2501.0 	35.19 	0.00999999999999801
2502.0 	35.2 	0.010000000000005116
2503.0 	35.22 	0.01999999999999602
2504.0 	35.24 	0.020000000000003126
2505.0 	35.25 	0.00999999999999801
2506.0 	35.26 	0.00999999999999801
2507.0 	35.27 	0.010000000000005116
2508.0 	35.28 	0.00999999999999801
2509.0 	35.29 	0.00999999999999801
2510.0 	35.3 	0.00999999999999801
2511.0 	35.31 	0.010000000000005116
2512.0 	35.33 	0.01999999999999602
2513.0 	35.34 	0.010000000000005116
2514.0 	35.35 	0.00999999999999801
2515.0 	35.36 	0.00999999999999801
2516.0 	35.37 	0.00999999999999801
2517.0 	35.38 	0.010000000000005116
2518.0 	35.39 	0.00999999999999801
2519.0 	35.41 	0.01999999999999602
2520.0 	35.42 	0.010000000000005116
2521.0 	35.43 	0.00999999999999801
2522.0 	35.44 	0.00999999999999801
2523.0 	35.45 	0.010000000000005116
2524.0 	35.46 	0.00999999999999801
2525.0 	35.48 	0.01999999999999602
2526.0 	35.49 	0.010000000000005116
2527.0 	35.5 	0.00999999999999801
2528.0 	35.51 	0.00999999999999801
2529.0 	35.52 	0.010000000000005116
2530.0 	35.53 	0.00999999999999801
2531.0 	35.55 	0.01999999999999602
2532.0 	35.56 	0.010000000000005116
2533.0 	35.57 	0.00999999999999801
2534.0 	35.59 	0.020000000000003126
2535.0 	35.6 	0.00999999999999801
2536.0 	35.61 	0.00999999999999801
2537.0 	35.62 	0.00999999999999801
2538.0 	35.63 	0.010000000000005116
2539.0 	35.65 	0.01999999999999602
2540.0 	35.66 	0.00999999999999801
2541.0 	35.67 	0.010000000000005116
2542.0 	35.68 	0.00999999999999801
2543.0 	35.69 	0.00999999999999801
2544.0 	35.71 	0.020000000000003126
2545.0 	35.72 	0.00999999999999801
2546.0 	35.73 	0.00999999999999801
2547.0 	35.74 	0.010000000000005116
2548.0 	35.75 	0.00999999999999801
2549.0 	35.76 	0.00999999999999801
2550.0 	35.77 	0.010000000000005116
2551.0 	35.79 	0.01999999999999602
2552.0 	35.8 	0.00999999999999801
2553.0 	35.81 	0.010000000000005116
2554.0 	35.82 	0.00999999999999801
2555.0 	35.83 	0.00999999999999801
2556.0 	35.84 	0.010000000000005116
2557.0 	35.86 	0.01999999999999602
2558.0 	35.87 	0.00999999999999801
2559.0 	35.89 	0.020000000000003126
2560.0 	35.9 	0.00999999999999801
2561.0 	35.91 	0.00999999999999801
2562.0 	35.92 	0.010000000000005116
2563.0 	35.93 	0.00999999999999801
2564.0 	35.94 	0.00999999999999801
2565.0 	35.96 	0.020000000000003126
2566.0 	35.97 	0.00999999999999801
2567.0 	35.98 	0.00999999999999801
2568.0 	35.99 	0.010000000000005116
2569.0 	36.01 	0.01999999999999602
2570.0 	36.02 	0.010000000000005116
2571.0 	36.04 	0.01999999999999602
2572.0 	36.05 	0.00999999999999801
2573.0 	36.06 	0.010000000000005116
2574.0 	36.07 	0.00999999999999801
2575.0 	36.09 	0.020000000000003126
2576.0 	36.1 	0.00999999999999801
2577.0 	36.11 	0.00999999999999801
2578.0 	36.13 	0.020000000000003126
2579.0 	36.14 	0.00999999999999801
2580.0 	36.15 	0.00999999999999801
2581.0 	36.17 	0.020000000000003126
2582.0 	36.18 	0.00999999999999801
2583.0 	36.2 	0.020000000000003126
2584.0 	36.21 	0.00999999999999801
2585.0 	36.22 	0.00999999999999801
2586.0 	36.23 	0.00999999999999801
2587.0 	36.25 	0.020000000000003126
2588.0 	36.26 	0.00999999999999801
2589.0 	36.28 	0.020000000000003126
2590.0 	36.29 	0.00999999999999801
2591.0 	36.3 	0.00999999999999801
2592.0 	36.32 	0.020000000000003126
2593.0 	36.32 	0.0
2594.0 	36.34 	0.020000000000003126
2595.0 	36.35 	0.00999999999999801
2596.0 	36.36 	0.00999999999999801
2597.0 	36.37 	0.00999999999999801
2598.0 	36.39 	0.020000000000003126
2599.0 	36.4 	0.00999999999999801
2600.0 	36.41 	0.00999999999999801
2601.0 	36.42 	0.010000000000005116
2602.0 	36.44 	0.01999999999999602
2603.0 	36.45 	0.010000000000005116
2604.0 	36.46 	0.00999999999999801
2605.0 	36.47 	0.00999999999999801
2606.0 	36.48 	0.00999999999999801
2607.0 	36.5 	0.020000000000003126
2608.0 	36.51 	0.00999999999999801
2609.0 	36.53 	0.020000000000003126
2610.0 	36.54 	0.00999999999999801
2611.0 	36.55 	0.00999999999999801
2612.0 	36.56 	0.010000000000005116
2613.0 	36.57 	0.00999999999999801
2614.0 	36.58 	0.00999999999999801
2615.0 	36.59 	0.010000000000005116
2616.0 	36.6 	0.00999999999999801
2617.0 	36.61 	0.00999999999999801
2618.0 	36.62 	0.00999999999999801
2619.0 	36.64 	0.020000000000003126
2620.0 	36.65 	0.00999999999999801
2621.0 	36.66 	0.00999999999999801
2622.0 	36.67 	0.010000000000005116
2623.0 	36.68 	0.00999999999999801
2624.0 	36.69 	0.00999999999999801
2625.0 	36.7 	0.010000000000005116
2626.0 	36.72 	0.01999999999999602
2627.0 	36.73 	0.00999999999999801
2628.0 	36.74 	0.010000000000005116
2629.0 	36.75 	0.00999999999999801
2630.0 	36.76 	0.00999999999999801
2631.0 	36.78 	0.020000000000003126
2632.0 	36.79 	0.00999999999999801
2633.0 	36.8 	0.00999999999999801
2634.0 	36.81 	0.010000000000005116
2635.0 	36.83 	0.01999999999999602
2636.0 	36.84 	0.010000000000005116
2637.0 	36.85 	0.00999999999999801
2638.0 	36.86 	0.00999999999999801
2639.0 	36.87 	0.00999999999999801
2640.0 	36.89 	0.020000000000003126
2641.0 	36.9 	0.00999999999999801
2642.0 	36.91 	0.00999999999999801
2643.0 	36.92 	0.010000000000005116
2644.0 	36.93 	0.00999999999999801
2645.0 	36.95 	0.020000000000003126
2646.0 	36.96 	0.00999999999999801
2647.0 	36.97 	0.00999999999999801
2648.0 	36.98 	0.00999999999999801
2649.0 	36.99 	0.010000000000005116
2650.0 	37.0 	0.00999999999999801
2651.0 	37.01 	0.00999999999999801
2652.0 	37.03 	0.020000000000003126
2653.0 	37.04 	0.00999999999999801
2654.0 	37.05 	0.00999999999999801
2655.0 	37.07 	0.020000000000003126
2656.0 	37.08 	0.00999999999999801
2657.0 	37.09 	0.010000000000005116
2658.0 	37.11 	0.01999999999999602
2659.0 	37.12 	0.00999999999999801
2660.0 	37.13 	0.010000000000005116
2661.0 	37.15 	0.01999999999999602
2662.0 	37.16 	0.00999999999999801
2663.0 	37.17 	0.010000000000005116
2664.0 	37.18 	0.00999999999999801
2665.0 	37.2 	0.020000000000003126
2666.0 	37.22 	0.01999999999999602
2667.0 	37.23 	0.00999999999999801
2668.0 	37.24 	0.010000000000005116
2669.0 	37.25 	0.00999999999999801
2670.0 	37.27 	0.020000000000003126
2671.0 	37.28 	0.00999999999999801
2672.0 	37.29 	0.00999999999999801
2673.0 	37.3 	0.00999999999999801
2674.0 	37.32 	0.020000000000003126
2675.0 	37.33 	0.00999999999999801
2676.0 	37.35 	0.020000000000003126
2677.0 	37.36 	0.00999999999999801
2678.0 	37.37 	0.00999999999999801
2679.0 	37.39 	0.020000000000003126
2680.0 	37.4 	0.00999999999999801
2681.0 	37.41 	0.00999999999999801
2682.0 	37.43 	0.020000000000003126
2683.0 	37.44 	0.00999999999999801
2684.0 	37.45 	0.010000000000005116
2685.0 	37.47 	0.01999999999999602
2686.0 	37.48 	0.00999999999999801
2687.0 	37.49 	0.010000000000005116
2688.0 	37.5 	0.00999999999999801
2689.0 	37.51 	0.00999999999999801
2690.0 	37.52 	0.010000000000005116
2691.0 	37.54 	0.01999999999999602
2692.0 	37.55 	0.00999999999999801
2693.0 	37.56 	0.010000000000005116
2694.0 	37.57 	0.00999999999999801
2695.0 	37.58 	0.00999999999999801
2696.0 	37.59 	0.010000000000005116
2697.0 	37.6 	0.00999999999999801
2698.0 	37.62 	0.01999999999999602
2699.0 	37.63 	0.010000000000005116
2700.0 	37.64 	0.00999999999999801
2701.0 	37.65 	0.00999999999999801
2702.0 	37.66 	0.00999999999999801
2703.0 	37.67 	0.010000000000005116
2704.0 	37.68 	0.00999999999999801
2705.0 	37.7 	0.020000000000003126
2706.0 	37.71 	0.00999999999999801
2707.0 	37.72 	0.00999999999999801
2708.0 	37.73 	0.00999999999999801
2709.0 	37.74 	0.010000000000005116
2710.0 	37.76 	0.01999999999999602
2711.0 	37.77 	0.010000000000005116
2712.0 	37.78 	0.00999999999999801
2713.0 	37.79 	0.00999999999999801
2714.0 	37.8 	0.00999999999999801
2715.0 	37.82 	0.020000000000003126
2716.0 	37.83 	0.00999999999999801
2717.0 	37.84 	0.010000000000005116
2718.0 	37.85 	0.00999999999999801
2719.0 	37.86 	0.00999999999999801
2720.0 	37.88 	0.020000000000003126
2721.0 	37.89 	0.00999999999999801
2722.0 	37.9 	0.00999999999999801
2723.0 	37.91 	0.00999999999999801
2724.0 	37.92 	0.010000000000005116
2725.0 	37.94 	0.01999999999999602
2726.0 	37.95 	0.010000000000005116
2727.0 	37.96 	0.00999999999999801
2728.0 	37.97 	0.00999999999999801
2729.0 	37.98 	0.00999999999999801
2730.0 	37.99 	0.010000000000005116
2731.0 	38.0 	0.00999999999999801
2732.0 	38.02 	0.020000000000003126
2733.0 	38.03 	0.00999999999999801
2734.0 	38.04 	0.00999999999999801
2735.0 	38.05 	0.00999999999999801
2736.0 	38.06 	0.010000000000005116
2737.0 	38.07 	0.00999999999999801
2738.0 	38.08 	0.00999999999999801
2739.0 	38.1 	0.020000000000003126
2740.0 	38.11 	0.00999999999999801
2741.0 	38.12 	0.00999999999999801
2742.0 	38.13 	0.010000000000005116
2743.0 	38.14 	0.00999999999999801
2744.0 	38.15 	0.00999999999999801
2745.0 	38.16 	0.00999999999999801
2746.0 	38.17 	0.010000000000005116
2747.0 	38.19 	0.01999999999999602
2748.0 	38.2 	0.010000000000005116
2749.0 	38.21 	0.00999999999999801
2750.0 	38.22 	0.00999999999999801
2751.0 	38.23 	0.00999999999999801
2752.0 	38.25 	0.020000000000003126
2753.0 	38.26 	0.00999999999999801
2754.0 	38.27 	0.010000000000005116
2755.0 	38.28 	0.00999999999999801
2756.0 	38.29 	0.00999999999999801
2757.0 	38.3 	0.00999999999999801
2758.0 	38.31 	0.010000000000005116
2759.0 	38.32 	0.00999999999999801
2760.0 	38.34 	0.020000000000003126
2761.0 	38.35 	0.00999999999999801
2762.0 	38.36 	0.00999999999999801
2763.0 	38.38 	0.020000000000003126
2764.0 	38.39 	0.00999999999999801
2765.0 	38.4 	0.00999999999999801
2766.0 	38.41 	0.00999999999999801
2767.0 	38.42 	0.010000000000005116
2768.0 	38.43 	0.00999999999999801
2769.0 	38.44 	0.00999999999999801
2770.0 	38.45 	0.010000000000005116
2771.0 	38.46 	0.00999999999999801
2772.0 	38.47 	0.00999999999999801
2773.0 	38.48 	0.00999999999999801
2774.0 	38.5 	0.020000000000003126
2775.0 	38.51 	0.00999999999999801
2776.0 	38.52 	0.010000000000005116
2777.0 	38.53 	0.00999999999999801
2778.0 	38.55 	0.01999999999999602
2779.0 	38.56 	0.010000000000005116
2780.0 	38.57 	0.00999999999999801
2781.0 	38.58 	0.00999999999999801
2782.0 	38.59 	0.010000000000005116
2783.0 	38.6 	0.00999999999999801
2784.0 	38.62 	0.01999999999999602
2785.0 	38.63 	0.010000000000005116
2786.0 	38.64 	0.00999999999999801
2787.0 	38.65 	0.00999999999999801
2788.0 	38.66 	0.00999999999999801
2789.0 	38.68 	0.020000000000003126
2790.0 	38.69 	0.00999999999999801
2791.0 	38.7 	0.010000000000005116
2792.0 	38.71 	0.00999999999999801
2793.0 	38.72 	0.00999999999999801
2794.0 	38.73 	0.00999999999999801
2795.0 	38.75 	0.020000000000003126
2796.0 	38.76 	0.00999999999999801
2797.0 	38.77 	0.010000000000005116
2798.0 	38.78 	0.00999999999999801
2799.0 	38.8 	0.01999999999999602
2800.0 	38.81 	0.010000000000005116
2801.0 	38.83 	0.01999999999999602
2802.0 	38.84 	0.010000000000005116
2803.0 	38.85 	0.00999999999999801
2804.0 	38.86 	0.00999999999999801
2805.0 	38.87 	0.00999999999999801
2806.0 	38.88 	0.010000000000005116
2807.0 	38.89 	0.00999999999999801
2808.0 	38.91 	0.01999999999999602
2809.0 	38.92 	0.010000000000005116
2810.0 	38.93 	0.00999999999999801
2811.0 	38.94 	0.00999999999999801
2812.0 	38.95 	0.010000000000005116
2813.0 	38.96 	0.00999999999999801
2814.0 	38.98 	0.01999999999999602
2815.0 	38.99 	0.010000000000005116
2816.0 	39.0 	0.00999999999999801
2817.0 	39.01 	0.00999999999999801
2818.0 	39.02 	0.010000000000005116
2819.0 	39.03 	0.00999999999999801
2820.0 	39.04 	0.00999999999999801
2821.0 	39.06 	0.020000000000003126
2822.0 	39.07 	0.00999999999999801
2823.0 	39.09 	0.020000000000003126
2824.0 	39.1 	0.00999999999999801
2825.0 	39.12 	0.01999999999999602
2826.0 	39.13 	0.010000000000005116
2827.0 	39.15 	0.01999999999999602
2828.0 	39.16 	0.00999999999999801
2829.0 	39.18 	0.020000000000003126
2830.0 	39.2 	0.020000000000003126
2831.0 	39.21 	0.00999999999999801
2832.0 	39.23 	0.01999999999999602
2833.0 	39.24 	0.010000000000005116
2834.0 	39.26 	0.01999999999999602
2835.0 	39.27 	0.010000000000005116
2836.0 	39.28 	0.00999999999999801
2837.0 	39.3 	0.01999999999999602
2838.0 	39.31 	0.010000000000005116
2839.0 	39.32 	0.00999999999999801
2840.0 	39.33 	0.00999999999999801
2841.0 	39.34 	0.010000000000005116
2842.0 	39.35 	0.00999999999999801
2843.0 	39.37 	0.01999999999999602
2844.0 	39.38 	0.010000000000005116
2845.0 	39.39 	0.00999999999999801
2846.0 	39.4 	0.00999999999999801
2847.0 	39.42 	0.020000000000003126
2848.0 	39.43 	0.00999999999999801
2849.0 	39.44 	0.00999999999999801
2850.0 	39.47 	0.030000000000001137
2851.0 	39.48 	0.00999999999999801
2852.0 	39.49 	0.010000000000005116
2853.0 	39.5 	0.00999999999999801
2854.0 	39.52 	0.020000000000003126
2855.0 	39.53 	0.00999999999999801
2856.0 	39.55 	0.01999999999999602
2857.0 	39.56 	0.010000000000005116
2858.0 	39.58 	0.01999999999999602
