# time 	Local 	Global 	Cumulative
1.0 	4.34077e-08 	1.9552e-09 	1.39869e-06
2.0 	2.32815e-08 	-2.12153e-09 	1.39656e-06
3.0 	2.08528e-08 	7.52616e-10 	1.39732e-06
4.0 	1.69475e-08 	-1.65002e-09 	1.39567e-06
5.0 	1.59334e-08 	9.6286e-11 	1.39576e-06
6.0 	1.28654e-08 	-3.36534e-10 	1.39543e-06
7.0 	1.00749e-08 	-2.46706e-10 	1.39518e-06
8.0 	1.09929e-08 	-2.45987e-10 	1.39493e-06
9.0 	1.01696e-08 	-3.9989e-11 	1.39489e-06
10.0 	8.23187e-09 	1.22197e-10 	1.39502e-06
11.0 	6.57176e-09 	7.07484e-11 	1.39509e-06
12.0 	8.26179e-09 	2.88256e-10 	1.39537e-06
13.0 	6.39222e-09 	1.96841e-10 	1.39557e-06
14.0 	6.4785e-09 	1.59917e-10 	1.39573e-06
15.0 	5.94685e-09 	1.36244e-10 	1.39587e-06
16.0 	4.80218e-09 	9.0633e-11 	1.39596e-06
17.0 	6.1917e-09 	4.6959e-11 	1.39601e-06
18.0 	5.50607e-09 	3.0153e-11 	1.39604e-06
19.0 	4.75836e-09 	-3.49775e-11 	1.396e-06
20.0 	4.62603e-09 	-7.53253e-12 	1.39599e-06
21.0 	4.19323e-09 	-3.84552e-12 	1.39599e-06
22.0 	3.57291e-09 	-3.83071e-11 	1.39595e-06
23.0 	3.42692e-09 	-2.54166e-11 	1.39593e-06
24.0 	3.19538e-09 	2.62414e-11 	1.39595e-06
25.0 	3.18951e-09 	3.23217e-11 	1.39598e-06
26.0 	2.74628e-09 	-8.78519e-12 	1.39597e-06
27.0 	2.73107e-09 	-9.81996e-12 	1.39597e-06
28.0 	2.68542e-09 	-1.2029e-11 	1.39595e-06
29.0 	2.60547e-09 	-1.44847e-11 	1.39594e-06
30.0 	2.52943e-09 	-1.6734e-11 	1.39592e-06
31.0 	2.46949e-09 	-1.80341e-11 	1.3959e-06
32.0 	2.42789e-09 	-1.84592e-11 	1.39589e-06
33.0 	2.4036e-09 	-1.80637e-11 	1.39587e-06
34.0 	2.71893e-09 	3.62883e-11 	1.3959e-06
35.0 	2.52338e-09 	3.71936e-11 	1.39594e-06
36.0 	2.00625e-09 	2.68061e-11 	1.39597e-06
37.0 	2.10788e-09 	2.64922e-11 	1.39599e-06
38.0 	2.10724e-09 	-2.94675e-11 	1.39596e-06
39.0 	1.83158e-09 	2.68188e-11 	1.39599e-06
40.0 	2.34682e-09 	3.437e-11 	1.39603e-06
41.0 	2.31975e-09 	6.18589e-11 	1.39609e-06
42.0 	1.93814e-09 	7.33203e-11 	1.39616e-06
43.0 	1.44645e-09 	1.7339e-11 	1.39618e-06
44.0 	1.33873e-09 	1.5394e-11 	1.39619e-06
45.0 	1.3798e-09 	1.60534e-11 	1.39621e-06
46.0 	1.36019e-09 	1.66409e-11 	1.39623e-06
47.0 	1.75804e-09 	2.23432e-11 	1.39625e-06
48.0 	1.71811e-09 	2.06083e-11 	1.39627e-06
49.0 	2.26566e-09 	2.74571e-11 	1.3963e-06
50.0 	2.23001e-09 	2.86349e-11 	1.39633e-06
51.0 	1.82372e-09 	2.1513e-11 	1.39635e-06
52.0 	1.90613e-09 	2.22604e-11 	1.39637e-06
53.0 	1.4609e-09 	1.73563e-11 	1.39639e-06
54.0 	1.59059e-09 	1.87874e-11 	1.39641e-06
55.0 	1.87365e-09 	2.32086e-11 	1.39643e-06
56.0 	1.71494e-09 	2.07808e-11 	1.39645e-06
57.0 	1.66186e-09 	1.80664e-11 	1.39647e-06
58.0 	2.00714e-09 	1.65417e-11 	1.39648e-06
59.0 	1.58335e-09 	1.43765e-11 	1.3965e-06
60.0 	1.75423e-09 	1.7568e-11 	1.39652e-06
61.0 	1.71556e-09 	1.81383e-11 	1.39653e-06
62.0 	1.89404e-09 	1.94309e-11 	1.39655e-06
63.0 	1.62887e-09 	1.44405e-11 	1.39657e-06
64.0 	1.52097e-09 	1.38016e-11 	1.39658e-06
65.0 	1.25951e-09 	1.13425e-11 	1.39659e-06
66.0 	1.36782e-09 	1.31153e-11 	1.39661e-06
67.0 	1.66148e-09 	1.39532e-11 	1.39662e-06
68.0 	1.65347e-09 	1.18233e-11 	1.39663e-06
69.0 	1.69983e-09 	6.84838e-12 	1.39664e-06
70.0 	1.6175e-09 	4.40162e-11 	1.39668e-06
71.0 	1.56109e-09 	3.75615e-11 	1.39672e-06
72.0 	1.894e-09 	5.92592e-11 	1.39678e-06
73.0 	1.77313e-09 	4.20891e-11 	1.39682e-06
74.0 	1.30917e-09 	1.18315e-11 	1.39683e-06
75.0 	1.87659e-09 	2.30411e-12 	1.39684e-06
76.0 	1.539e-09 	3.83771e-11 	1.39687e-06
77.0 	1.58818e-09 	6.83608e-12 	1.39688e-06
78.0 	1.54134e-09 	1.04903e-11 	1.39689e-06
79.0 	1.42531e-09 	3.12501e-11 	1.39692e-06
80.0 	1.43176e-09 	1.11157e-11 	1.39693e-06
81.0 	1.3676e-09 	1.26347e-11 	1.39695e-06
82.0 	1.45248e-09 	3.59544e-11 	1.39698e-06
83.0 	1.69738e-09 	1.38175e-11 	1.397e-06
84.0 	1.57473e-09 	-2.9557e-11 	1.39697e-06
85.0 	1.52451e-09 	1.35493e-11 	1.39698e-06
86.0 	1.50715e-09 	3.85988e-11 	1.39702e-06
87.0 	1.5605e-09 	9.60927e-12 	1.39703e-06
88.0 	1.40268e-09 	2.93858e-11 	1.39706e-06
89.0 	1.36588e-09 	1.32063e-11 	1.39707e-06
