# time 	cumulated 	delta
1.0 	0.05 	0.05
2.0 	0.06 	0.009999999999999995
3.0 	0.07 	0.010000000000000009
4.0 	0.09 	0.01999999999999999
5.0 	0.1 	0.010000000000000009
6.0 	0.11 	0.009999999999999995
7.0 	0.12 	0.009999999999999995
8.0 	0.13 	0.010000000000000009
9.0 	0.14 	0.010000000000000009
10.0 	0.15 	0.009999999999999981
11.0 	0.16 	0.010000000000000009
12.0 	0.17 	0.010000000000000009
13.0 	0.19 	0.01999999999999999
14.0 	0.2 	0.010000000000000009
15.0 	0.2 	0.0
16.0 	0.22 	0.01999999999999999
17.0 	0.22 	0.0
18.0 	0.23 	0.010000000000000009
19.0 	0.24 	0.009999999999999981
20.0 	0.25 	0.010000000000000009
21.0 	0.26 	0.010000000000000009
22.0 	0.27 	0.010000000000000009
23.0 	0.28 	0.010000000000000009
24.0 	0.29 	0.009999999999999953
25.0 	0.3 	0.010000000000000009
26.0 	0.31 	0.010000000000000009
27.0 	0.32 	0.010000000000000009
28.0 	0.34 	0.020000000000000018
29.0 	0.35 	0.009999999999999953
30.0 	0.36 	0.010000000000000009
31.0 	0.37 	0.010000000000000009
32.0 	0.38 	0.010000000000000009
33.0 	0.39 	0.010000000000000009
34.0 	0.4 	0.010000000000000009
35.0 	0.41 	0.009999999999999953
36.0 	0.42 	0.010000000000000009
37.0 	0.43 	0.010000000000000009
38.0 	0.44 	0.010000000000000009
39.0 	0.46 	0.020000000000000018
40.0 	0.47 	0.009999999999999953
41.0 	0.47 	0.0
42.0 	0.48 	0.010000000000000009
43.0 	0.49 	0.010000000000000009
44.0 	0.5 	0.010000000000000009
45.0 	0.52 	0.020000000000000018
46.0 	0.53 	0.010000000000000009
47.0 	0.54 	0.010000000000000009
48.0 	0.55 	0.010000000000000009
49.0 	0.57 	0.019999999999999907
50.0 	0.58 	0.010000000000000009
51.0 	0.59 	0.010000000000000009
52.0 	0.6 	0.010000000000000009
53.0 	0.61 	0.010000000000000009
54.0 	0.62 	0.010000000000000009
55.0 	0.63 	0.010000000000000009
56.0 	0.64 	0.010000000000000009
57.0 	0.66 	0.020000000000000018
58.0 	0.67 	0.010000000000000009
59.0 	0.68 	0.010000000000000009
60.0 	0.7 	0.019999999999999907
61.0 	0.71 	0.010000000000000009
62.0 	0.72 	0.010000000000000009
63.0 	0.74 	0.020000000000000018
64.0 	0.75 	0.010000000000000009
65.0 	0.76 	0.010000000000000009
66.0 	0.78 	0.020000000000000018
67.0 	0.79 	0.010000000000000009
68.0 	0.8 	0.010000000000000009
69.0 	0.81 	0.010000000000000009
70.0 	0.82 	0.009999999999999898
71.0 	0.83 	0.010000000000000009
72.0 	0.84 	0.010000000000000009
73.0 	0.85 	0.010000000000000009
74.0 	0.86 	0.010000000000000009
75.0 	0.87 	0.010000000000000009
76.0 	0.89 	0.020000000000000018
77.0 	0.9 	0.010000000000000009
78.0 	0.91 	0.010000000000000009
79.0 	0.92 	0.010000000000000009
80.0 	0.93 	0.010000000000000009
81.0 	0.94 	0.009999999999999898
82.0 	0.95 	0.010000000000000009
83.0 	0.96 	0.010000000000000009
84.0 	0.97 	0.010000000000000009
85.0 	0.98 	0.010000000000000009
86.0 	0.99 	0.010000000000000009
87.0 	1.01 	0.020000000000000018
88.0 	1.02 	0.010000000000000009
