# time 	Initial 	Final 	Iterations
1.0 	1.07651e-05 	1.05838e-06 	10
2.0 	5.68596e-06 	5.67479e-07 	8
3.0 	5.21006e-06 	5.08088e-07 	9
4.0 	4.5506e-06 	4.12761e-07 	10
5.0 	3.99249e-06 	3.87931e-07 	11
6.0 	3.21133e-06 	3.1317e-07 	13
7.0 	2.58256e-06 	2.4523e-07 	16
8.0 	2.68748e-06 	2.67581e-07 	14
9.0 	2.60177e-06 	2.4755e-07 	13
10.0 	2.11896e-06 	2.00385e-07 	14
11.0 	1.67061e-06 	1.59969e-07 	15
12.0 	2.18488e-06 	2.01108e-07 	12
13.0 	1.56484e-06 	1.55575e-07 	13
14.0 	1.59686e-06 	1.57657e-07 	13
15.0 	1.48339e-06 	1.44702e-07 	14
16.0 	1.24089e-06 	1.16837e-07 	17
17.0 	1.56104e-06 	1.50641e-07 	15
18.0 	1.38079e-06 	1.33949e-07 	16
19.0 	1.25321e-06 	1.1575e-07 	17
20.0 	1.1416e-06 	1.12523e-07 	16
21.0 	1.03762e-06 	1.01989e-07 	16
22.0 	9.44131e-07 	8.68956e-08 	17
23.0 	8.78468e-07 	8.33394e-08 	17
24.0 	8.23165e-07 	7.77032e-08 	18
25.0 	7.82083e-07 	7.75555e-08 	18
26.0 	7.58738e-07 	6.6774e-08 	19
27.0 	7.41155e-07 	6.64003e-08 	19
28.0 	7.2339e-07 	6.52868e-08 	19
29.0 	7.04831e-07 	6.33401e-08 	19
30.0 	6.90591e-07 	6.14888e-08 	19
31.0 	6.79496e-07 	6.00289e-08 	19
32.0 	6.71719e-07 	5.90152e-08 	19
33.0 	6.66586e-07 	5.84222e-08 	19
34.0 	6.70749e-07 	6.60839e-08 	18
35.0 	6.76971e-07 	6.13281e-08 	18
36.0 	5.08746e-07 	4.87555e-08 	15
37.0 	5.21982e-07 	5.12228e-08 	13
38.0 	5.39622e-07 	5.12046e-08 	9
39.0 	5.58745e-07 	4.45037e-08 	13
40.0 	5.73229e-07 	5.70195e-08 	7
41.0 	5.91624e-07 	5.63584e-08 	9
42.0 	6.05456e-07 	4.70841e-08 	9
43.0 	3.52547e-07 	3.51362e-08 	17
44.0 	3.73161e-07 	3.2517e-08 	19
45.0 	3.93189e-07 	3.35118e-08 	19
46.0 	4.11468e-07 	3.30326e-08 	19
47.0 	4.27089e-07 	4.26903e-08 	17
48.0 	4.41345e-07 	4.17162e-08 	17
49.0 	5.98828e-07 	5.50064e-08 	18
50.0 	5.97795e-07 	5.41346e-08 	18
51.0 	4.68186e-07 	4.42648e-08 	17
52.0 	4.68566e-07 	4.62589e-08 	17
53.0 	4.6536e-07 	3.54493e-08 	19
54.0 	4.59955e-07 	3.8591e-08 	19
55.0 	4.59817e-07 	4.54527e-08 	19
56.0 	4.70286e-07 	4.15967e-08 	21
57.0 	4.80219e-07 	4.03039e-08 	23
58.0 	4.90247e-07 	4.86708e-08 	23
59.0 	5.02346e-07 	3.8389e-08 	25
60.0 	5.06951e-07 	4.25263e-08 	23
61.0 	5.09245e-07 	4.15834e-08 	21
62.0 	5.10695e-07 	4.59035e-08 	19
63.0 	5.10025e-07 	3.94718e-08 	19
64.0 	5.11892e-07 	3.68521e-08 	19
65.0 	4.14407e-07 	3.05123e-08 	22
66.0 	4.11801e-07 	3.31318e-08 	22
67.0 	4.11496e-07 	4.024e-08 	22
68.0 	4.1451e-07 	4.00409e-08 	24
69.0 	4.19876e-07 	4.11587e-08 	26
70.0 	4.26728e-07 	3.91605e-08 	27
71.0 	4.07683e-07 	3.77907e-08 	25
72.0 	4.72745e-07 	4.58462e-08 	13
73.0 	4.73856e-07 	4.29163e-08 	25
74.0 	4.00149e-07 	3.1683e-08 	23
75.0 	4.65501e-07 	4.54126e-08 	26
76.0 	4.62324e-07 	3.72403e-08 	26
77.0 	4.55908e-07 	3.84275e-08 	26
78.0 	4.50902e-07 	3.72918e-08 	24
79.0 	4.4965e-07 	3.44825e-08 	24
80.0 	4.44375e-07 	3.46367e-08 	24
81.0 	4.43428e-07 	3.30828e-08 	22
82.0 	3.80008e-07 	3.51338e-08 	15
83.0 	4.39476e-07 	4.10567e-08 	22
84.0 	4.39899e-07 	3.80887e-08 	14
85.0 	4.39011e-07 	3.68728e-08 	22
86.0 	3.77245e-07 	3.64516e-08 	15
87.0 	4.41516e-07 	3.77417e-08 	24
88.0 	3.76337e-07 	3.3924e-08 	15
89.0 	3.7548e-07 	3.30338e-08 	17
