# time 	Initial 	Final 	Iterations
1.0 	1.16599e-06 	5.23741e-11 	3
2.0 	5.13814e-06 	4.37965e-11 	4
3.0 	2.62553e-06 	2.09254e-11 	4
4.0 	1.35858e-06 	1.60066e-11 	4
5.0 	1.70036e-06 	1.94058e-11 	3
6.0 	2.43751e-06 	7.85083e-11 	3
7.0 	2.74652e-06 	1.16932e-11 	4
8.0 	2.71377e-06 	1.0284e-11 	4
9.0 	2.51769e-06 	6.82278e-11 	3
10.0 	2.28464e-06 	3.24487e-11 	3
11.0 	2.11248e-06 	1.59157e-11 	3
12.0 	2.00588e-06 	3.35844e-11 	3
13.0 	1.96239e-06 	2.39381e-11 	3
14.0 	1.94398e-06 	2.07841e-11 	3
15.0 	1.94238e-06 	2.16737e-11 	3
16.0 	1.94021e-06 	2.25184e-11 	3
17.0 	1.93094e-06 	1.94247e-11 	3
18.0 	1.9145e-06 	1.9912e-11 	3
19.0 	1.89201e-06 	3.94291e-11 	3
20.0 	1.86764e-06 	5.46884e-11 	3
21.0 	1.84609e-06 	7.18931e-11 	3
22.0 	1.8303e-06 	9.63959e-11 	3
23.0 	1.81708e-06 	9.82029e-12 	4
24.0 	1.80441e-06 	1.00646e-11 	4
25.0 	1.79254e-06 	1.01917e-11 	4
26.0 	1.78084e-06 	1.01764e-11 	4
27.0 	1.76981e-06 	1.00256e-11 	4
28.0 	1.75952e-06 	9.85498e-12 	4
29.0 	1.74935e-06 	9.39819e-11 	3
30.0 	1.73928e-06 	7.77501e-11 	3
31.0 	1.72898e-06 	6.63259e-11 	3
32.0 	1.7187e-06 	2.87409e-11 	3
33.0 	1.70888e-06 	1.76885e-11 	3
34.0 	1.69952e-06 	1.07529e-11 	3
35.0 	1.69096e-06 	8.24915e-12 	3
36.0 	1.68257e-06 	8.26114e-11 	3
37.0 	1.67389e-06 	8.47771e-11 	3
38.0 	1.66454e-06 	8.60767e-11 	3
39.0 	1.65413e-06 	9.10305e-11 	3
40.0 	1.64282e-06 	9.95907e-11 	3
41.0 	1.63046e-06 	1.71053e-11 	3
42.0 	1.61793e-06 	1.91641e-11 	3
43.0 	1.60486e-06 	2.07567e-11 	3
44.0 	1.59206e-06 	2.22702e-11 	3
45.0 	1.57825e-06 	2.40626e-11 	3
46.0 	1.56344e-06 	2.6448e-11 	3
47.0 	1.54778e-06 	2.99114e-11 	3
48.0 	1.53153e-06 	3.54483e-11 	3
49.0 	1.51495e-06 	4.59093e-11 	3
50.0 	1.49775e-06 	2.85957e-11 	4
51.0 	1.48104e-06 	7.93948e-11 	3
52.0 	1.46459e-06 	1.07886e-11 	3
53.0 	1.44839e-06 	1.48896e-11 	3
54.0 	1.43265e-06 	1.83264e-11 	3
55.0 	1.41751e-06 	2.23886e-11 	3
56.0 	1.40319e-06 	3.03346e-11 	3
57.0 	1.39085e-06 	5.5443e-11 	3
58.0 	1.382e-06 	7.89082e-11 	3
59.0 	1.37617e-06 	8.54189e-11 	3
60.0 	1.37258e-06 	9.53774e-11 	3
61.0 	1.37092e-06 	1.20772e-11 	3
62.0 	1.37063e-06 	1.32535e-11 	3
63.0 	1.37142e-06 	1.40136e-11 	3
64.0 	1.37333e-06 	1.45189e-11 	3
65.0 	1.3756e-06 	1.48885e-11 	3
66.0 	1.3782e-06 	1.50914e-11 	3
67.0 	1.38098e-06 	1.50201e-11 	3
68.0 	1.38385e-06 	1.46817e-11 	3
69.0 	1.38678e-06 	1.41304e-11 	3
70.0 	1.38972e-06 	1.3469e-11 	3
71.0 	1.39265e-06 	1.27865e-11 	3
72.0 	1.39578e-06 	1.21691e-11 	3
73.0 	1.39906e-06 	1.16133e-11 	3
74.0 	1.40405e-06 	1.11687e-11 	3
75.0 	1.40945e-06 	9.9503e-11 	3
76.0 	1.41498e-06 	9.77156e-11 	3
77.0 	1.42142e-06 	9.61223e-11 	3
78.0 	1.42796e-06 	9.45791e-11 	3
79.0 	1.43505e-06 	9.3201e-11 	3
80.0 	1.44364e-06 	9.20704e-11 	3
81.0 	1.45313e-06 	9.11865e-11 	3
82.0 	1.46427e-06 	9.04513e-11 	3
83.0 	1.47738e-06 	9.0008e-11 	3
84.0 	1.49344e-06 	9.02951e-11 	3
85.0 	1.51168e-06 	9.06734e-11 	3
86.0 	1.5323e-06 	9.11864e-11 	3
87.0 	1.55381e-06 	9.17032e-11 	3
88.0 	1.57603e-06 	9.24344e-11 	3
89.0 	1.59872e-06 	9.32536e-11 	3
