# time 	Initial 	Final 	Iterations
1.0 	5.40703e-06 	1.59622e-11 	3
2.0 	5.16736e-06 	1.362e-11 	3
3.0 	4.93461e-06 	1.2015e-11 	3
4.0 	4.71157e-06 	9.97312e-11 	3
5.0 	4.49553e-06 	9.57522e-11 	3
6.0 	4.28713e-06 	9.25817e-11 	3
7.0 	4.0863e-06 	9.01324e-11 	3
8.0 	3.89242e-06 	8.85164e-11 	3
9.0 	3.70521e-06 	8.76959e-11 	3
10.0 	3.52377e-06 	8.80625e-11 	3
11.0 	3.34691e-06 	9.11569e-11 	3
12.0 	3.17471e-06 	9.52149e-11 	3
13.0 	3.00842e-06 	1.31118e-11 	3
14.0 	2.85068e-06 	1.47103e-11 	3
15.0 	2.70314e-06 	1.64174e-11 	3
16.0 	2.56597e-06 	1.7928e-11 	3
17.0 	2.4367e-06 	1.929e-11 	3
18.0 	2.31651e-06 	2.05664e-11 	3
19.0 	2.20506e-06 	2.16388e-11 	3
20.0 	2.10199e-06 	2.24841e-11 	3
21.0 	2.00728e-06 	2.29657e-11 	3
22.0 	1.9214e-06 	2.30992e-11 	3
23.0 	1.84296e-06 	2.28655e-11 	3
24.0 	1.77259e-06 	2.23427e-11 	3
25.0 	1.70863e-06 	2.15787e-11 	3
26.0 	1.64816e-06 	2.06183e-11 	3
27.0 	1.59247e-06 	1.96978e-11 	3
28.0 	1.53917e-06 	1.87723e-11 	3
29.0 	1.48969e-06 	1.7879e-11 	3
30.0 	1.44259e-06 	1.70697e-11 	3
31.0 	1.39835e-06 	1.63124e-11 	3
32.0 	1.35584e-06 	1.56167e-11 	3
33.0 	1.31521e-06 	1.51451e-11 	3
34.0 	1.27604e-06 	1.48586e-11 	3
35.0 	1.23684e-06 	1.47665e-11 	3
36.0 	1.19784e-06 	1.47201e-11 	3
37.0 	1.15835e-06 	1.46627e-11 	3
38.0 	1.11994e-06 	1.45302e-11 	3
39.0 	1.08176e-06 	1.44007e-11 	3
40.0 	1.0437e-06 	1.4281e-11 	3
41.0 	1.00632e-06 	1.41384e-11 	3
42.0 	9.69758e-07 	1.39698e-11 	3
43.0 	9.3423e-07 	1.38074e-11 	3
44.0 	8.99664e-07 	1.35933e-11 	3
45.0 	8.6655e-07 	9.97559e-11 	3
46.0 	8.35762e-07 	9.66807e-11 	3
47.0 	8.06584e-07 	9.31452e-11 	3
48.0 	7.79478e-07 	8.92149e-11 	3
49.0 	7.53939e-07 	8.48667e-11 	3
50.0 	7.30229e-07 	8.0379e-11 	3
51.0 	7.07769e-07 	7.59117e-11 	3
52.0 	6.86317e-07 	7.1562e-11 	3
53.0 	6.66129e-07 	6.71854e-11 	3
54.0 	6.47761e-07 	6.28058e-11 	3
55.0 	6.30346e-07 	5.87692e-11 	3
56.0 	6.13529e-07 	5.49236e-11 	3
57.0 	5.97605e-07 	5.10943e-11 	3
58.0 	5.82519e-07 	4.71895e-11 	3
59.0 	5.69716e-07 	4.37688e-11 	3
60.0 	5.60084e-07 	4.06558e-11 	3
61.0 	5.53025e-07 	3.76739e-11 	3
62.0 	5.47953e-07 	3.50841e-11 	3
63.0 	5.44307e-07 	3.26315e-11 	3
64.0 	5.42069e-07 	3.02398e-11 	3
65.0 	5.40915e-07 	2.80698e-11 	3
66.0 	5.409e-07 	8.53001e-11 	2
67.0 	5.41232e-07 	7.16007e-11 	2
68.0 	5.42274e-07 	6.79828e-11 	2
69.0 	5.44132e-07 	6.76831e-11 	2
70.0 	5.4698e-07 	6.84216e-11 	2
71.0 	5.49963e-07 	6.98878e-11 	2
72.0 	5.54319e-07 	7.2324e-11 	2
73.0 	5.59025e-07 	7.60599e-11 	2
74.0 	5.64891e-07 	7.99029e-11 	2
75.0 	5.71097e-07 	8.37345e-11 	2
76.0 	5.77699e-07 	8.75555e-11 	2
77.0 	5.84632e-07 	9.12986e-11 	2
78.0 	5.91822e-07 	9.4983e-11 	2
79.0 	5.99413e-07 	9.86549e-11 	2
80.0 	6.06686e-07 	3.63609e-11 	3
81.0 	6.13627e-07 	3.72684e-11 	3
82.0 	6.19829e-07 	3.80671e-11 	3
83.0 	6.25012e-07 	3.87495e-11 	3
84.0 	6.29417e-07 	3.93036e-11 	3
85.0 	6.33626e-07 	3.96768e-11 	3
86.0 	6.37253e-07 	3.98334e-11 	3
87.0 	6.40291e-07 	3.97981e-11 	3
88.0 	6.42609e-07 	3.96399e-11 	3
