# time 	Initial 	Final 	Iterations
1.0 	0.000130479 	1.03456e-05 	4
2.0 	6.38376e-05 	5.42006e-06 	4
3.0 	5.32776e-05 	4.98346e-06 	4
4.0 	4.66612e-05 	4.33047e-06 	4
5.0 	4.08368e-05 	3.80973e-06 	4
6.0 	3.60627e-05 	3.05227e-06 	4
7.0 	3.26341e-05 	2.44368e-06 	4
8.0 	3.00704e-05 	2.56212e-06 	4
9.0 	2.78162e-05 	2.48848e-06 	4
10.0 	2.55957e-05 	2.01482e-06 	4
11.0 	2.34954e-05 	1.5773e-06 	4
12.0 	2.1695e-05 	2.11134e-06 	3
13.0 	2.01914e-05 	1.488e-06 	4
14.0 	1.89227e-05 	1.52605e-06 	4
15.0 	1.77638e-05 	1.41476e-06 	4
16.0 	1.66468e-05 	1.17275e-06 	4
17.0 	1.56882e-05 	1.50283e-06 	3
18.0 	1.48124e-05 	1.32162e-06 	3
19.0 	1.39839e-05 	1.19371e-06 	3
20.0 	1.32038e-05 	1.08158e-06 	3
21.0 	1.24446e-05 	9.77909e-07 	3
22.0 	1.17307e-05 	8.86256e-07 	3
23.0 	1.10845e-05 	8.22049e-07 	3
24.0 	1.04977e-05 	7.67744e-07 	3
25.0 	9.95054e-06 	7.27226e-07 	3
26.0 	9.43689e-06 	7.04559e-07 	3
27.0 	8.95793e-06 	6.88571e-07 	3
28.0 	8.51054e-06 	6.71651e-07 	3
29.0 	8.12438e-06 	6.53561e-07 	3
30.0 	7.78803e-06 	6.39742e-07 	3
31.0 	7.45819e-06 	6.29222e-07 	3
32.0 	7.15059e-06 	6.22134e-07 	3
33.0 	6.87442e-06 	6.18035e-07 	3
34.0 	6.62849e-06 	6.23286e-07 	3
35.0 	6.42096e-06 	6.30121e-07 	3
36.0 	6.24243e-06 	4.51387e-07 	4
37.0 	6.07833e-06 	4.64393e-07 	4
38.0 	5.94237e-06 	4.81134e-07 	4
39.0 	5.81648e-06 	4.99196e-07 	4
40.0 	5.70411e-06 	5.12399e-07 	4
41.0 	5.60944e-06 	5.29076e-07 	4
42.0 	5.53665e-06 	5.41113e-07 	4
43.0 	5.46938e-06 	2.7212e-07 	5
44.0 	5.40138e-06 	2.9162e-07 	5
45.0 	5.3456e-06 	3.1045e-07 	5
46.0 	5.31527e-06 	3.27618e-07 	5
47.0 	5.28529e-06 	3.42196e-07 	5
48.0 	5.26163e-06 	3.55557e-07 	5
49.0 	5.23146e-06 	5.22772e-07 	4
50.0 	5.20316e-06 	5.19904e-07 	4
51.0 	5.17033e-06 	3.7945e-07 	5
52.0 	5.11863e-06 	3.78885e-07 	5
53.0 	5.06255e-06 	3.74934e-07 	5
54.0 	5.00598e-06 	3.69543e-07 	5
55.0 	4.93306e-06 	3.69884e-07 	5
56.0 	4.8475e-06 	3.80038e-07 	5
57.0 	4.76094e-06 	3.89578e-07 	5
58.0 	4.67613e-06 	3.9935e-07 	5
59.0 	4.60162e-06 	4.10224e-07 	5
60.0 	4.53974e-06 	4.14072e-07 	5
61.0 	4.48778e-06 	4.1731e-07 	5
62.0 	4.4332e-06 	4.19637e-07 	5
63.0 	4.36601e-06 	4.20147e-07 	5
64.0 	4.29282e-06 	4.22306e-07 	5
65.0 	4.22158e-06 	3.20705e-07 	6
66.0 	4.15458e-06 	3.176e-07 	6
67.0 	4.09187e-06 	3.16832e-07 	6
68.0 	4.03094e-06 	3.19249e-07 	6
69.0 	3.97722e-06 	3.2373e-07 	6
70.0 	3.92648e-06 	3.30159e-07 	6
71.0 	3.87616e-06 	3.11331e-07 	6
72.0 	3.83419e-06 	3.76857e-07 	5
73.0 	3.79642e-06 	3.78389e-07 	5
74.0 	3.75991e-06 	3.05043e-07 	6
75.0 	3.7255e-06 	3.70826e-07 	5
76.0 	3.68998e-06 	3.68226e-07 	5
77.0 	3.64998e-06 	3.6222e-07 	5
78.0 	3.61675e-06 	3.57834e-07 	5
79.0 	3.58397e-06 	3.57442e-07 	5
80.0 	3.55275e-06 	3.53061e-07 	5
81.0 	3.53145e-06 	3.52921e-07 	5
82.0 	3.51386e-06 	2.8958e-07 	6
83.0 	3.50607e-06 	3.49852e-07 	5
84.0 	3.50553e-06 	3.50275e-07 	5
85.0 	3.50608e-06 	3.49334e-07 	5
86.0 	3.51016e-06 	2.85909e-07 	6
87.0 	3.51365e-06 	3.51103e-07 	5
88.0 	3.52116e-06 	2.83261e-07 	6
89.0 	3.52976e-06 	2.81228e-07 	6
