# time 	Initial 	Final 	Iterations
1.0 	5.42902e-09 	2.52076e-11 	1
2.0 	8.71275e-09 	4.93812e-11 	1
3.0 	1.04542e-08 	6.53006e-11 	1
4.0 	1.17383e-08 	7.49864e-11 	1
5.0 	1.29324e-08 	7.97846e-11 	1
6.0 	1.39623e-08 	7.9518e-11 	1
7.0 	1.67561e-08 	7.78424e-11 	1
8.0 	1.39558e-08 	7.96462e-11 	1
9.0 	1.31326e-08 	8.09385e-11 	1
10.0 	1.41943e-08 	7.35187e-11 	1
11.0 	1.67851e-08 	7.07699e-11 	1
12.0 	1.29408e-08 	6.86401e-11 	1
13.0 	1.16546e-08 	6.85722e-11 	1
14.0 	1.63047e-08 	6.32681e-11 	1
15.0 	1.17236e-08 	6.08592e-11 	1
16.0 	1.02435e-08 	6.06799e-11 	1
17.0 	1.60437e-08 	5.71565e-11 	1
18.0 	1.17223e-08 	5.51208e-11 	1
19.0 	9.18422e-09 	5.38252e-11 	1
20.0 	1.60568e-08 	5.15938e-11 	1
21.0 	8.73816e-09 	4.96629e-11 	1
22.0 	7.71406e-09 	4.81601e-11 	1
23.0 	6.76197e-09 	4.82982e-11 	1
24.0 	1.53343e-08 	4.50206e-11 	1
25.0 	1.55013e-07 	4.38845e-11 	1
26.0 	2.04718e-07 	4.27775e-11 	1
27.0 	2.01337e-07 	4.07083e-11 	1
28.0 	1.53779e-07 	3.94774e-11 	1
29.0 	9.93614e-08 	3.77568e-11 	1
30.0 	8.2208e-08 	3.62962e-11 	1
31.0 	4.60975e-08 	3.48661e-11 	1
32.0 	5.08254e-08 	3.35455e-11 	1
33.0 	4.83889e-08 	3.2268e-11 	1
34.0 	4.97221e-08 	3.10588e-11 	1
35.0 	5.45466e-08 	2.99326e-11 	1
36.0 	5.61684e-08 	2.88017e-11 	1
37.0 	6.41495e-08 	2.7755e-11 	1
38.0 	6.17666e-08 	2.66799e-11 	1
39.0 	6.32244e-08 	2.56597e-11 	1
40.0 	6.40536e-08 	2.46988e-11 	1
41.0 	6.20012e-08 	2.37699e-11 	1
42.0 	5.40869e-08 	2.28983e-11 	1
43.0 	4.28833e-08 	2.20298e-11 	1
44.0 	3.27894e-08 	2.12554e-11 	1
45.0 	2.25735e-08 	2.05467e-11 	1
46.0 	1.82651e-08 	1.98235e-11 	1
47.0 	9.56877e-09 	1.92131e-11 	1
48.0 	7.15556e-09 	1.86683e-11 	1
49.0 	8.57524e-09 	1.81977e-11 	1
50.0 	1.37375e-08 	1.78095e-11 	1
51.0 	1.14442e-08 	1.74267e-11 	1
52.0 	1.15015e-08 	1.7053e-11 	1
53.0 	1.85197e-08 	1.66745e-11 	1
54.0 	1.39908e-08 	1.63035e-11 	1
55.0 	1.50856e-08 	1.5959e-11 	1
56.0 	2.49233e-08 	1.56959e-11 	1
57.0 	1.98387e-08 	1.54685e-11 	1
58.0 	2.90026e-08 	1.52667e-11 	1
59.0 	2.53185e-08 	1.50996e-11 	1
60.0 	4.47437e-08 	1.49607e-11 	1
61.0 	5.89802e-08 	1.48277e-11 	1
62.0 	8.75706e-08 	1.47131e-11 	1
63.0 	3.07695e-08 	1.45908e-11 	1
64.0 	9.42056e-09 	1.44107e-11 	1
65.0 	2.9831e-09 	1.41836e-11 	1
66.0 	1.25338e-09 	1.39404e-11 	1
67.0 	2.098e-09 	1.35733e-11 	1
68.0 	1.78324e-09 	1.32464e-11 	1
69.0 	8.26817e-10 	1.29074e-11 	1
70.0 	5.90304e-10 	1.30667e-11 	1
71.0 	5.13863e-10 	1.71474e-11 	1
72.0 	5.07604e-10 	1.85211e-11 	1
73.0 	5.08256e-10 	1.69063e-11 	1
74.0 	5.12226e-10 	1.16683e-11 	1
75.0 	5.87553e-09 	1.10441e-11 	1
76.0 	1.77802e-09 	1.08025e-11 	1
77.0 	8.55767e-10 	1.05479e-11 	1
78.0 	5.15381e-10 	1.04479e-11 	1
79.0 	5.12648e-10 	1.02387e-11 	1
80.0 	6.16634e-10 	1.00077e-11 	1
81.0 	4.62128e-10 	9.87232e-12 	1
82.0 	3.9661e-10 	1.04704e-11 	1
83.0 	3.7968e-10 	1.1045e-11 	1
84.0 	3.84846e-10 	1.18398e-11 	1
85.0 	3.85288e-10 	1.21046e-11 	1
86.0 	3.53001e-10 	1.25904e-11 	1
87.0 	3.41654e-10 	1.23518e-11 	1
88.0 	3.30847e-10 	1.20333e-11 	1
