# time 	Initial 	Final 	Iterations
1.0 	3.06677e-06 	4.05073e-11 	3
2.0 	1.65986e-06 	4.63662e-11 	3
3.0 	8.61553e-07 	2.87114e-12 	4
4.0 	5.78684e-07 	9.23612e-11 	3
5.0 	6.48358e-07 	1.87667e-11 	3
6.0 	7.2129e-07 	9.78593e-11 	3
7.0 	7.077e-07 	7.67065e-11 	3
8.0 	6.35364e-07 	7.16823e-11 	3
9.0 	5.75592e-07 	6.41137e-11 	3
10.0 	5.64167e-07 	5.04921e-11 	3
11.0 	5.84394e-07 	3.75287e-11 	3
12.0 	5.93717e-07 	2.96214e-11 	3
13.0 	5.90081e-07 	2.65131e-11 	3
14.0 	5.68845e-07 	2.69839e-11 	3
15.0 	5.37052e-07 	2.88963e-11 	3
16.0 	5.07184e-07 	3.13351e-11 	3
17.0 	4.91061e-07 	3.97314e-11 	3
18.0 	4.79221e-07 	5.37768e-11 	3
19.0 	4.65672e-07 	7.18556e-11 	3
20.0 	4.49517e-07 	8.8406e-11 	3
21.0 	4.35408e-07 	9.91258e-11 	3
22.0 	4.23438e-07 	1.2452e-11 	3
23.0 	4.14903e-07 	9.51101e-11 	3
24.0 	4.09511e-07 	8.72993e-11 	3
25.0 	4.05283e-07 	8.02941e-11 	3
26.0 	4.00993e-07 	7.508e-11 	3
27.0 	3.95966e-07 	7.19726e-11 	3
28.0 	3.9056e-07 	6.94037e-11 	3
29.0 	3.85134e-07 	6.94646e-11 	3
30.0 	3.80042e-07 	7.14637e-11 	3
31.0 	3.75748e-07 	7.2999e-11 	3
32.0 	3.72397e-07 	7.32068e-11 	3
33.0 	3.70103e-07 	7.20425e-11 	3
34.0 	3.68661e-07 	7.05285e-11 	3
35.0 	3.67601e-07 	6.83608e-11 	3
36.0 	3.66565e-07 	6.58107e-11 	3
37.0 	3.65251e-07 	6.31645e-11 	3
38.0 	3.63568e-07 	6.06938e-11 	3
39.0 	3.61591e-07 	5.86009e-11 	3
40.0 	3.59608e-07 	5.68101e-11 	3
41.0 	3.5754e-07 	5.55045e-11 	3
42.0 	3.55442e-07 	5.4945e-11 	3
43.0 	3.53262e-07 	5.50513e-11 	3
44.0 	3.50917e-07 	5.54974e-11 	3
45.0 	3.48129e-07 	5.6458e-11 	3
46.0 	3.44759e-07 	5.78935e-11 	3
47.0 	3.41086e-07 	5.9631e-11 	3
48.0 	3.36948e-07 	6.13858e-11 	3
49.0 	3.32245e-07 	6.29874e-11 	3
50.0 	3.27027e-07 	6.43385e-11 	3
51.0 	3.22006e-07 	6.53755e-11 	3
52.0 	3.17159e-07 	6.60153e-11 	3
53.0 	3.12433e-07 	6.61382e-11 	3
54.0 	3.07834e-07 	6.57883e-11 	3
55.0 	3.03399e-07 	6.49543e-11 	3
56.0 	2.99323e-07 	6.38732e-11 	3
57.0 	2.95954e-07 	6.251e-11 	3
58.0 	2.93407e-07 	6.08114e-11 	3
59.0 	2.91691e-07 	5.8946e-11 	3
60.0 	2.90618e-07 	5.69425e-11 	3
61.0 	2.89848e-07 	5.482e-11 	3
62.0 	2.89385e-07 	5.25318e-11 	3
63.0 	2.8923e-07 	5.01349e-11 	3
64.0 	2.89525e-07 	4.77222e-11 	3
65.0 	2.90212e-07 	4.52204e-11 	3
66.0 	2.91341e-07 	4.28925e-11 	3
67.0 	2.92891e-07 	4.07574e-11 	3
68.0 	2.94967e-07 	3.87505e-11 	3
69.0 	2.9771e-07 	3.71972e-11 	3
70.0 	3.01048e-07 	3.60927e-11 	3
71.0 	3.05001e-07 	3.53005e-11 	3
72.0 	3.0934e-07 	3.47392e-11 	3
73.0 	3.13693e-07 	3.43425e-11 	3
74.0 	3.1851e-07 	3.43312e-11 	3
75.0 	3.23469e-07 	3.47399e-11 	3
76.0 	3.28287e-07 	3.53358e-11 	3
77.0 	3.33169e-07 	3.61019e-11 	3
78.0 	3.38243e-07 	3.70162e-11 	3
79.0 	3.43493e-07 	3.81192e-11 	3
80.0 	3.4886e-07 	3.94566e-11 	3
81.0 	3.54454e-07 	4.09888e-11 	3
82.0 	3.60473e-07 	4.27401e-11 	3
83.0 	3.66799e-07 	4.46165e-11 	3
84.0 	3.73437e-07 	4.65462e-11 	3
85.0 	3.80217e-07 	4.8458e-11 	3
86.0 	3.87448e-07 	5.03141e-11 	3
87.0 	3.94794e-07 	5.20583e-11 	3
88.0 	4.02394e-07 	5.36677e-11 	3
89.0 	4.10095e-07 	5.5136e-11 	3
